Date,Open,High,Low,Close
2006-01-03,23.1961,23.5876,23.0049,23.5693
2006-01-04,23.6058,23.806,23.5238,23.7605
2006-01-05,23.8698,24.0792,23.7514,24.0063
2006-01-06,23.9608,24.589,23.8516,24.5799
2006-01-09,24.5799,24.944,24.4433,24.9349
2006-01-10,24.7619,25.1716,24.7255,24.9986
2006-01-11,24.9895,25.2626,24.8439,25.1079
2006-01-12,25.1079,25.1261,24.8985,25.0715
2006-01-13,24.9622,24.9622,24.4433,24.4979
2006-01-17,24.5525,24.5981,24.2703,24.5981
2006-01-18,24.4433,24.7892,24.416,24.5799
2006-01-19,24.6072,25.1261,24.5525,25.117
2006-01-20,25.1261,25.1261,24.4251,24.4979
2006-01-23,24.5799,24.7619,24.5799,24.6982
2006-01-24,24.6072,25.1625,24.6072,25.0715
2006-01-25,25.0897,25.208,24.8439,25.0259
2006-01-26,25.0259,25.1525,24.853,24.9895
2006-01-27,24.9167,25.4174,24.9167,25.3901
2006-01-30,25.3537,25.4902,25.1443,25.4356
2006-01-31,25.3537,25.4811,25.1261,25.2626
2006-02-01,24.5981,25.3992,24.5434,24.9622
2006-02-02,24.853,24.9895,24.7619,24.9258
2006-02-03,24.7892,24.8074,24.1884,24.68
2006-02-06,24.68,24.7528,24.507,24.7528
2006-02-07,24.7619,24.9713,24.5799,24.6709
2006-02-08,24.5981,24.6072,24.2521,24.6072
2006-02-09,24.3523,24.4433,24.0974,24.2612
2006-02-10,24.2248,24.4433,23.9699,24.2339
2006-02-13,24.0883,24.4797,24.0883,24.3705
2006-02-14,24.5525,24.7073,24.0336,24.7073
2006-02-15,24.7073,24.8894,24.5708,24.8621
2006-02-16,24.8439,25.0259,24.7073,24.9167
2006-02-17,25.035,25.3719,24.8803,25.2808
2006-02-21,25.2262,25.4902,25.1261,25.1989
2006-02-22,25.3173,25.6177,25.0532,25.6086
2006-02-23,25.4174,25.4538,24.9895,25.2353
2006-02-24,25.472,25.4811,25.0532,25.0532
2006-02-27,25.1443,25.3081,24.7801,25.0623
2006-02-28,24.9258,25.0532,24.7801,25.0077
2006-03-01,25.0259,25.2444,24.8074,25.1716
2006-03-02,25.1079,25.1079,24.8621,25.035
2006-03-03,24.8621,24.9076,24.6527,24.7346
2006-03-06,24.8074,25.2444,24.589,25.2262
2006-03-07,25.1534,25.1625,24.7892,24.8985
2006-03-08,24.9258,24.9258,24.4342,24.8985
2006-03-09,24.9349,25.3992,24.8439,25.3992
2006-03-10,25.4811,25.6632,25.1352,25.6632
2006-03-13,25.6541,25.818,25.2444,25.5084
2006-03-14,25.4902,25.6268,25.2717,25.6268
2006-03-15,25.6359,25.8908,25.5904,25.8908
2006-03-16,25.9363,26.1548,25.7178,25.9545
2006-03-17,26.0273,26.2276,25.5539,26.2276
2006-03-20,26.2458,26.2458,25.6996,26.0911
2006-03-21,25.7906,25.9545,25.5084,25.5904
2006-03-22,25.472,25.6996,25.3081,25.6268
2006-03-23,25.5813,25.7906,25.4902,25.645
2006-03-24,25.6086,25.6996,25.4629,25.4902
2006-03-27,25.5357,25.645,25.2353,25.4811
2006-03-28,25.3537,25.6359,25.2717,25.5813
2006-03-29,25.5813,25.9363,25.4993,25.9181
2006-03-30,25.8453,25.8908,25.3173,25.3719
2006-03-31,25.3081,25.8544,25.1716,25.8544
2006-04-03,25.736,25.9181,25.2262,25.3264
2006-04-04,25.3081,25.3992,25.035,25.1898
2006-04-05,25.1898,25.4265,25.1443,25.3264
2006-04-06,25.1261,25.3719,25.1261,25.2626
2006-04-07,25.2171,25.3355,24.8621,25.0168
2006-04-10,24.8985,24.9349,24.6254,24.7801
2006-04-11,24.771,24.8985,24.5981,24.5981
2006-04-12,24.5799,24.9349,24.5799,24.8712
2006-04-13,24.8074,24.8074,24.325,24.4524
2006-04-17,24.3614,24.5252,24.2703,24.4433
2006-04-18,24.3978,25.035,24.3067,25.0077
2006-04-19,25.0259,25.3901,24.9895,25.2626
2006-04-20,25.3264,25.3901,24.8439,25.2626
2006-04-21,25.2444,25.3992,24.9713,25.208
2006-04-24,25.035,25.117,24.771,25.0715
2006-04-25,24.944,24.9986,24.6982,24.7983
2006-04-26,24.6982,24.7619,24.416,24.5799
2006-04-27,24.4979,25.0806,24.3705,24.8803
2006-04-28,24.8074,25.2717,24.5799,24.9622
2006-05-01,24.771,25.0897,24.3796,24.4433
2006-05-02,24.6709,24.7892,23.6695,23.8243
2006-05-03,23.7696,23.9699,23.4601,23.806
2006-05-04,23.6331,23.8516,23.4874,23.7241
2006-05-05,23.7787,24.1975,23.7787,24.1702
2006-05-08,24.2794,24.771,24.1793,24.771
2006-05-09,24.7346,24.7619,24.4433,24.5434
2006-05-10,24.5616,24.6891,24.2703,24.2976
2006-05-11,24.2066,24.3158,23.5693,23.6695
2006-05-12,23.5056,23.5056,22.9321,23.2598
2006-05-15,23.0413,23.7332,22.9412,23.5967
2006-05-16,23.9335,24.152,23.4965,23.4965
2006-05-17,23.3873,23.3873,23.0049,23.096
2006-05-18,23.6058,24.0427,23.2871,23.4419
2006-05-19,23.3964,23.806,23.2416,23.4874
2006-05-22,23.9426,23.979,23.3144,23.5785
2006-05-23,23.7514,24.0427,23.2325,23.2962
2006-05-24,23.3782,23.5785,22.8684,23.2598
2006-05-25,22.9776,23.888,22.9776,23.7878
2006-05-26,23.7787,24.0336,23.624,23.9335
2006-05-30,23.9062,23.9153,23.5785,23.715
2006-05-31,23.7241,23.9153,23.3964,23.806
2006-06-01,23.7969,24.0336,23.7423,23.9426
2006-06-02,24.0336,24.3067,23.8971,24.1247
2006-06-05,24.1247,24.5708,24.0154,24.3067
2006-06-06,24.2612,24.2612,23.624,23.7787
2006-06-07,23.6786,24.0883,23.5693,23.9608
2006-06-08,23.9335,24.0701,23.5147,24.0154
2006-06-09,23.9881,24.2157,23.9426,24.0701
2006-06-12,24.0792,24.0792,23.8516,23.8971
2006-06-13,23.8243,24.1884,23.6604,23.715
2006-06-14,23.5967,23.7605,23.36,23.5056
2006-06-15,23.5602,23.8334,23.542,23.6695
2006-06-16,23.5785,23.8243,23.4874,23.7605
2006-06-19,23.7423,23.7969,23.3873,23.4237
2006-06-20,23.3509,23.6513,23.2598,23.4237
2006-06-21,23.3782,23.8425,23.3236,23.8425
2006-06-22,23.7059,23.8516,23.5147,23.5785
2006-06-23,23.4237,23.5876,23.3327,23.3964
2006-06-26,23.3782,23.7878,23.3782,23.7878
2006-06-27,23.8607,23.8607,23.3873,23.451
2006-06-28,23.4874,23.6786,23.4692,23.6786
2006-06-29,23.7605,24.2885,23.7241,24.2885
2006-06-30,24.3432,24.5981,24.243,24.3432
2006-07-03,24.2976,24.7619,24.0336,24.6709
2006-07-05,24.6254,24.68,24.2703,24.5799
2006-07-06,24.4979,24.589,24.2157,24.3067
2006-07-07,24.325,24.5799,24.1702,24.2885
2006-07-10,24.4069,24.7164,24.3432,24.7164
2006-07-11,24.7164,24.7164,24.3432,24.3887
2006-07-12,24.3067,24.5343,24.2794,24.4888
2006-07-13,24.4615,24.4888,24.1156,24.2612
2006-07-14,24.1793,24.1793,23.8698,24.0336
2006-07-17,23.8971,24.1156,23.8151,24.1156
2006-07-18,24.1793,24.243,23.8334,24.1884
2006-07-19,24.2157,24.9349,24.2157,24.8985
2006-07-20,24.8985,24.8985,24.4706,24.4797
2006-07-21,24.6436,24.6436,24.0974,24.2066
2006-07-24,24.2703,24.7164,24.1884,24.7164
2006-07-25,24.6891,24.8712,24.589,24.7619
2006-07-26,24.68,24.853,24.4979,24.7164
2006-07-27,24.9349,24.9349,24.6436,24.7164
2006-07-28,24.8074,24.9622,24.4888,24.9622
2006-07-31,24.9713,24.9895,24.7164,24.9622
2006-08-01,24.5799,24.8165,24.1429,24.6709
2006-08-02,24.68,24.8439,24.4797,24.68
2006-08-03,24.3978,24.5252,24.152,24.4615
2006-08-04,24.5434,25.2626,24.5434,25.1079
2006-08-07,25.0168,25.563,24.9349,25.3992
2006-08-08,25.3628,25.4902,25.035,25.2171
2006-08-09,25.4265,25.4811,25.1261,25.3537
2006-08-10,25.3537,25.5813,25.035,25.5813
2006-08-11,25.5813,25.5995,25.3992,25.4902
2006-08-14,25.7087,25.9454,25.5813,25.7906
2006-08-15,26.082,26.082,25.8635,26.0182
2006-08-16,26.0911,26.2003,26.0,26.1548
2006-08-17,26.082,26.2276,26.0455,26.1912
2006-08-18,25.9454,26.1639,25.6905,25.8271
2006-08-21,26.0364,26.173,25.7906,26.173
2006-08-22,25.8908,26.3095,25.8908,26.3095
2006-08-23,26.3551,26.3551,25.9818,26.1275
2006-08-24,26.1093,26.2822,26.082,26.2822
2006-08-25,26.2913,26.2913,26.0364,26.1457
2006-08-28,26.082,26.6464,26.0729,26.6464
2006-08-29,26.5827,27.0378,26.5553,27.0287
2006-08-30,27.0014,27.1926,26.9286,27.1926
2006-08-31,27.1471,27.4475,27.138,27.3929
2006-09-01,27.3747,27.3838,27.1562,27.2108
2006-09-05,27.2654,27.5841,27.1016,27.5841
2006-09-06,27.5567,27.666,27.3747,27.402
2006-09-07,27.2654,27.402,26.9377,27.3201
2006-09-08,27.311,27.5659,27.2199,27.5567
2006-09-11,27.5385,27.5932,27.2199,27.5385
2006-09-12,27.6023,27.8117,27.3474,27.757
2006-09-13,27.757,27.8572,27.0834,27.6751
2006-09-14,27.757,27.7843,27.311,27.6296
2006-09-15,27.6296,27.8663,27.575,27.7752
2006-09-18,27.7752,27.8208,27.5294,27.7024
2006-09-19,27.575,27.93,27.4748,27.9209
2006-09-20,27.8754,28.0939,27.4111,27.5659
2006-09-21,27.4839,27.6296,27.1107,27.2199
2006-09-22,27.229,27.575,27.0834,27.575
2006-09-25,27.5112,27.6296,27.3383,27.6296
2006-09-26,27.6205,27.839,27.5021,27.7661
2006-09-27,27.6296,28.1576,27.5294,28.1576
2006-09-28,28.1758,28.2668,27.9573,28.1394
2006-09-29,28.0848,28.4398,28.0488,28.2668
2006-10-02,28.2213,28.4034,27.9027,28.2304
2006-10-03,28.1758,28.4489,28.1303,28.2577
2006-10-04,28.2395,28.5946,28.2122,28.5946
2006-10-05,28.5035,29.0589,28.4398,29.0589
2006-10-06,29.0224,29.1408,28.8039,28.8039
2006-10-09,28.8586,29.8509,28.6401,29.7234
2006-10-10,29.8236,30.0329,29.0224,29.3866
2006-10-11,29.3775,29.6233,29.1317,29.3957
2006-10-12,29.4048,29.6688,29.3593,29.6233
2006-10-13,29.6506,29.7325,29.4958,29.6142
2006-10-16,29.6142,29.8418,29.4958,29.7962
2006-10-17,29.5687,29.7416,29.4412,29.6233
2006-10-18,29.5413,29.6961,29.423,29.6961
2006-10-19,27.8572,29.2045,27.6569,28.9041
2006-10-20,28.4944,28.9041,28.285,28.722
2006-10-23,28.4944,28.9496,28.4671,28.8495
2006-10-24,28.631,28.8586,28.6219,28.722
2006-10-25,28.5399,28.9041,28.5399,28.6856
2006-10-26,28.5673,28.9041,28.5582,28.895
2006-10-27,28.7766,28.8313,28.4671,28.6674
2006-10-30,28.2213,28.5308,28.0516,28.3852
2006-10-31,28.4398,28.6492,28.3306,28.5855
2006-11-01,27.9937,28.2941,27.8481,27.9118
2006-11-02,27.8025,28.2213,27.6319,27.8481
2006-11-03,27.7297,27.9388,27.493,27.6387
2006-11-06,27.5203,27.8754,27.1016,27.402
2006-11-07,27.5841,29.0406,27.3292,29.0406
2006-11-08,28.9769,29.3138,28.7311,29.0406
2006-11-09,28.9223,29.4776,28.9041,29.3593
2006-11-10,29.1317,29.2701,28.8404,29.1317
2006-11-13,28.9132,29.4048,28.9132,29.2864
2006-11-14,29.3775,29.4503,29.159,29.4503
2006-11-15,29.4048,29.5687,29.2864,29.4048
2006-11-16,29.4139,29.6506,29.4139,29.6051
2006-11-17,29.5504,29.7416,29.423,29.7416
2006-11-20,29.86,30.6793,29.8236,30.5883
2006-11-21,30.4517,30.9888,30.2696,30.9888
2006-11-22,31.1345,31.5259,30.9888,31.5259
2006-11-24,31.4531,31.8628,31.4258,31.8082
2006-11-27,31.7353,32.0175,31.353,31.5441
2006-11-28,31.2255,32.3362,31.1709,31.4531
2006-11-29,31.6807,32.3271,31.6807,32.318
2006-11-30,32.4818,33.11,32.236,33.0189
2006-12-01,32.8642,34.4482,32.8187,33.1555
2006-12-04,32.7731,33.5834,32.7185,33.3103
2006-12-05,33.1828,33.7381,33.1191,33.5743
2006-12-06,33.0007,33.5925,32.8824,33.201
2006-12-07,32.7731,33.4195,32.7276,33.0827
2006-12-08,32.8642,33.1819,32.7913,32.9279
2006-12-11,32.9188,33.0872,32.8278,33.0645
2006-12-12,32.8824,33.1646,32.673,32.764
2006-12-13,32.9279,32.9552,32.409,32.7731
2006-12-14,32.6093,32.9916,32.6093,32.764
2006-12-15,32.8642,32.9916,32.5547,32.8369
2006-12-18,32.7003,33.0736,32.4727,32.5455
2006-12-19,32.5182,32.6912,32.1177,32.5547
2006-12-20,32.7731,33.2556,32.7731,33.028
2006-12-21,32.9643,33.2283,32.7458,32.7549
2006-12-22,32.7731,32.8187,32.4181,32.5
2006-12-26,32.5,32.8096,32.4818,32.5455
2006-12-27,32.7276,32.9461,32.6821,32.9097
2006-12-28,32.9552,33.2192,32.7822,33.0462
2006-12-29,33.1373,33.6835,33.0462,33.5196
2007-01-03,33.3194,33.7927,33.1737,33.5925
2007-01-04,33.547,34.3299,33.4013,34.1296
2007-01-05,34.0021,34.3026,34.0021,34.1387
2007-01-08,34.5484,34.9034,34.3026,34.694
2007-01-09,34.4118,34.8761,34.4118,34.8761
2007-01-10,34.867,36.2416,34.7668,35.8047
2007-01-11,35.7773,36.2325,35.6408,35.8047
2007-01-12,35.7773,35.8684,35.6226,35.8502
2007-01-16,35.5042,36.0505,35.5042,35.8684
2007-01-17,35.3768,35.4132,34.603,35.2311
2007-01-18,33.902,35.486,33.902,35.3859
2007-01-19,35.2311,35.5862,34.8124,35.5862
2007-01-22,35.7318,35.7591,35.4951,35.5771
2007-01-23,35.5133,35.9412,35.4769,35.75
2007-01-24,35.4587,36.0454,35.4132,35.6863
2007-01-25,35.6044,36.187,35.5953,36.0596
2007-01-26,36.187,36.187,35.7227,36.1597
2007-01-29,36.4146,36.6695,36.187,36.6695
2007-01-30,36.8243,37.2248,36.6877,37.1611
2007-01-31,36.979,37.6891,36.9062,37.5526
2007-02-01,37.3796,37.5252,37.0701,37.5252
2007-02-02,37.4069,37.4706,37.152,37.4251
2007-02-05,37.7801,37.7801,37.3978,37.4797
2007-02-06,37.6254,37.7255,37.4251,37.5526
2007-02-07,37.507,38.1261,37.416,38.1261
2007-02-08,38.0897,38.3355,37.6618,37.7801
2007-02-09,37.7801,37.7801,36.5147,37.2339
2007-02-12,36.5967,36.8698,35.9958,36.36
2007-02-13,36.3236,36.8698,35.5498,36.6786
2007-02-14,36.6422,36.715,36.1233,36.2598
2007-02-15,36.1688,36.2963,35.7227,35.9594
2007-02-16,35.9594,35.9867,35.5953,35.8866
2007-02-20,35.7409,36.4692,35.7045,36.4419
2007-02-21,36.4146,36.5512,35.7318,35.9503
2007-02-22,36.2143,36.2871,35.0855,35.3586
2007-02-23,35.3313,35.3313,34.2297,34.7122
2007-02-26,34.7031,34.9034,33.839,34.339
2007-02-27,33.5014,33.6835,32.1723,33.2465
2007-02-28,33.3649,34.0385,33.3194,33.4104
2007-03-01,33.0462,33.547,32.2269,33.3012
2007-03-02,33.3649,33.6471,33.0918,33.2465
2007-03-05,32.3362,32.7731,31.8719,31.8992
2007-03-06,32.2269,33.5014,32.2269,33.4013
2007-03-07,33.9839,33.9839,32.937,33.1919
2007-03-08,33.6016,34.2661,33.5834,34.1205
2007-03-09,34.5575,35.1401,34.2479,34.4482
2007-03-12,34.3572,34.8852,34.0477,34.8397
2007-03-13,34.6303,34.6667,33.2647,33.5014
2007-03-14,33.3831,33.6016,32.4272,33.0645
2007-03-15,33.1009,33.5378,32.9188,33.4559
2007-03-16,33.5925,33.5925,33.0645,33.1555
2007-03-19,32.7731,33.5242,32.6548,33.4286
2007-03-20,33.3194,33.4741,33.1282,33.3012
2007-03-21,32.9552,33.7563,32.6821,33.547
2007-03-22,33.5014,33.5834,33.0007,33.3285
2007-03-23,33.2374,33.6744,33.1646,33.4377
2007-03-26,33.5287,33.5652,32.7731,33.2283
2007-03-27,33.2283,33.3558,32.5455,32.6639
2007-03-28,32.6275,32.7913,32.1086,32.5
2007-03-29,32.8187,32.937,32.2269,32.3544
2007-03-30,32.1359,32.8733,32.0904,32.8005
2007-04-02,32.764,33.2829,32.5364,33.201
2007-04-03,33.1373,33.3831,33.0645,33.2283
2007-04-04,33.4104,33.4104,32.9006,33.2101
2007-04-05,33.4013,33.6289,32.9188,33.0007
2007-04-09,32.9097,33.3103,32.8191,33.2465
2007-04-10,33.4104,33.6562,33.3649,33.5014
2007-04-11,33.638,33.729,33.0554,33.374
2007-04-12,33.2556,33.3467,32.7913,32.9552
2007-04-13,32.8369,33.1282,32.7458,33.0554
2007-04-16,33.1373,33.3467,32.9461,33.3012
2007-04-17,33.2374,33.7836,33.1373,33.5561
2007-04-18,33.3467,33.8565,33.2829,33.7108
2007-04-19,35.1401,35.1401,33.4104,33.4832
2007-04-20,32.673,33.4559,32.673,33.2283
2007-04-23,33.0918,33.5743,33.0827,33.4923
2007-04-24,33.547,33.6289,32.8187,33.0098
2007-04-25,33.2283,33.3649,32.5547,32.7276
2007-04-26,32.7731,33.0007,32.5091,32.7185
2007-04-27,32.5,33.0098,32.4272,32.764
2007-04-30,32.6821,32.9006,32.1723,32.2178
2007-05-01,32.409,32.9279,31.0434,31.7353
2007-05-02,31.8628,32.0813,31.5988,31.9993
2007-05-03,31.7444,31.9538,31.535,31.7444
2007-05-04,31.7444,31.7444,31.2255,31.2892
2007-05-07,30.8614,31.3439,30.8614,31.1982
2007-05-08,31.3257,31.535,31.0434,31.3985
2007-05-09,31.271,31.6625,31.18,31.3712
2007-05-10,31.3166,31.3712,30.561,30.6156
2007-05-11,30.8614,31.0343,30.6884,30.8614
2007-05-14,30.5883,30.743,30.1513,30.2878
2007-05-15,30.4062,30.7248,29.9328,29.9601
2007-05-16,29.9601,29.9601,28.9314,29.1954
2007-05-17,29.1317,29.1317,28.5126,28.8768
2007-05-18,28.9132,28.9405,28.2122,28.6765
2007-05-21,28.3579,29.0315,28.2213,28.5764
2007-05-22,28.4671,29.1772,28.4489,28.9587
2007-05-23,29.159,29.2864,28.5582,28.5764
2007-05-24,28.4944,28.6128,27.9391,28.3579
2007-05-25,28.4034,28.6037,28.2304,28.4034
2007-05-29,28.6856,29.6961,28.6856,29.1681
2007-05-30,29.3502,30.215,29.2227,30.0329
2007-05-31,30.2696,30.4881,29.6597,29.7416
2007-06-01,29.8145,29.8873,29.3321,29.5049
2007-06-04,29.0862,29.4867,28.9496,29.3593
2007-06-05,29.3502,29.4412,28.7129,28.722
2007-06-06,28.4944,29.1044,28.3488,28.8039
2007-06-07,28.6037,28.6765,27.6387,27.8025
2007-06-08,27.8481,27.8754,27.41,27.7752
2007-06-11,27.6205,27.6387,26.6828,27.3474
2007-06-12,27.3474,27.9118,26.8649,26.9195
2007-06-13,26.9195,27.3201,26.8922,27.311
2007-06-14,27.1653,27.3838,26.6646,26.8102
2007-06-15,26.9104,27.402,26.8558,27.1016
2007-06-18,27.2654,27.2654,26.3095,26.3642
2007-06-19,26.2185,26.4006,26.0455,26.4006
2007-06-20,26.3915,26.5462,25.9454,26.0273
2007-06-21,25.8726,26.5007,25.5084,26.3551
2007-06-22,26.346,26.5007,26.0364,26.2185
2007-06-25,26.1275,26.3551,25.8908,25.9636
2007-06-26,26.1275,26.2003,25.7178,25.8453
2007-06-27,25.7906,27.0652,25.6723,26.6282
2007-06-28,26.7192,27.0287,26.5371,26.701
2007-06-29,26.7647,27.1835,26.2549,26.3369
2007-07-02,26.4006,27.0378,26.4006,27.0378
2007-07-03,27.2108,27.4293,27.1744,27.3383
2007-07-05,27.6751,27.839,27.3838,27.7206
2007-07-06,27.5112,28.2577,27.2472,28.0757
2007-07-09,27.9846,28.1758,27.8845,28.0392
2007-07-10,27.9482,27.9664,27.3292,27.4202
2007-07-11,27.2654,27.2745,26.4734,27.0834
2007-07-12,27.0834,27.4475,26.9923,27.4111
2007-07-13,27.4839,27.8572,27.2381,27.7934
2007-07-16,27.6205,27.8208,27.2836,27.3292
2007-07-17,27.3565,27.5476,27.0287,27.138
2007-07-18,27.138,27.1835,26.5189,27.1653
2007-07-19,27.0469,27.2836,26.9468,27.1744
2007-07-20,27.1744,27.311,26.6373,26.6464
2007-07-23,26.8558,26.9832,25.7451,25.7451
2007-07-24,25.3081,25.7087,24.8803,24.9895
2007-07-25,25.2444,25.3901,24.325,24.5708
2007-07-26,24.3067,24.4888,23.5874,24.0518
2007-07-27,23.278,24.0427,22.8593,23.451
2007-07-30,24.1247,24.3341,23.7787,23.8789
2007-07-31,24.853,25.3537,24.6436,24.7983
2007-08-01,25.2899,25.3992,23.8607,24.5525
2007-08-02,23.8516,24.6254,23.8516,24.4979
2007-08-03,24.589,24.6618,23.451,23.5238
2007-08-06,23.5511,24.1429,23.0322,24.1429
2007-08-07,24.1793,25.2262,23.8151,24.9804
2007-08-08,25.2626,26.4006,25.1716,26.3551
2007-08-09,25.9363,26.8011,25.1534,25.5539
2007-08-10,25.1534,25.5904,24.3295,25.4083
2007-08-13,25.3901,26.2822,24.3796,24.4251
2007-08-14,24.4251,24.4888,23.8334,23.9426
2007-08-15,23.7514,24.6345,23.4874,23.8971
2007-08-16,23.8516,24.4615,23.3053,23.8971
2007-08-17,25.2171,25.5813,24.5343,25.4447
2007-08-20,25.3264,26.4006,25.2171,25.9363
2007-08-21,25.6905,25.9454,25.4902,25.6905
2007-08-22,26.0091,26.6282,25.9636,26.4461
2007-08-23,26.6191,26.9559,26.2367,26.7192
2007-08-24,26.6555,26.8831,26.4006,26.6373
2007-08-27,26.7465,26.9559,26.5007,26.5736
2007-08-28,26.5371,26.6919,25.563,25.563
2007-08-29,25.7633,26.6282,25.6997,26.6009
2007-08-30,26.5007,27.2563,26.2913,27.2472
2007-08-31,27.2199,28.1576,27.2199,27.6933
2007-09-04,27.7752,28.194,27.5294,27.9573
2007-09-05,27.7479,28.2304,27.4475,27.7115
2007-09-06,27.6478,27.9391,27.4293,27.6933
2007-09-07,27.9209,27.9209,27.138,27.2745
2007-09-10,27.0743,27.6114,26.7374,27.1471
2007-09-11,27.4475,28.7311,27.4475,28.4034
2007-09-12,28.2304,28.5035,28.0939,28.4489
2007-09-13,28.4762,29.1681,28.367,29.1681
2007-09-14,29.0953,30.2696,28.9496,30.2514
2007-09-17,29.9328,30.2423,29.687,30.0967
2007-09-18,29.5869,31.1891,29.5687,30.8433
2007-09-19,30.8523,31.3985,29.4139,30.042
2007-09-20,29.8418,30.1513,29.3046,29.423
2007-09-21,29.5869,30.652,29.3046,29.5869
2007-09-24,29.6597,30.4699,29.4139,30.2423
2007-09-25,30.2059,30.2423,29.7689,29.9055
2007-09-26,29.1954,29.8418,29.1317,29.7962
2007-09-27,29.9055,30.124,29.687,29.9783
2007-09-28,30.042,30.3607,29.6415,30.1968
2007-10-01,30.1877,31.2619,30.1422,31.1527
2007-10-02,31.2983,31.8992,31.0799,31.8537
2007-10-03,30.6156,31.1436,30.5883,30.8705
2007-10-04,30.8705,31.1527,30.7794,31.0252
2007-10-05,31.0526,31.7171,30.8796,31.6534
2007-10-08,31.6625,31.7171,31.0617,31.6443
2007-10-09,31.6443,31.8537,31.3075,31.6807
2007-10-10,31.8082,31.8537,31.4167,31.6261
2007-10-11,31.6716,32.0266,31.5168,31.6352
2007-10-12,31.5168,31.8992,31.4531,31.535
2007-10-15,31.4076,31.5168,30.7885,30.9251
2007-10-16,30.6975,30.6975,30.1877,30.4244
2007-10-17,30.9069,30.9524,29.6688,30.479
2007-10-18,30.2605,30.5427,29.3866,30.1422
2007-10-19,29.951,30.2423,28.9405,28.9496
2007-10-22,28.9041,29.8327,28.4489,29.8327
2007-10-23,30.0785,30.7157,29.951,30.5427
2007-10-24,30.2241,30.5792,29.8054,30.3789
2007-10-25,30.6702,30.8159,30.0238,30.7066
2007-10-26,30.9251,31.2983,30.5336,31.089
2007-10-29,31.3439,31.6971,30.9979,31.1436
2007-10-30,31.3166,31.3985,30.1877,30.7703
2007-10-31,30.9069,31.0434,30.0511,30.9888
2007-11-01,30.2241,30.2241,28.8586,29.0862
2007-11-02,29.3593,29.3593,28.0757,28.3852
2007-11-05,27.8845,28.5126,27.7024,28.1849
2007-11-06,28.1667,28.8677,28.1667,28.722
2007-11-07,28.6674,28.6674,27.7661,27.8572
2007-11-08,27.7661,28.4216,27.575,28.2941
2007-11-09,28.1303,28.6037,27.8025,28.1303
2007-11-12,28.2213,29.1317,27.9755,28.5946
2007-11-13,29.0315,30.3425,28.6947,30.1513
2007-11-14,30.0603,30.9615,29.5778,29.7689
2007-11-15,29.6597,29.86,28.7675,29.2045
2007-11-16,29.4958,29.6688,28.7129,29.5687
2007-11-19,29.5322,29.5322,28.2395,28.2577
2007-11-20,28.2122,29.2045,27.2654,27.7115
2007-11-21,27.6842,28.6765,27.2108,28.4671
2007-11-23,28.4398,29.2227,26.7174,29.0862
2007-11-26,28.7584,29.0953,27.93,27.9937
2007-11-27,28.2213,28.8404,27.9937,28.5855
2007-11-28,28.549,30.4335,28.549,30.2423
2007-11-29,30.0511,30.215,29.5413,30.042
2007-11-30,30.6611,31.1709,30.1149,30.4517
2007-12-03,30.6338,30.6338,29.8236,29.9146
2007-12-04,29.7689,29.7689,28.6492,28.7584
2007-12-05,28.8039,29.9328,28.8039,29.8236
2007-12-06,29.5869,31.444,29.5869,31.3166
2007-12-07,31.617,31.617,31.0799,31.3621
2007-12-10,31.3166,32.0175,31.2073,31.9902
2007-12-11,31.708,32.0813,30.1331,30.1422
2007-12-12,30.9251,31.353,29.5869,29.9146
2007-12-13,29.8691,29.8691,28.9951,29.5869
2007-12-14,29.1772,29.951,28.6674,28.6947
2007-12-17,28.5855,28.6947,27.3292,27.4111
2007-12-18,27.6751,27.9846,26.6738,27.1289
2007-12-19,27.4111,28.4216,27.2199,28.1303
2007-12-20,28.1394,28.9405,28.021,28.9405
2007-12-21,28.9405,29.5869,28.631,29.3229
2007-12-24,29.596,31.4622,29.4139,31.2255
2007-12-26,31.0252,31.4076,30.7248,31.2437
2007-12-27,31.18,31.5259,30.8341,31.1345
2007-12-28,30.9888,31.7262,30.9069,31.2528
2007-12-31,30.9524,31.6625,30.9069,31.6625
2008-01-02,31.353,31.9902,30.7976,31.3166
2008-01-03,31.089,31.3257,29.596,29.687
2008-01-04,29.4685,29.6051,27.9573,28.0757
2008-01-07,28.3761,28.3761,27.4111,28.0301
2008-01-08,28.0392,28.7311,27.0105,27.0378
2008-01-09,26.8376,27.4657,25.6632,27.3292
2008-01-10,27.0105,28.9314,26.4461,28.4216
2008-01-11,27.8025,28.8768,27.5841,28.458
2008-01-14,28.3397,29.1317,27.8845,28.722
2008-01-15,28.367,28.8768,27.7206,28.1485
2008-01-16,27.8208,28.6765,27.8025,28.285
2008-01-17,28.0119,28.5399,27.7024,27.8572
2008-01-18,28.0392,28.3761,26.965,27.4566
2008-01-22,25.736,28.549,25.1807,28.3943
2008-01-23,27.6751,30.8796,27.6751,30.7521
2008-01-24,30.6884,30.8978,29.2409,29.7325
2008-01-25,29.7325,30.1695,28.9223,29.0862
2008-01-28,29.3229,29.4867,27.8025,29.4503
2008-01-29,29.5869,29.9692,28.0939,28.3124
2008-01-30,28.2304,30.042,27.4748,27.5932
2008-01-31,27.5112,27.8481,27.0196,27.6478
2008-02-01,27.5567,28.986,27.2199,28.7675
2008-02-04,28.5673,28.5673,27.7661,28.0939
2008-02-05,27.7661,27.7661,26.4461,26.5007
2008-02-06,26.9013,27.0925,26.173,26.5462
2008-02-07,26.4643,27.7479,26.264,27.7388
2008-02-08,27.2472,28.2213,26.9923,27.4111
2008-02-11,27.311,27.4293,26.5371,26.7101
2008-02-12,25.909,26.9923,25.5357,26.3095
2008-02-13,26.6828,26.9832,25.7815,26.8649
2008-02-14,27.1289,27.311,26.3369,26.3642
2008-02-15,25.9454,27.0743,25.9454,26.9832
2008-02-19,27.0105,27.311,26.264,26.3004
2008-02-20,25.8362,27.1471,25.8362,27.138
2008-02-21,27.311,27.4293,26.0,26.0
2008-02-22,26.0273,26.7283,25.6268,26.7283
2008-02-25,26.8467,27.1289,26.3187,27.0196
2008-02-26,26.8376,27.0925,26.3733,26.8558
2008-02-27,26.4279,27.056,26.4279,26.6373
2008-02-28,26.3551,26.8194,26.346,26.61
2008-02-29,26.3642,26.9832,26.3369,26.5645
2008-03-03,26.7738,26.8467,26.1912,26.7647
2008-03-04,26.701,26.8922,25.9454,26.5918
2008-03-05,26.5462,26.9559,25.9909,26.3369
2008-03-06,26.3095,26.4006,25.0897,25.1534
2008-03-07,25.2626,25.7451,24.3978,25.4447
2008-03-10,24.6163,25.4083,24.6163,25.2171
2008-03-11,25.4083,27.1016,25.4083,26.9923
2008-03-12,27.2654,27.7479,26.346,26.7101
2008-03-13,26.1912,26.7101,25.7087,26.4643
2008-03-14,26.7738,27.8117,26.1275,27.2381
2008-03-17,26.9923,27.8481,26.6919,27.4202
2008-03-18,27.9209,28.6947,27.6205,28.6583
2008-03-19,28.5946,28.9678,27.9846,28.0666
2008-03-20,27.9846,28.9223,27.9482,28.895
2008-03-24,29.9965,30.6156,29.4503,30.1422
2008-03-25,30.1786,30.3516,29.7234,30.3334
2008-03-26,29.8691,31.353,29.86,30.9524
2008-03-27,31.3348,31.5259,30.7976,30.9979
2008-03-28,31.0343,31.0571,29.6142,29.8782
2008-03-31,29.9055,30.9524,29.6324,30.7794
2008-04-01,30.9615,31.5806,30.5154,31.4713
2008-04-02,31.6443,32.0904,30.9069,31.881
2008-04-03,31.8446,32.846,31.617,32.7276
2008-04-04,32.9552,33.2101,32.4909,32.9279
2008-04-07,33.3103,33.3831,32.3908,32.6457
2008-04-08,32.4818,32.8642,32.054,32.3453
2008-04-09,32.5364,32.5364,31.9174,32.0813
2008-04-10,31.9902,33.2738,31.7717,32.8551
2008-04-11,32.7003,32.8642,32.3271,32.5
2008-04-14,32.318,32.9552,32.1086,32.2087
2008-04-15,32.3544,32.8096,32.0357,32.5
2008-04-16,32.8369,33.8292,32.5364,33.8201
2008-04-17,33.6562,34.5028,33.4741,34.3845
2008-04-18,34.5484,35.1401,33.4741,33.811
2008-04-21,33.5652,33.8292,33.2738,33.4377
2008-04-22,33.3194,33.6562,33.0007,33.2738
2008-04-23,33.3558,33.7836,33.0918,33.6926
2008-04-24,33.7927,34.9398,33.547,34.8215
2008-04-25,35.0673,35.2766,34.4755,34.9125
2008-04-28,34.7942,35.1037,34.7122,34.9125
2008-04-29,34.3663,34.3663,33.0007,33.4559
2008-04-30,32.6548,33.6016,32.3817,32.5
2008-05-01,31.9447,32.7094,31.9447,32.5911
2008-05-02,32.7822,33.2192,32.318,32.5
2008-05-05,32.236,32.5911,31.9538,32.3635
2008-05-06,32.1177,32.4363,31.7353,32.4363
2008-05-07,32.5,32.5,31.089,31.2437
2008-05-08,31.2073,31.6534,30.9615,31.353
2008-05-09,31.0617,31.7535,30.7339,31.3894
2008-05-12,31.4713,32.1541,31.3712,32.0722
2008-05-13,32.1359,32.2269,31.6352,31.9629
2008-05-14,32.2542,32.318,31.8901,32.0722
2008-05-15,32.0266,32.6002,31.6716,32.5638
2008-05-16,31.1163,31.799,30.9979,31.5897
2008-05-19,31.535,32.6366,31.535,32.1723
2008-05-20,32.145,32.1996,31.271,31.4258
2008-05-21,31.3348,31.7262,30.4608,30.5245
2008-05-22,30.6065,30.825,30.2787,30.4972
2008-05-23,30.4153,30.8705,30.2605,30.7248
2008-05-27,30.561,31.3712,30.5245,31.18
2008-05-28,31.1436,31.5168,30.8796,31.3712
2008-05-29,31.1709,31.5168,31.0252,31.4895
2008-05-30,31.4713,31.4713,30.9251,31.1891
2008-06-02,31.1254,31.1254,30.5974,30.9524
2008-06-03,31.2801,31.4349,30.652,31.1618
2008-06-04,30.9524,31.4167,30.7976,31.089
2008-06-05,31.2255,32.0722,30.9797,31.9993
2008-06-06,31.2164,31.799,30.5974,30.7339
2008-06-09,30.916,31.18,29.9874,30.0511
2008-06-10,29.7689,30.6975,29.4867,30.4335
2008-06-11,30.3152,30.5336,29.8509,29.8873
2008-06-12,29.951,30.8341,29.951,30.479
2008-06-13,30.7703,31.2801,30.2332,31.2801
2008-06-16,30.9524,31.535,30.6156,31.3985
2008-06-17,31.6807,31.6807,30.0694,30.0967
2008-06-18,29.7143,30.0785,29.3138,29.5778
2008-06-19,29.6961,30.5518,29.4101,30.4244
2008-06-20,30.4608,30.5245,29.5231,29.7871
2008-06-23,29.86,30.2514,29.1772,29.25
2008-06-24,29.1317,29.8236,28.9132,29.3411
2008-06-25,29.6324,30.5427,29.4139,29.7507
2008-06-26,29.4958,30.0147,28.8677,28.9223
2008-06-27,29.0133,29.3775,28.5946,28.6947
2008-06-30,28.4762,29.4776,28.3488,28.9587
2008-07-01,28.722,29.159,28.4489,29.0589
2008-07-02,29.1135,29.5687,28.8131,28.9496
2008-07-03,29.1408,29.3229,28.549,28.6674
2008-07-07,28.895,29.0771,28.0392,28.2122
2008-07-08,28.3306,30.4517,28.1303,29.86
2008-07-09,29.86,30.0238,27.4202,27.757
2008-07-10,27.5659,29.0315,27.5659,28.5582
2008-07-11,28.4944,30.1786,27.8663,29.2227
2008-07-14,29.6415,29.8873,28.2213,28.3488
2008-07-15,28.0483,29.7143,27.6387,28.631
2008-07-16,28.7038,31.0981,28.2577,30.9069
2008-07-17,31.1891,31.9174,30.3789,31.7717
2008-07-18,31.7353,32.2269,31.4531,32.0357
2008-07-21,31.799,32.3362,31.4895,31.9356
2008-07-22,31.617,32.7458,31.2164,32.582
2008-07-23,32.5547,33.3103,31.9993,32.937
2008-07-24,32.8824,33.1191,30.3243,30.7248
2008-07-25,31.0617,31.8355,30.6247,31.444
2008-07-28,31.2255,31.9174,30.7066,30.8523
2008-07-29,30.8159,32.6912,30.4426,32.4181
2008-07-30,33.0007,33.2647,31.6534,32.7003
2008-07-31,32.2178,33.3012,31.9993,32.8369
2008-08-01,33.0918,33.0918,31.8446,32.7094
2008-08-04,33.4013,33.4013,32.2998,32.4636
2008-08-05,32.9279,33.8383,32.6639,33.5196
2008-08-06,30.5792,31.6352,30.2696,31.4713
2008-08-07,30.8887,31.5441,30.8523,31.0799
2008-08-08,31.2346,32.9643,30.9888,32.8096
2008-08-11,32.5182,33.6198,32.3544,33.465
2008-08-12,32.9734,33.0371,31.4531,31.8264
2008-08-13,31.5806,32.0357,31.2619,31.6716
2008-08-14,30.9524,32.3999,30.9524,32.3453
2008-08-15,32.4272,32.937,31.8992,32.1905
2008-08-18,32.673,32.7731,31.617,32.0357
2008-08-19,31.535,31.708,30.916,31.3803
2008-08-20,31.5988,31.9447,31.089,31.7444
2008-08-21,30.9342,31.5988,30.9342,31.1618
2008-08-22,31.5624,32.5547,31.2892,32.2815
2008-08-25,31.9447,32.1541,30.9615,31.0343
2008-08-26,31.0343,31.7262,30.8705,31.7262
2008-08-27,31.617,32.1632,31.3439,32.145
2008-08-28,32.7276,33.3558,32.5547,33.1919
2008-08-29,32.8551,33.5287,32.7185,32.9734
2008-09-02,33.5561,33.729,32.2633,32.8824
2008-09-03,33.0371,33.0462,32.0266,32.764
2008-09-04,32.4818,32.6821,31.2892,31.444
2008-09-05,31.1163,31.2528,30.5518,31.2255
2008-09-08,32.1541,33.0462,31.1436,31.9993
2008-09-09,31.7535,32.4181,30.6975,30.8068
2008-09-10,30.9797,31.7717,30.652,31.2073
2008-09-11,30.825,31.9538,30.388,31.8355
2008-09-12,31.4349,32.2542,31.3985,32.1086
2008-09-15,31.3439,32.3453,30.5154,30.5154
2008-09-16,30.0329,32.7731,29.1317,32.6002
2008-09-17,31.9265,32.3817,30.6793,31.1891
2008-09-18,32.7458,37.5526,30.6611,37.5526
2008-09-19,38.381,38.381,31.9538,36.5329
2008-09-22,35.7773,36.3691,32.3817,33.0554
2008-09-23,33.028,33.7017,32.1177,32.9734
2008-09-24,33.0462,33.5561,32.4545,33.0736
2008-09-25,33.2192,34.5848,32.8278,34.0294
2008-09-26,33.2465,35.9412,32.6411,35.9321
2008-09-29,35.0491,35.6954,32.0904,33.8292
2008-09-30,35.2675,36.7332,34.7031,36.5329
2008-10-01,36.2325,36.2598,34.7122,35.4951
2008-10-02,35.3222,35.5133,34.075,34.5939
2008-10-03,35.395,35.8047,32.1814,32.4272
2008-10-06,29.8418,32.0631,29.7325,30.7248
2008-10-07,30.3607,30.9615,28.6037,28.6947
2008-10-08,28.8222,29.6233,27.056,27.5841
2008-10-09,27.7752,28.5855,25.4083,25.4083
2008-10-10,24.6072,29.6324,23.5967,29.4412
2008-10-13,30.4062,30.9524,26.7374,30.5518
2008-10-14,31.9902,31.9902,26.7829,29.3957
2008-10-15,28.4034,28.8131,24.8165,25.8088
2008-10-16,26.0911,28.1667,24.7528,27.6933
2008-10-17,25.8999,28.9769,25.8908,27.4475
2008-10-20,27.4384,28.5217,26.4279,28.4398
2008-10-21,28.1576,29.2591,27.7479,28.1849
2008-10-22,27.6387,28.3277,25.4265,25.9545
2008-10-23,26.0364,26.9377,23.9745,26.874
2008-10-24,24.9076,26.61,23.7241,24.8348
2008-10-27,24.0701,26.082,23.6149,23.8151
2008-10-28,24.3341,27.6114,22.9321,27.2836
2008-10-29,27.1653,28.6037,25.6814,26.7374
2008-10-30,27.2108,27.5567,25.9363,27.2563
2008-10-31,26.5189,27.4384,25.8362,27.2381
2008-11-03,27.1653,27.2654,24.9713,25.0806
2008-11-04,26.4006,27.4475,25.7724,27.311
2008-11-05,26.9104,27.1107,23.6877,24.3523
2008-11-06,24.0336,24.0336,21.2934,22.3768
2008-11-07,22.7318,24.9622,21.9489,24.5525
2008-11-10,24.8257,25.0806,22.6135,22.9503
2008-11-11,22.6044,22.6044,19.7367,20.9384
2008-11-12,20.1919,21.1478,19.1723,19.2906
2008-11-13,19.7276,22.5315,18.799,21.958
2008-11-14,21.4118,21.7941,19.2724,19.6457
2008-11-17,19.145,19.8642,18.4713,18.9538
2008-11-18,19.0813,19.4545,17.1331,18.1345
2008-11-19,17.8614,18.089,15.7129,16.0224
2008-11-20,15.7948,16.7234,13.8011,14.3838
2008-11-21,14.3109,15.6492,12.9818,15.3852
2008-11-24,16.0588,19.0995,15.0483,18.8901
2008-11-25,19.2997,19.582,17.042,19.1359
2008-11-26,18.6898,19.7822,17.8978,19.6184
2008-11-28,19.8915,19.8915,18.7171,18.8172
2008-12-01,18.2164,18.2164,15.2759,15.813
2008-12-02,16.2227,17.8341,15.7311,17.5518
2008-12-03,16.7962,18.089,16.2773,18.0525
2008-12-04,17.6247,18.5168,16.5869,16.9874
2008-12-05,16.6961,20.1555,16.5595,19.7822
2008-12-08,20.3831,22.4587,20.3193,22.4587
2008-12-09,21.8214,22.6044,20.2101,20.4195
2008-12-10,19.7458,23.3236,19.7458,22.7955
2008-12-11,22.4496,22.5588,18.8172,19.0266
2008-12-12,18.444,20.6653,18.2528,20.6289
2008-12-15,20.5925,21.1114,19.3088,19.9552
2008-12-16,20.1009,23.7969,20.028,23.7878
2008-12-17,23.2143,25.8999,22.2857,25.0077
2008-12-18,24.5799,25.2535,21.6576,22.0672
2008-12-19,22.2766,24.0154,22.2766,23.8334
2008-12-22,23.888,23.9426,21.8488,22.9412
2008-12-23,23.4874,23.4874,22.4587,23.2052
2008-12-24,23.2234,23.6695,22.8866,23.6604
2008-12-26,23.8698,24.2157,23.2598,24.0792
2008-12-29,24.0518,24.0518,22.7136,23.2052
2008-12-30,23.4874,24.3523,23.0504,24.2885
2008-12-31,23.9699,25.4356,23.8425,25.2808
2009-01-02,25.1807,25.2808,23.806,23.9062
2009-01-05,23.6331,24.5708,22.8957,23.2871
2009-01-06,23.5238,24.1247,22.6408,23.4146
2009-01-07,23.2234,23.4237,22.4769,22.6226
2009-01-08,22.3768,22.4769,21.694,22.0217
2009-01-09,22.0764,22.2311,20.292,20.465
2009-01-12,20.3285,20.8656,19.4272,19.7822
2009-01-13,19.4909,20.7654,19.2997,20.5834
2009-01-14,19.8915,20.3011,19.4818,19.7185
2009-01-15,19.7185,21.2752,18.8628,20.6653
2009-01-16,21.1933,21.6758,19.9734,21.1842
2009-01-20,20.8747,21.7304,18.6625,18.8446
2009-01-21,19.2087,21.5119,18.5988,21.1387
2009-01-22,20.5014,21.785,19.764,20.5014
2009-01-23,19.6548,20.7563,19.327,20.6198
2009-01-26,20.729,21.2934,20.028,20.6198
2009-01-27,20.9748,21.4027,20.5287,21.339
2009-01-28,21.9853,24.0336,21.6667,23.806
2009-01-29,22.9594,24.0609,22.1037,22.1947
2009-01-30,22.5042,23.014,20.82,21.2479
2009-02-02,20.7472,21.5392,20.1828,21.3845
2009-02-03,21.694,22.4132,21.0658,22.1583
2009-02-04,22.2402,22.9594,21.8761,21.9398
2009-02-05,21.0021,21.9398,20.6289,20.9293
2009-02-06,21.5757,22.8957,20.9748,22.7318
2009-02-09,22.7318,23.2871,22.3404,23.187
2009-02-10,22.8046,23.187,20.2465,20.374
2009-02-11,20.6744,20.9475,19.3544,20.4832
2009-02-12,19.4545,19.8186,17.9797,19.6184
2009-02-13,19.4181,19.6093,18.2073,18.271
2009-02-17,17.7157,18.1254,16.8964,17.3242
2009-02-18,17.6793,17.9342,16.9328,17.5883
2009-02-19,17.8887,18.18,16.2409,16.5231
2009-02-20,15.9587,18.4076,15.4671,18.353
2009-02-23,18.4258,18.6079,16.8873,16.9601
2009-02-24,17.0784,18.799,17.0784,18.7353
2009-02-25,18.7353,19.409,17.5427,18.4531
2009-02-26,18.7535,19.3635,17.0147,17.1786
2009-02-27,16.8964,17.8341,16.4412,16.6324
2009-03-02,15.9041,16.5322,15.3123,15.5217
2009-03-03,15.5399,16.687,14.3747,15.5854
2009-03-04,16.0042,16.4685,15.5217,15.9405
2009-03-05,15.6492,15.8677,14.5393,14.7115
2009-03-06,14.9118,15.2031,13.5917,14.6387
2009-03-09,14.4111,15.0483,14.0742,14.9755
2009-03-10,15.4671,17.042,15.0756,17.042
2009-03-11,17.2969,17.2969,16.1863,16.5777
2009-03-12,16.6233,18.2164,16.25,18.0616
2009-03-13,18.1527,18.3439,16.596,17.0784
2009-03-16,17.2878,17.6884,15.6674,15.813
2009-03-17,16.0406,17.0511,15.2486,17.0329
2009-03-18,16.8053,17.9251,16.0315,17.8705
2009-03-19,18.18,18.3621,16.778,16.9874
2009-03-20,16.5504,17.1149,15.4034,15.4125
2009-03-23,16.1317,18.353,15.9951,18.3165
2009-03-24,17.5063,18.089,16.4048,16.7416
2009-03-25,17.0784,17.5427,15.3123,16.7416
2009-03-26,16.8509,17.2878,15.2577,16.5595
2009-03-27,16.1408,16.3957,15.6674,15.8039
2009-03-30,15.4307,15.6401,14.9118,14.9846
2009-03-31,15.5217,16.5595,15.2122,16.25
2009-04-01,15.7311,16.2864,15.5399,15.7311
2009-04-02,16.2955,17.2605,15.7857,16.9237
2009-04-03,16.7052,18.4804,16.159,18.3621
2009-04-06,18.1891,18.881,17.57,18.4531
2009-04-07,17.8432,18.271,16.6142,16.6415
2009-04-08,16.8235,17.2696,16.3046,16.8144
2009-04-09,17.1422,19.3999,17.0693,19.2724
2009-04-13,18.7717,19.7822,18.2619,19.3453
2009-04-14,18.7717,19.1632,17.3971,17.5427
2009-04-15,17.4062,19.5182,17.1513,19.3999
2009-04-16,19.1723,20.9202,18.4531,20.0644
2009-04-17,19.9734,20.6107,19.0084,19.8369
2009-04-20,19.1177,19.409,17.5063,17.5791
2009-04-21,17.3698,19.5091,16.9874,19.0539
2009-04-22,18.3985,19.327,18.0616,18.0981
2009-04-23,18.0525,19.4454,17.9342,19.3726
2009-04-24,19.2997,20.465,18.8901,20.0644
2009-04-27,19.6184,20.0462,18.8172,19.4363
2009-04-28,19.2451,20.5925,19.1177,20.0644
2009-04-29,20.3102,21.2843,19.8186,20.9748
2009-04-30,20.4832,20.9839,19.7458,19.9825
2009-05-01,19.6639,19.7003,18.8446,19.0813
2009-05-04,19.1086,21.0567,19.0904,21.0112
2009-05-05,20.3922,20.4468,19.6184,19.9279
2009-05-06,20.0007,20.7017,19.4545,20.2556
2009-05-07,20.6926,20.902,18.9629,19.3544
2009-05-08,19.8004,20.9748,19.2451,20.9202
2009-05-11,20.2829,20.638,19.6639,19.7913
2009-05-12,20.3285,20.3831,19.2542,19.9734
2009-05-13,19.582,19.846,18.9811,19.1177
2009-05-14,19.0904,19.8551,18.6443,19.6275
2009-05-15,19.5,19.6457,18.4531,18.7535
2009-05-18,19.1541,20.5925,18.8992,20.5287
2009-05-19,20.2556,20.6744,19.6912,20.0007
2009-05-20,20.3558,20.7654,19.3726,19.4909
2009-05-21,19.236,19.9825,19.0266,19.6275
2009-05-22,19.7731,20.1737,19.2269,19.236
2009-05-26,19.2542,20.6289,19.0175,20.5287
2009-05-27,20.638,20.6562,19.4363,19.5273
2009-05-28,19.8095,20.4286,19.3999,20.292
2009-05-29,20.3102,21.166,19.8915,21.1478
2009-06-01,21.2115,22.2129,20.8656,21.4118
2009-06-02,21.4846,21.5848,20.729,20.7836
2009-06-03,20.6289,20.9748,20.465,20.9748
2009-06-04,21.1569,21.8943,20.993,21.8306
2009-06-05,22.0399,22.3039,21.0658,21.3663
2009-06-08,21.3116,21.9307,21.1114,21.6303
2009-06-09,21.694,21.7304,21.3481,21.603
2009-06-10,21.8123,21.8488,20.7017,21.1205
2009-06-11,21.0749,21.3845,20.5378,20.638
2009-06-12,20.5925,21.3116,20.4195,21.3116
2009-06-15,21.0658,21.1205,19.4545,19.6548
2009-06-16,19.7913,20.2101,19.2269,19.5182
2009-06-17,19.5182,19.6912,18.881,18.9538
2009-06-18,18.9538,19.2451,18.7535,19.0266
2009-06-19,19.2542,19.2542,18.5897,18.8901
2009-06-22,18.7535,18.8719,17.9069,17.9615
2009-06-23,18.0707,18.4531,17.8887,18.1527
2009-06-24,18.5988,18.9629,18.2983,18.7808
2009-06-25,18.6625,19.1086,18.4349,19.0995
2009-06-26,19.0448,19.3362,18.8446,19.2087
2009-06-29,19.3088,19.3635,18.8901,19.1905
2009-06-30,19.145,19.3726,18.8764,19.2906
2009-07-01,19.3726,19.846,19.2087,19.7276
2009-07-02,19.3999,19.5182,18.5805,18.5805
2009-07-06,18.5714,19.6093,18.5259,19.5637
2009-07-07,19.9643,19.9734,18.9265,18.9902
2009-07-08,19.1541,19.3362,18.3165,18.8719
2009-07-09,19.0448,19.0448,18.3439,18.4076
2009-07-10,18.3256,18.6716,18.0161,18.5441
2009-07-13,18.7353,19.4818,18.4458,19.4636
2009-07-14,19.4363,19.8186,19.0813,19.7094
2009-07-15,19.9188,20.5925,19.7276,20.3558
2009-07-16,20.1737,20.7108,19.8824,20.5287
2009-07-17,20.6107,20.6107,19.9825,20.0644
2009-07-20,20.2374,20.9475,20.2374,20.8838
2009-07-21,20.9657,21.1023,20.3376,20.8656
2009-07-22,20.5925,21.2115,20.5925,20.8656
2009-07-23,20.7563,22.1037,20.6926,21.8214
2009-07-24,21.6849,22.222,21.4573,22.222
2009-07-27,22.049,22.5133,21.9398,22.486
2009-07-28,22.3404,22.7591,22.1219,22.6772
2009-07-29,22.5042,22.6681,22.1037,22.3677
2009-07-30,22.6681,24.2794,22.5771,23.9062
2009-07-31,23.8334,24.1247,23.3418,23.451
2009-08-03,23.7878,24.1156,23.4419,23.888
2009-08-04,23.7969,24.0883,22.8957,24.0701
2009-08-05,22.6135,24.1338,22.5771,24.0336
2009-08-06,24.0883,24.7164,23.6968,24.1429
2009-08-07,24.3158,26.0273,24.3158,25.563
2009-08-10,25.3355,25.6177,24.8985,25.1989
2009-08-11,25.0532,25.3992,24.5571,25.117
2009-08-12,25.0715,25.9363,25.0623,25.6086
2009-08-13,25.7906,26.0637,25.3628,25.6632
2009-08-14,25.4993,25.9636,24.9895,25.9636
2009-08-17,25.2535,25.3081,24.3341,24.3978
2009-08-18,24.4979,24.7801,24.1383,24.5981
2009-08-19,24.2703,24.5343,23.9972,24.4615
2009-08-20,24.4888,25.3537,24.3158,25.2899
2009-08-21,25.5357,26.4916,25.4629,25.909
2009-08-24,26.0911,26.264,25.3264,25.4447
2009-08-25,25.5539,26.0228,25.4447,25.8362
2009-08-26,25.7451,25.9727,25.5174,25.8635
2009-08-27,25.8453,26.7192,25.2626,26.6282
2009-08-28,26.792,26.9377,26.1366,26.5736
2009-08-31,26.4279,26.6373,25.8271,25.9272
2009-09-01,25.7542,25.7997,24.1247,24.1429
2009-09-02,24.1338,24.1338,23.7423,23.7787
2009-09-03,24.0154,24.2521,23.6522,24.2339
2009-09-04,24.243,24.2976,23.6877,24.2521
2009-09-08,24.5799,25.2717,24.3341,25.2626
2009-09-09,25.2353,25.909,25.035,25.8088
2009-09-10,25.7269,25.8999,25.2899,25.8271
2009-09-11,25.909,26.0911,25.299,25.5448
2009-09-14,25.3355,26.2458,25.1807,26.2185
2009-09-15,26.2094,26.8558,25.6541,26.6373
2009-09-16,25.7269,26.9741,25.7269,26.9195
2009-09-17,26.9286,27.8117,26.4097,26.8285
2009-09-18,26.9286,27.4657,26.5553,27.3565
2009-09-21,27.0014,27.3838,26.7647,26.9832
2009-09-22,27.2836,27.9755,27.2199,27.757
2009-09-23,27.8208,27.8572,26.5645,26.5736
2009-09-24,26.7738,27.0014,25.7815,25.9909
2009-09-25,25.9454,26.2913,25.5266,25.9181
2009-09-28,26.082,26.9286,25.9217,26.8922
2009-09-29,26.874,27.1744,26.3095,26.4097
2009-09-30,26.5553,26.6464,25.7906,26.1639
2009-10-01,26.1366,26.3278,25.0988,25.1989
2009-10-02,24.8894,25.5084,24.5252,24.7892
2009-10-05,24.9895,25.4447,24.8621,25.3537
2009-10-06,25.5722,25.8908,24.9713,25.3719
2009-10-07,25.3173,25.563,25.035,25.3901
2009-10-08,25.5904,26.2003,25.5813,26.082
2009-10-09,26.0455,26.701,25.9636,26.701
2009-10-12,26.7829,27.0378,26.5462,26.6555
2009-10-13,26.5462,27.0242,26.3733,26.6828
2009-10-14,27.0743,28.0392,27.0469,27.8936
2009-10-15,27.7206,28.0574,27.6478,27.9755
2009-10-16,27.6387,27.7934,27.3474,27.4293
2009-10-19,27.5932,28.3032,27.4657,28.0392
2009-10-20,27.9391,27.9391,27.1835,27.3929
2009-10-21,27.3201,27.7752,26.8922,26.9104
2009-10-22,26.8376,27.5112,26.4825,27.4475
2009-10-23,27.4748,27.6387,27.1107,27.2745
2009-10-26,27.3383,28.0757,27.311,27.4202
2009-10-27,27.3838,27.7297,27.1835,27.3018
2009-10-28,27.2017,27.6114,26.1548,26.1821
2009-10-29,26.5918,27.5932,26.4188,27.5841
2009-10-30,27.3565,27.5021,26.2367,26.9377
2009-11-02,27.1016,27.7661,26.5189,27.2836
2009-11-03,26.9195,27.3656,26.3824,27.0196
2009-11-04,27.3292,27.3838,25.7906,25.8544
2009-11-05,25.563,26.0182,25.3628,25.8635
2009-11-06,25.5722,25.9181,25.1261,25.2626
2009-11-09,25.5813,26.2731,25.4174,26.264
2009-11-10,26.1821,26.2458,25.6268,26.0182
2009-11-11,26.2549,26.6373,25.9909,26.61
2009-11-12,26.5645,26.7647,26.1366,26.1548
2009-11-13,26.3095,26.7556,26.2094,26.528
2009-11-16,26.7374,27.3201,26.6646,26.9559
2009-11-17,26.874,27.3201,26.7101,26.874
2009-11-18,26.9468,27.402,26.7374,27.3383
2009-11-19,27.2563,27.2563,26.7556,27.1016
2009-11-20,26.965,27.5294,26.8831,27.3383
2009-11-23,27.6478,28.103,27.5294,27.7388
2009-11-24,27.7843,27.9391,27.5112,27.7297
2009-11-25,27.7752,28.0757,27.6933,27.8208
2009-11-27,27.0378,27.6569,26.8376,27.0652
2009-11-30,27.1926,28.631,27.0105,28.4944
2009-12-01,28.6219,29.0589,28.5035,28.7675
2009-12-02,28.7675,29.2773,28.6401,28.986
2009-12-03,29.159,30.2241,29.1135,29.4139
2009-12-04,29.86,30.4517,29.2864,29.8964
2009-12-07,29.8054,29.9601,28.895,29.1499
2009-12-08,28.8404,29.4958,28.7948,28.8859
2009-12-09,28.8768,29.1135,28.6856,28.7311
2009-12-10,28.7766,28.995,28.3488,28.5399
2009-12-11,28.7675,28.7948,28.3032,28.6492
2009-12-14,28.7129,29.0042,28.4853,28.9678
2009-12-15,28.4853,28.6765,28.3032,28.4307
2009-12-16,28.5217,28.7948,28.3124,28.4489
2009-12-17,28.3488,28.4125,27.8936,28.0574
2009-12-18,28.0848,28.1758,27.6933,27.9755
2009-12-21,28.0666,28.3124,27.9573,28.2213
2009-12-22,28.3032,28.4762,28.103,28.3943
2009-12-23,28.367,28.8222,28.2213,28.5855
2009-12-24,28.7493,29.0315,28.631,28.9678
2009-12-28,29.0771,29.2864,28.7766,28.9223
2009-12-29,29.0406,29.068,28.2714,28.3579
2009-12-30,28.285,28.458,28.1485,28.458
2009-12-31,28.458,28.6765,27.7752,27.8025
2010-01-04,28.2486,28.3215,27.3292,27.3747
2010-01-05,27.4657,27.5932,26.874,27.3018
2010-01-06,27.1744,27.5294,27.0378,27.138
2010-01-07,27.1562,27.6114,26.874,27.5112
2010-01-08,27.4384,27.7388,27.4021,27.6933
2010-01-11,27.8208,28.0848,27.7115,28.0028
2010-01-12,27.7843,27.9937,27.3292,27.5294
2010-01-13,27.5841,27.839,27.3974,27.7388
2010-01-14,27.6114,27.7388,27.3383,27.6569
2010-01-15,27.6023,27.7388,27.4475,27.6296
2010-01-19,27.5841,28.5308,27.575,28.4853
2010-01-20,28.3215,28.3215,27.7024,27.9664
2010-01-21,28.0119,28.1303,27.0834,27.138
2010-01-22,27.0925,27.4839,26.6191,26.7192
2010-01-25,27.0469,27.0469,26.3369,26.7283
2010-01-26,26.5189,26.5371,25.8635,25.9272
2010-01-27,25.9363,26.1639,25.4811,26.1457
2010-01-28,26.4097,26.4097,25.736,26.0091
2010-01-29,26.1275,26.2913,25.6359,25.8088
2010-02-01,25.9454,26.5007,25.9272,26.3369
2010-02-02,26.3733,27.0287,26.1093,26.9468
2010-02-03,26.8558,26.8922,26.3915,26.61
2010-02-04,26.437,26.4461,25.2626,25.2808
2010-02-05,25.4174,25.7087,24.8182,25.5175
2010-02-08,25.5813,25.6541,24.7437,24.8348
2010-02-09,24.6345,24.8439,24.3067,24.6345
2010-02-10,24.5799,25.3537,24.4251,25.1079
2010-02-11,25.035,25.5904,24.8712,25.5266
2010-02-12,25.0532,25.2626,24.771,25.0715
2010-02-16,25.4811,26.4097,25.3264,26.346
2010-02-17,26.4916,26.8467,26.4643,26.6737
2010-02-18,26.5553,27.2563,26.437,27.0925
2010-02-19,26.9286,27.3656,26.7374,27.2017
2010-02-22,27.2563,27.2836,26.8102,26.9195
2010-02-23,26.8831,27.0834,26.3733,26.4006
2010-02-24,26.4552,26.7465,26.4006,26.7465
2010-02-25,26.4643,26.5098,26.1639,26.4097
2010-02-26,26.3733,26.528,26.2003,26.2003
2010-03-01,26.3551,26.5553,26.2003,26.437
2010-03-02,26.5462,26.7465,26.4324,26.6282
2010-03-03,26.6464,26.7465,26.4006,26.6191
2010-03-04,26.7283,27.0014,26.5918,26.9377
2010-03-05,27.1289,27.7115,26.8831,27.6751
2010-03-08,27.6478,28.0483,27.5385,27.8025
2010-03-09,27.6205,28.0392,27.5886,27.8299
2010-03-10,27.9118,28.3852,27.6933,28.3124
2010-03-11,28.1667,28.8677,28.0392,28.8313
2010-03-12,28.8768,29.2864,28.8131,29.25
2010-03-15,28.5217,29.3593,28.2395,29.25
2010-03-16,29.2955,30.1513,29.2136,30.0511
2010-03-17,30.2332,30.8523,30.0785,30.7703
2010-03-18,30.388,30.743,30.2514,30.4972
2010-03-19,30.5518,30.7339,30.1058,30.1422
2010-03-22,29.9783,31.0434,29.9055,30.9342
2010-03-23,30.5883,31.0434,30.3971,30.7976
2010-03-24,30.743,31.1618,30.6429,30.8432
2010-03-25,31.0708,31.2892,30.561,30.561
2010-03-26,30.6975,30.9615,30.2423,30.3789
2010-03-29,30.5245,30.6338,29.9965,30.1604
2010-03-30,30.1877,30.4062,30.0694,30.1695
2010-03-31,30.042,30.3243,29.9146,30.042
2010-04-01,30.3334,30.6338,29.8873,30.0056
2010-04-05,30.0876,30.3379,30.0056,30.2969
2010-04-06,30.1877,30.8159,30.042,30.5974
2010-04-07,30.5883,30.5883,29.5778,29.687
2010-04-08,29.5687,29.9146,29.4685,29.8236
2010-04-09,29.9419,30.2787,29.86,30.2787
2010-04-12,30.388,30.4426,29.8691,29.951
2010-04-13,30.0147,30.3197,29.7905,30.1149
2010-04-14,30.1883,30.2787,29.6142,29.6779
2010-04-15,29.6142,29.6688,28.7857,28.8313
2010-04-16,28.7584,29.159,28.3761,28.3761
2010-04-19,28.2122,28.7948,27.9937,28.631
2010-04-20,28.8495,29.0406,28.3488,29.0315
2010-04-21,29.0771,29.5413,28.8768,29.332
2010-04-22,29.068,29.9783,28.895,29.8418
2010-04-23,29.9146,30.1786,29.5778,30.124
2010-04-26,29.9692,30.9524,29.9692,30.6429
2010-04-27,29.9055,30.5063,29.1772,29.2864
2010-04-28,29.5778,29.7234,29.2318,29.3775
2010-04-29,29.1863,30.0238,29.0953,29.9419
2010-04-30,29.8327,30.2605,29.1954,29.2409
2010-05-03,29.4776,30.388,29.3593,30.2241
2010-05-04,29.8145,29.9419,28.9678,29.3229
2010-05-05,28.9587,29.4867,28.5855,28.9496
2010-05-06,28.7857,29.0315,25.9727,28.1394
2010-05-07,27.9755,28.7584,27.2745,28.2395
2010-05-10,29.6961,30.7521,29.4867,30.6975
2010-05-11,30.2878,31.1436,30.1695,30.7339
2010-05-12,30.7248,31.0571,30.5245,30.9342
2010-05-13,30.7794,31.007,30.4426,30.4699
2010-05-14,30.1331,30.3334,29.3138,29.6688
2010-05-17,29.8509,30.2423,28.8586,29.7052
2010-05-18,30.0603,30.1877,28.895,28.9951
2010-05-19,28.8404,29.3957,28.1667,28.8039
2010-05-20,28.0119,28.3761,27.2836,27.3201
2010-05-21,26.4279,28.3306,26.4279,28.2577
2010-05-24,28.4034,28.6037,27.7388,27.8025
2010-05-25,27.1198,28.1576,26.8011,28.0666
2010-05-26,28.458,28.8131,27.8481,27.9755
2010-05-27,28.5308,29.6051,28.3032,29.5596
2010-05-28,29.4321,29.7325,28.9314,29.0042
2010-06-01,28.7129,29.2318,28.4853,28.5399
2010-06-02,28.7948,29.423,28.2577,29.4139
2010-06-03,29.3593,29.4685,28.8222,28.9496
2010-06-04,28.1121,28.6492,27.3656,27.4748
2010-06-07,27.6205,28.0939,27.4293,27.4475
2010-06-08,27.5203,28.3215,27.0378,28.2759
2010-06-09,28.4034,29.068,28.0301,28.1576
2010-06-10,28.549,29.596,28.549,29.5504
2010-06-11,29.1499,29.9601,29.0862,29.9055
2010-06-14,30.1604,30.5701,29.9237,30.4426
2010-06-15,30.6065,31.3075,30.4426,31.271
2010-06-16,30.9433,31.3166,30.8796,31.1254
2010-06-17,31.1345,31.4076,30.8068,31.271
2010-06-18,30.0147,30.0876,29.7689,29.7871
2010-06-21,30.3698,30.3698,29.4594,29.5869
2010-06-22,29.6233,29.8327,28.9678,29.1772
2010-06-23,29.159,29.6688,28.7766,29.5049
2010-06-24,29.2773,29.6415,29.0224,29.1681
2010-06-25,29.4048,30.0511,29.159,29.8145
2010-06-28,29.9601,29.9783,29.4867,29.5778
2010-06-29,29.1863,29.8782,28.9314,29.3593
2010-06-30,29.4867,30.0876,29.2773,29.3593
2010-07-01,29.2318,29.5231,28.5399,29.25
2010-07-02,29.4594,29.4594,28.7994,28.9041
2010-07-06,29.4594,29.7416,28.2941,28.6037
2010-07-07,28.722,29.9146,28.6947,29.8964
2010-07-08,30.1877,30.3607,29.4503,29.8873
2010-07-09,29.8873,30.5154,29.6415,30.5063
2010-07-12,30.4335,30.7521,30.1513,30.5427
2010-07-13,30.8887,31.3712,30.7794,31.2528
2010-07-14,31.007,31.4076,30.5883,31.2255
2010-07-15,31.2255,31.2255,30.5336,31.1163
2010-07-16,30.7976,31.1163,30.2696,30.4608
2010-07-19,30.5792,31.2392,30.1149,31.0434
2010-07-20,30.7157,31.6716,30.5518,31.5806
2010-07-21,31.617,31.7626,30.6065,30.7157
2010-07-22,31.1345,32.0448,31.1072,31.8264
2010-07-23,31.6352,32.054,31.2528,31.9811
2010-07-26,31.799,32.764,31.799,32.7185
2010-07-27,32.8733,33.0554,32.145,32.3908
2010-07-28,32.1086,32.5091,31.9083,32.1359
2010-07-29,32.318,32.4454,31.6898,32.1359
2010-07-30,31.7899,32.4181,31.6625,32.2906
2010-08-02,32.9097,33.5561,32.7731,33.4923
2010-08-03,32.9097,33.4286,32.6639,32.8824
2010-08-04,32.9188,33.3967,32.8278,33.1919
2010-08-05,31.881,32.3908,31.8082,32.0995
2010-08-06,31.708,32.1905,31.5077,32.1359
2010-08-09,32.4181,32.5,32.2087,32.4272
2010-08-10,32.0357,32.3999,31.881,32.0631
2010-08-11,31.6079,31.9447,31.2983,31.6716
2010-08-12,31.2619,31.6807,31.1527,31.3166
2010-08-13,31.271,31.6625,31.2346,31.4167
2010-08-16,31.271,31.7444,31.2237,31.444
2010-08-17,31.6898,32.1905,31.4713,32.0448
2010-08-18,32.2269,32.2451,31.6352,31.7262
2010-08-19,31.617,31.6898,30.8068,31.1072
2010-08-20,30.8978,31.1754,30.7521,31.1254
2010-08-23,31.2346,31.3984,30.9797,31.0343
2010-08-24,30.6793,31.0252,30.3789,30.7885
2010-08-25,30.6338,31.444,30.5883,31.353
2010-08-26,31.444,31.8082,31.1709,31.2346
2010-08-27,31.4895,32.0084,30.8068,31.9629
2010-08-30,31.8992,32.673,31.7808,32.1814
2010-08-31,32.1541,32.3999,31.8447,32.0631
2010-09-01,32.5547,33.3285,32.3817,33.201
2010-09-02,33.2556,33.5652,33.1464,33.4468
2010-09-03,33.7563,34.0021,33.3831,33.9566
2010-09-07,33.6016,33.7927,33.201,33.2101
2010-09-08,33.2647,33.5925,33.2465,33.4468
2010-09-09,33.9293,34.0112,32.9051,33.0371
2010-09-10,33.0371,33.2647,32.8369,33.1828
2010-09-13,33.5561,33.6835,33.2374,33.6289
2010-09-14,33.4559,33.7563,33.3294,33.5561
2010-09-15,33.4832,33.8656,33.2192,33.7472
2010-09-16,33.7108,33.7199,33.2465,33.4286
2010-09-17,33.5105,33.7836,33.2829,33.7836
2010-09-20,33.902,34.6394,33.7836,34.5666
2010-09-21,34.4391,34.603,33.4104,33.5378
2010-09-22,33.5014,33.6653,32.9825,33.201
2010-09-23,32.9279,33.201,32.2998,32.3362
2010-09-24,32.7822,33.5105,32.6457,33.374
2010-09-27,33.3831,33.4468,32.8278,32.8915
2010-09-28,32.8824,33.028,32.3635,32.9734
2010-09-29,32.846,32.9006,32.5,32.7185
2010-09-30,32.9279,33.2465,32.5,32.7549
2010-10-01,33.0554,33.0827,32.1632,32.6366
2010-10-04,32.5273,32.6639,32.3362,32.5455
2010-10-05,32.8551,33.201,32.5638,32.9825
2010-10-06,32.9734,33.1919,32.7822,33.1646
2010-10-07,33.2829,33.374,32.9734,33.0462
2010-10-08,33.1373,33.201,32.9097,33.0462
2010-10-11,33.0371,33.2374,32.8278,32.8915
2010-10-12,32.7731,33.1646,32.6639,33.0918
2010-10-13,33.2829,33.7745,33.1373,33.4286
2010-10-14,33.374,33.4286,32.9643,33.0827
2010-10-15,33.2738,33.3012,32.846,33.0371
2010-10-18,33.0371,33.5378,32.9188,33.5378
2010-10-19,33.0462,33.6562,32.9643,33.374
2010-10-20,33.4923,34.2752,33.4286,33.9202
2010-10-21,34.0932,34.2115,33.638,33.8474
2010-10-22,34.0294,34.0294,33.0371,33.11
2010-10-25,33.4286,33.8383,33.2647,33.7745
2010-10-26,33.5105,33.7836,33.3922,33.5834
2010-10-27,33.3558,33.6289,32.6821,32.8369
2010-10-28,32.9643,33.2283,32.4363,32.7276
2010-10-29,32.6093,32.937,32.5956,32.7822
2010-11-01,33.0098,33.3103,32.7913,33.0736
2010-11-02,33.3376,33.4286,32.8642,33.4104
2010-11-03,32.7822,32.8915,32.0904,32.7731
2010-11-04,32.8824,33.0827,32.4636,33.0462
2010-11-05,33.0554,33.4104,32.8278,33.1282
2010-11-08,32.9552,33.0645,32.5273,32.8005
2010-11-09,32.8369,32.9916,30.7339,31.0343
2010-11-10,31.1709,31.6443,31.1436,31.5441
2010-11-11,31.2346,31.535,31.0708,31.0799
2010-11-12,30.9706,31.3621,30.7157,30.743
2010-11-15,30.9797,31.0343,30.1604,30.2059
2010-11-16,29.9783,30.0056,29.0224,29.2227
2010-11-17,29.2773,29.7507,29.2045,29.514
2010-11-18,29.9146,30.0876,29.5596,29.7052
2010-11-19,29.4685,29.7688,29.2955,29.6415
2010-11-22,29.9692,29.9783,29.596,29.7507
2010-11-23,29.514,29.5231,29.2955,29.3684
2010-11-24,29.6506,30.0329,29.596,29.9783
2010-11-26,29.6324,30.124,29.6142,29.8054
2010-11-29,29.596,30.0329,29.3684,29.9237
2010-11-30,29.5778,30.2742,29.514,29.9783
2010-12-01,30.2605,30.2605,29.6688,29.9601
2010-12-02,30.042,30.7339,29.9282,30.6884
2010-12-03,30.5701,30.6429,30.2332,30.5701
2010-12-06,30.4426,30.7248,30.042,30.5154
2010-12-07,30.8341,31.098,30.6975,30.7248
2010-12-08,30.6793,30.9615,29.6825,29.9237
2010-12-09,30.0329,30.1604,29.423,29.4503
2010-12-10,29.4503,29.7371,29.4321,29.4594
2010-12-13,29.6688,29.7689,29.4867,29.6051
2010-12-14,29.0315,30.9706,29.0133,30.0056
2010-12-15,30.2969,31.2164,30.0694,30.9888
2010-12-16,31.4986,31.5624,30.9251,31.1345
2010-12-17,31.2164,31.6352,31.1163,31.6261
2010-12-20,31.7808,32.0813,31.7353,31.9902
2010-12-21,32.5364,32.6184,31.9993,32.409
2010-12-22,32.5091,32.7913,32.4181,32.7731
2010-12-23,32.7549,33.028,32.6548,32.7549
2010-12-27,32.7276,33.4559,32.6821,33.4195
2010-12-28,33.4468,33.7745,33.2283,33.5652
2010-12-29,33.7017,33.7017,33.0599,33.3467
2010-12-30,33.3831,33.5834,33.1737,33.5105
2010-12-31,33.4468,33.6926,33.4377,33.4923
2011-01-03,33.5834,34.1114,33.4286,34.0385
2011-01-04,34.2024,34.3481,33.5105,33.8474
2011-01-05,33.638,33.9293,33.5287,33.9111
2011-01-06,33.7563,33.9839,33.2647,33.3922
2011-01-07,33.5105,33.6744,32.846,33.2101
2011-01-10,32.9916,33.2192,32.7913,32.9552
2011-01-11,33.0189,33.3376,32.7003,33.1282
2011-01-12,32.7731,33.0189,32.6002,32.8278
2011-01-13,32.8187,33.1282,32.7731,33.11
2011-01-14,32.9825,33.2465,32.8187,32.9825
2011-01-18,32.9279,33.1373,32.7913,32.9734
2011-01-19,32.6821,32.9825,32.6002,32.7276
2011-01-20,32.8278,33.3876,32.7731,32.8915
2011-01-21,32.9643,33.0645,32.6275,32.7094
2011-01-24,32.764,32.9552,32.7185,32.8187
2011-01-25,32.8096,33.292,32.6912,33.2283
2011-01-26,33.3467,33.6926,33.1373,33.2192
2011-01-27,33.3558,33.7563,33.1737,33.6471
2011-01-28,33.7563,34.1751,33.2556,33.2738
2011-01-31,33.4013,34.1296,33.4013,33.7654
2011-02-01,33.9748,34.0021,33.4741,33.8656
2011-02-02,33.7745,34.0294,33.6653,33.7199
2011-02-03,33.7199,34.0203,33.638,33.9657
2011-02-04,33.9748,33.9748,33.3376,33.4741
2011-02-07,33.638,33.902,33.5196,33.6926
2011-02-08,33.4104,33.7472,33.2829,33.5287
2011-02-09,33.3922,33.5378,33.2101,33.3649
2011-02-10,33.2192,33.5652,33.2192,33.4286
2011-02-11,33.3922,33.5925,33.1828,33.5743
2011-02-14,33.6107,34.0568,33.5834,33.8929
2011-02-15,33.8019,34.4755,33.6835,34.1569
2011-02-16,34.2297,34.6849,34.1023,34.1023
2011-02-17,34.0294,34.0659,33.5014,33.5652
2011-02-18,33.6107,33.9566,33.5378,33.8565
2011-02-22,33.4468,33.7745,33.374,33.4559
2011-02-23,33.5105,34.0112,33.4559,33.4923
2011-02-24,33.4286,33.6289,33.2283,33.3376
2011-02-25,33.4559,33.7472,33.4286,33.7199
2011-02-28,33.9748,34.7759,33.7836,34.5939
2011-03-01,34.6576,34.6576,33.2101,33.2465
2011-03-02,33.1464,33.4377,32.9006,33.1737
2011-03-03,33.4468,33.8019,33.3831,33.8019
2011-03-04,33.7381,33.7836,33.3467,33.6289
2011-03-07,33.7017,33.8838,33.1828,33.4195
2011-03-08,33.4286,34.1569,33.4286,34.0932
2011-03-09,33.9475,34.3663,33.7745,34.2934
2011-03-10,33.8747,34.075,33.8383,33.9111
2011-03-11,33.6744,34.6758,33.6744,34.6121
2011-03-14,34.4118,34.5848,34.0932,34.3572
2011-03-15,33.465,34.4846,33.465,34.2024
2011-03-16,34.0932,34.1933,33.1282,33.4195
2011-03-17,33.8201,33.9202,33.3194,33.7381
2011-03-18,34.2115,34.5666,34.075,34.4573
2011-03-21,34.8488,34.8579,34.2206,34.2297
2011-03-22,33.5652,33.7563,33.3831,33.7563
2011-03-23,33.5561,33.6835,33.292,33.547
2011-03-24,33.6653,33.6835,33.374,33.4923
2011-03-25,33.5287,33.5834,33.2738,33.4377
2011-03-28,33.4923,33.6744,33.4013,33.5378
2011-03-29,33.4377,33.7563,33.1373,33.6926
2011-03-30,33.811,34.4346,33.638,34.4118
2011-03-31,34.3936,34.5848,34.2206,34.5392
2011-04-01,34.7122,34.8215,34.1387,34.3481
2011-04-04,34.4573,34.5848,34.3208,34.4118
2011-04-05,34.3936,34.6849,34.2115,34.3481
2011-04-06,34.4482,34.5119,34.1023,34.1933
2011-04-07,34.1114,34.2934,33.6926,33.9566
2011-04-08,34.2297,34.2752,33.7381,33.8474
2011-04-11,33.8747,34.1751,33.6835,33.7199
2011-04-12,33.6835,34.0477,33.6198,33.638
2011-04-13,33.7017,33.811,33.4104,33.4741
2011-04-14,33.465,34.1751,33.4104,34.1387
2011-04-15,34.2297,34.6576,34.1478,34.6212
2011-04-18,34.2479,34.3481,33.9748,34.2479
2011-04-19,34.257,34.521,34.1933,34.4846
2011-04-20,34.8306,34.8397,34.521,34.8124
2011-04-21,34.8397,35.1765,34.4664,35.131
2011-04-25,35.131,35.7044,34.8579,35.5133
2011-04-26,35.75,36.0596,35.4496,35.9503
2011-04-27,36.0869,36.4601,35.9412,36.4328
2011-04-28,36.3873,37.0974,36.3327,36.9608
2011-04-29,36.8243,36.8334,35.6408,36.0687
2011-05-02,36.2963,36.4237,36.0049,36.1961
2011-05-03,36.0687,36.1415,35.1856,35.5589
2011-05-04,35.6226,35.6226,34.867,35.2038
2011-05-05,34.6758,34.9489,34.166,34.7031
2011-05-06,35.0126,35.1947,34.1751,34.3572
2011-05-09,34.3936,34.43,34.0932,34.1569
2011-05-10,34.2934,34.6303,34.1842,34.4391
2011-05-11,34.3026,34.4209,33.8974,33.9657
2011-05-12,33.9566,34.3572,33.6926,34.257
2011-05-13,34.1751,34.2297,33.4377,33.5014
2011-05-16,33.3922,33.6835,33.2283,33.5105
2011-05-17,33.3831,33.6471,33.3558,33.6471
2011-05-18,33.6835,33.9202,33.3467,33.7745
2011-05-19,33.9566,33.9839,33.5743,33.8383
2011-05-20,33.7381,33.811,33.4104,33.6471
2011-05-23,33.2465,33.6562,33.1646,33.3558
2011-05-24,33.5196,33.638,33.3285,33.5561
2011-05-25,33.4741,33.6289,33.0189,33.4468
2011-05-26,33.3194,33.8019,33.1009,33.7745
2011-05-27,33.811,33.9475,33.6198,33.8838
2011-05-31,34.1387,34.5575,33.9475,34.5392
2011-06-01,34.3845,34.4664,33.5287,33.5561
2011-06-02,33.7836,34.0659,33.4832,33.5014
2011-06-03,33.1464,33.7654,33.1191,33.5743
2011-06-06,33.6107,33.6198,33.0645,33.1009
2011-06-07,33.2647,33.3831,33.0645,33.1646
2011-06-08,33.1009,33.4559,33.028,33.201
2011-06-09,33.2647,33.3558,32.7276,32.7913
2011-06-10,32.6548,32.7822,31.8628,31.8901
2011-06-13,32.054,32.4454,31.9538,32.4181
2011-06-14,32.6639,33.1191,32.4727,33.11
2011-06-15,32.8915,33.1009,32.3999,32.7185
2011-06-16,32.7822,33.5105,32.7185,33.4013
2011-06-17,33.6653,34.0021,33.3376,33.7654
2011-06-20,33.7108,34.4573,33.6744,34.3299
2011-06-21,34.43,34.4755,33.9202,34.4573
2011-06-22,34.4118,34.694,34.2115,34.2843
2011-06-23,33.8838,33.8838,33.0736,33.2556
2011-06-24,33.3103,33.374,33.0371,33.2738
2011-06-27,33.3285,33.4923,33.1373,33.3467
2011-06-28,33.3467,33.4923,33.1054,33.4013
2011-06-29,33.5925,33.7654,33.3558,33.6198
2011-06-30,33.7745,33.7745,33.2647,33.4013
2011-07-01,33.4741,33.9657,33.3649,33.8929
2011-07-05,33.7836,34.1933,33.5925,34.1387
2011-07-06,34.0385,34.3117,33.8929,34.3026
2011-07-07,34.6303,34.7759,34.4846,34.694
2011-07-08,34.3299,34.8033,34.1023,34.7759
2011-07-11,34.339,34.4209,33.9384,34.0021
2011-07-12,33.8565,34.6667,33.7108,34.257
2011-07-13,34.4209,34.4482,34.075,34.1569
2011-07-14,34.2934,34.3117,33.6744,33.7199
2011-07-15,33.8747,34.1478,33.6562,34.1023
2011-07-18,34.0385,34.0659,33.5652,33.8383
2011-07-19,34.0477,34.2752,33.9202,34.1387
2011-07-20,34.2024,34.3572,34.0568,34.2752
2011-07-21,34.5484,34.7714,34.2752,34.4209
2011-07-22,34.5028,34.6394,34.339,34.5119
2011-07-25,34.1478,34.2752,33.811,33.9475
2011-07-26,33.8474,34.166,33.6562,34.1569
2011-07-27,34.0294,34.1296,33.3194,33.3285
2011-07-28,33.3558,33.6016,33.0462,33.3649
2011-07-29,33.11,33.5743,32.9188,33.4377
2011-08-01,31.8446,32.318,31.1436,31.535
2011-08-02,31.3439,31.708,31.1982,31.3803
2011-08-03,31.3621,31.4986,30.3061,31.3712
2011-08-04,30.6429,30.9342,29.4412,29.5322
2011-08-05,29.86,29.9055,28.631,29.1408
2011-08-08,28.2668,28.5582,26.1821,26.1912
2011-08-09,26.5736,29.4867,26.3733,29.4594
2011-08-10,27.2108,30.0329,26.8649,28.6219
2011-08-11,28.8313,29.9965,28.5855,29.6233
2011-08-12,29.8418,30.4972,29.7325,30.1877
2011-08-15,30.4335,31.708,30.3243,31.708
2011-08-16,31.2619,31.6079,30.9524,31.3621
2011-08-17,31.535,31.8264,31.2119,31.5897
2011-08-18,30.479,30.8796,29.9328,30.4153
2011-08-19,30.0967,30.7248,29.9601,30.2514
2011-08-22,31.0252,31.0526,29.8509,30.561
2011-08-23,30.8068,31.5077,30.388,31.5077
2011-08-24,31.444,32.3089,31.3302,32.236
2011-08-25,32.3817,32.7003,31.5897,31.8628
2011-08-26,31.617,32.5547,31.1436,32.5455
2011-08-29,33.0007,33.4559,32.7367,33.4377
2011-08-30,33.374,33.7654,32.8915,33.5925
2011-08-31,33.811,34.0203,33.3558,33.9384
2011-09-01,33.9657,33.993,33.0007,33.0462
2011-09-02,32.3635,33.1009,32.2998,32.3544
2011-09-06,31.353,32.409,31.353,32.2998
2011-09-07,32.8551,33.8474,32.2906,33.8292
2011-09-08,33.4923,33.7654,32.8278,32.8369
2011-09-09,32.4454,32.8278,31.5715,31.8082
2011-09-12,31.3348,32.2633,31.3348,32.2542
2011-09-13,32.2633,32.409,31.8628,32.2998
2011-09-14,32.4636,32.8005,31.8582,32.6639
2011-09-15,33.0189,33.4468,32.7458,33.4468
2011-09-16,33.6198,34.1205,33.2283,34.0659
2011-09-19,33.4013,33.9202,33.3558,33.6198
2011-09-20,33.7654,34.4937,33.5925,34.1842
2011-09-21,34.1478,34.2108,32.2815,32.2998
2011-09-22,31.4713,32.1996,31.2437,31.8537
2011-09-23,31.6443,32.1996,31.5168,31.9993
2011-09-26,32.3544,32.7458,31.8901,32.6821
2011-09-27,33.4286,33.4741,32.5547,32.7549
2011-09-28,32.7549,32.8915,31.6989,31.7353
2011-09-29,32.409,32.764,32.0084,32.764
2011-09-30,32.0813,32.5911,31.8992,31.9174
2011-10-03,31.7535,32.1723,30.7612,30.7976
2011-10-04,30.3061,31.7808,29.7325,31.7262
2011-10-05,31.708,32.145,30.7885,31.881
2011-10-06,31.7171,32.5729,31.4349,32.5729
2011-10-07,32.8551,32.8551,31.799,32.054
2011-10-10,32.764,33.8565,32.4363,33.8292
2011-10-11,33.5561,33.6107,32.9916,33.1373
2011-10-12,33.4832,33.6744,33.0098,33.2101
2011-10-13,33.0098,33.0098,32.1541,32.5455
2011-10-14,33.2374,33.2374,32.7913,33.1646
2011-10-17,32.8733,33.0645,32.4545,32.5182
2011-10-18,32.6002,33.6289,32.5182,33.547
2011-10-19,33.5378,33.8747,33.1464,33.2101
2011-10-20,33.2101,33.6744,32.6639,33.6198
2011-10-21,34.1387,34.7486,33.902,34.5666
2011-10-24,34.5666,35.0308,34.5028,34.9398
2011-10-25,34.7122,34.8761,34.2206,34.3845
2011-10-26,34.8306,35.0126,34.257,34.6849
2011-10-27,35.5406,36.278,35.0035,36.1142
2011-10-28,36.2052,36.6513,35.9594,36.5876
2011-10-31,36.3873,37.2066,35.8684,36.278
2011-11-01,35.1037,35.9776,35.0399,35.2493
2011-11-02,35.9776,36.014,35.1947,35.6863
2011-11-03,35.6135,36.0505,34.9307,35.9412
2011-11-04,35.6499,35.6499,34.4846,34.603
2011-11-07,34.7577,35.1674,34.3936,34.8033
2011-11-08,34.958,35.3222,34.3754,35.2949
2011-11-09,34.5484,34.7031,34.0112,34.1387
2011-11-10,34.6667,34.6849,33.9202,34.3299
2011-11-11,34.8215,35.5498,34.6121,35.3768
2011-11-14,35.1401,35.3586,34.4528,34.6212
2011-11-15,34.5028,35.0126,34.2661,34.7942
2011-11-16,34.4937,35.0946,34.3481,34.6485
2011-11-17,34.5392,34.7304,33.8747,34.0294
2011-11-18,34.2661,34.3936,33.8201,34.339
2011-11-21,33.7836,33.8747,33.1783,33.4286
2011-11-22,33.5196,33.8067,33.1555,33.5105
2011-11-23,33.2283,33.3285,32.6457,32.7094
2011-11-25,32.7185,33.4104,32.6184,32.8551
2011-11-28,33.7199,33.902,33.2829,33.547
2011-11-29,33.7108,33.8292,33.3649,33.465
2011-11-30,34.5939,35.222,34.2752,35.1856
2011-12-01,35.0673,35.0673,34.4664,34.6667
2011-12-02,34.9034,35.09,34.2479,34.3117
2011-12-05,34.7759,34.8124,34.1296,34.4027
2011-12-06,34.4027,34.7395,34.2479,34.5939
2011-12-07,34.5028,35.222,34.2661,35.0217
2011-12-08,34.8488,34.9307,34.43,34.5757
2011-12-09,34.8033,35.4951,34.7168,35.3313
2011-12-12,35.0308,35.0308,34.4209,34.8397
2011-12-13,35.1037,35.3586,34.5939,34.8124
2011-12-14,34.6758,35.5224,34.5947,35.131
2011-12-15,35.4678,35.5862,35.222,35.4132
2011-12-16,35.6135,36.096,35.4405,35.5133
2011-12-19,35.7045,35.7227,35.0855,35.1401
2011-12-20,35.5862,36.2963,35.4678,36.1233
2011-12-21,36.1961,36.5147,35.8957,36.4601
2011-12-22,36.6422,37.1702,36.5748,37.1156
2011-12-23,37.3068,37.5526,37.1338,37.4888
2011-12-27,37.4524,38.1443,37.2248,37.9258
2011-12-28,38.0259,38.117,37.5799,37.6891
2011-12-29,37.8166,38.1762,37.5708,38.0168
2011-12-30,38.0806,38.2171,37.7164,37.7164
2012-01-03,38.1807,38.6177,37.8803,38.1261
2012-01-04,37.8348,37.8712,36.7423,36.7423
2012-01-05,36.6422,37.0154,36.5785,36.8243
2012-01-06,36.8425,37.1065,36.6149,36.7241
2012-01-09,36.8607,36.8789,36.5238,36.7787
2012-01-10,37.1338,37.4888,37.0245,37.416
2012-01-11,37.2612,37.416,37.0063,37.4069
2012-01-12,37.2612,37.2703,36.6786,37.152
2012-01-13,36.8789,37.4342,36.7787,37.4251
2012-01-17,37.7164,38.0259,37.6254,37.8348
2012-01-18,37.3523,37.9122,37.3159,37.9076
2012-01-19,38.0032,38.0624,37.6618,37.6709
2012-01-20,37.6527,37.8075,36.979,37.1884
2012-01-23,37.2521,37.5708,37.2521,37.507
2012-01-24,37.3159,37.7073,37.1975,37.3159
2012-01-25,36.8061,37.7801,36.8061,37.6436
2012-01-26,37.7164,38.3446,37.7164,38.2626
2012-01-27,38.0806,38.29,37.8621,38.1625
2012-01-30,37.416,37.9258,37.3978,37.9076
2012-01-31,38.117,38.2991,37.8712,38.2626
2012-02-01,38.4083,38.6723,37.9986,38.3082
2012-02-02,37.9622,38.1215,37.4342,37.5252
2012-02-03,37.8621,38.035,37.6982,37.9986
2012-02-06,37.8439,38.2127,37.771,37.9349
2012-02-07,38.2262,38.6359,38.0715,38.5813
2012-02-08,38.5084,38.6905,38.3036,38.6905
2012-02-09,38.6996,38.9181,38.0451,38.1443
2012-02-10,37.771,38.1079,37.4706,37.6709
2012-02-13,37.9895,38.1443,37.8257,37.9622
2012-02-14,37.325,37.9167,37.1429,37.3159
2012-02-15,36.6604,36.9153,36.3145,36.5329
2012-02-16,36.4146,36.9881,36.3873,36.4783
2012-02-17,36.6604,36.8243,36.2871,36.7605
2012-02-21,36.7332,36.7332,35.6954,35.7864
2012-02-22,35.6408,35.75,35.2766,35.4951
2012-02-23,35.5315,36.0687,35.4405,36.0687
2012-02-24,36.0596,36.1142,35.2949,35.5771
2012-02-27,35.4405,35.9867,35.2493,35.9412
2012-02-28,36.0505,36.4146,35.8411,35.9321
2012-02-29,35.9594,36.3054,35.8229,35.9594
2012-03-01,35.9048,36.2689,35.8138,36.2143
2012-03-02,36.2143,36.4055,35.8775,36.0778
2012-03-05,35.9503,36.1415,35.7773,36.0414
2012-03-06,35.6772,36.096,35.568,35.6499
2012-03-07,35.7318,35.9685,35.3552,35.8957
2012-03-08,36.1324,36.1324,35.4314,35.5498
2012-03-09,35.5498,35.75,35.4496,35.5315
2012-03-12,35.6226,36.4237,35.568,36.3054
2012-03-13,36.5147,37.2521,36.451,37.1702
2012-03-14,37.1156,37.3978,36.8425,36.9426
2012-03-15,36.9335,37.1065,36.5238,36.7059
2012-03-16,36.7241,37.0063,36.6035,36.6058
2012-03-19,36.6968,37.2157,36.5329,37.0154
2012-03-20,36.8971,37.1383,36.7332,36.8607
2012-03-21,36.8607,37.0063,36.6558,36.8152
2012-03-22,36.2325,36.36,35.9412,35.9594
2012-03-23,36.0596,36.1679,35.7409,35.9867
2012-03-26,36.3509,36.3782,35.8957,36.1324
2012-03-27,36.278,36.4965,36.1324,36.3236
2012-03-28,36.2325,36.3324,35.8229,36.2507
2012-03-29,35.9776,36.096,35.75,36.014
2012-03-30,36.187,36.2507,35.8411,35.923
2012-04-02,35.9139,36.2507,35.8411,36.2234
2012-04-03,36.096,36.3145,35.6954,35.7682
2012-04-04,35.5042,35.5862,35.2493,35.3495
2012-04-05,35.1947,35.3859,34.9762,35.1583
2012-04-09,34.7486,35.0673,34.7031,34.9034
2012-04-10,34.8579,35.0217,34.4209,34.4755
2012-04-11,34.785,35.0764,34.6212,35.0491
2012-04-12,35.0673,35.5771,34.8943,35.5771
2012-04-13,35.5771,35.7045,35.2402,35.4405
2012-04-16,35.6226,36.0322,35.5953,35.8047
2012-04-17,36.0231,36.1187,35.6226,36.0322
2012-04-18,35.8229,36.0322,35.7227,35.7409
2012-04-19,35.8411,35.8757,35.3859,35.568
2012-04-20,35.6681,36.187,35.6499,36.0505
2012-04-23,35.7864,36.0004,35.7136,35.9412
2012-04-24,36.0231,36.5056,36.0231,36.451
2012-04-25,36.7423,37.1065,36.6604,37.0974
2012-04-26,37.061,37.6618,36.9699,37.6527
2012-04-27,37.9076,37.9258,37.4706,37.6254
2012-04-30,37.6163,37.771,37.325,37.7346
2012-05-01,37.5617,38.1443,37.4069,37.7801
2012-05-02,37.6527,37.8894,37.4706,37.7528
2012-05-03,37.2977,37.4524,37.111,37.1156
2012-05-04,36.9608,37.1247,36.797,37.061
2012-05-07,36.9972,37.6436,36.979,37.4524
2012-05-08,37.2248,37.3887,36.9699,37.243
2012-05-09,36.8971,37.6709,36.8425,37.3614
2012-05-10,37.68,37.7346,37.3022,37.6527
2012-05-11,37.4524,37.7893,37.2977,37.7255
2012-05-14,37.3523,37.9076,37.1884,37.5617
2012-05-15,37.4797,37.7164,37.3705,37.4706
2012-05-16,37.5161,37.6436,37.1702,37.2066
2012-05-17,37.3068,37.416,36.7241,36.7332
2012-05-18,36.9244,37.2977,36.278,36.4146
2012-05-21,36.5056,37.0883,36.4528,37.0245
2012-05-22,37.1702,37.3796,36.9517,37.1611
2012-05-23,36.9426,37.2612,36.5512,37.2066
2012-05-24,37.3614,37.6254,37.0792,37.5981
2012-05-25,37.5708,37.7801,37.1975,37.3068
2012-05-29,37.507,37.7437,37.2703,37.7255
2012-05-30,37.4615,37.5981,36.9153,36.9335
2012-05-31,36.9426,37.4888,36.6422,37.1793
2012-06-01,36.4237,36.6513,36.0049,36.0596
2012-06-04,36.096,36.1642,35.568,35.7956
2012-06-05,35.7318,36.5967,35.6226,36.4874
2012-06-06,36.715,37.3614,36.4965,37.3614
2012-06-07,37.6982,37.7437,36.9881,37.0883
2012-06-08,37.0336,37.9713,37.0336,37.9713
2012-06-11,38.208,38.2808,37.152,37.1975
2012-06-12,37.2794,37.5435,36.979,37.5252
2012-06-13,37.4615,38.0077,37.2521,37.6254
2012-06-14,37.7346,38.8908,37.5708,38.736
2012-06-15,38.9909,39.1639,38.7542,39.0365
2012-06-18,38.9909,39.9468,38.9636,39.7101
2012-06-19,38.3173,38.7907,38.3082,38.7724
2012-06-20,38.8635,39.1639,38.7451,38.9272
2012-06-21,39.0729,39.2003,38.554,38.6268
2012-06-22,38.9272,38.9818,38.4447,38.645
2012-06-25,38.3537,38.8908,38.2353,38.7451
2012-06-26,38.8453,39.0729,38.5631,38.8089
2012-06-27,39.173,39.173,38.7815,39.0091
2012-06-28,38.8999,39.4825,38.5449,39.4188
2012-06-29,40.047,40.1926,39.7738,40.1926
2012-07-02,40.6114,40.6933,39.9559,40.5568
2012-07-03,40.7115,40.7798,40.4657,40.6478
2012-07-05,40.5568,40.6933,39.9969,40.138
2012-07-06,39.783,40.4657,39.701,40.4293
2012-07-09,40.5112,40.5886,40.2199,40.575
2012-07-10,40.7206,40.8845,39.6828,39.9013
2012-07-11,39.9923,40.3883,39.701,40.2928
2012-07-12,40.0196,40.9664,39.874,40.7388
2012-07-13,40.7024,41.4262,40.6751,41.3306
2012-07-16,41.1667,41.6583,41.1667,41.3488
2012-07-17,41.5217,42.0862,41.1667,41.9132
2012-07-18,41.7129,41.986,41.6492,41.9223
2012-07-19,41.9314,41.9678,41.1758,41.54
2012-07-20,41.3124,41.4489,41.0757,41.1394
2012-07-23,40.666,41.5855,40.666,41.4216
2012-07-24,41.4125,41.7038,41.2031,41.6765
2012-07-25,41.7858,42.1772,41.5491,41.9405
2012-07-26,42.4958,43.4699,41.8768,42.2774
2012-07-27,42.687,43.0238,42.332,42.9419
2012-07-30,42.9055,43.2514,42.7507,42.9146
2012-07-31,42.9237,43.2332,42.7781,42.9783
2012-08-01,43.0512,43.3698,42.6324,42.7325
2012-08-02,42.2,42.2682,41.8313,42.1499
2012-08-03,42.4412,42.7781,41.9405,42.2682
2012-08-06,42.3866,42.6961,42.0953,42.1317
2012-08-07,42.2136,42.2136,41.2304,41.4671
2012-08-08,41.458,41.5673,41.1212,41.4216
2012-08-09,41.4762,41.8131,41.3943,41.4853
2012-08-10,41.4762,41.6674,41.3033,41.3761
2012-08-13,41.4216,41.5855,41.2577,41.3397
2012-08-14,41.4762,41.6219,41.2668,41.3306
2012-08-15,41.2759,41.54,41.2122,41.2395
2012-08-16,41.367,41.3937,41.0218,41.2304
2012-08-17,41.367,41.367,40.839,40.9573
2012-08-20,40.9391,41.2122,40.8663,41.1485
2012-08-21,41.2577,41.4013,41.0666,41.2213
2012-08-22,40.9573,41.2577,40.6114,41.2486
2012-08-23,41.0848,41.1212,40.3929,40.4202
2012-08-24,40.3747,40.8936,40.2928,40.8117
2012-08-27,40.8572,41.0484,40.7388,40.9664
2012-08-28,40.93,41.2395,40.6751,41.194
2012-08-29,41.1576,41.1576,40.8663,41.1303
2012-08-30,41.0302,41.6583,40.9209,41.54
2012-08-31,41.6856,41.7675,41.3215,41.7493
2012-09-04,41.6674,42.1863,41.4944,42.1499
2012-09-05,42.25,42.4594,42.0042,42.2591
2012-09-06,42.6051,42.8418,42.3138,42.8145
2012-09-07,42.8509,42.9237,42.3784,42.4594
2012-09-10,42.423,42.5231,42.0498,42.1317
2012-09-11,42.0862,42.5869,42.0589,42.5414
2012-09-12,42.5414,42.6961,42.2774,42.5323
2012-09-13,42.4958,42.8782,42.4139,42.7872
2012-09-14,42.9328,43.0238,42.1681,42.2591
2012-09-17,42.1863,42.6142,42.1772,42.2409
2012-09-18,42.0224,42.0224,41.1576,41.2395
2012-09-19,41.3943,41.4034,41.0848,41.1212
2012-09-20,40.8754,41.2213,40.757,41.0302
2012-09-21,41.1667,41.2213,40.9027,40.9027
2012-09-24,40.93,41.1576,40.7935,40.9118
2012-09-25,41.0302,41.1121,40.2472,40.2563
2012-09-26,40.3383,40.8936,40.3019,40.3519
2012-09-27,40.4384,40.7844,40.3929,40.493
2012-09-28,40.402,40.7024,40.1653,40.493
2012-10-01,40.6842,40.7479,39.9923,40.3747
2012-10-02,40.5477,40.8981,40.5124,40.8754
2012-10-03,40.9664,41.5035,40.9391,41.2486
2012-10-04,41.3761,41.4762,41.0575,41.2031
2012-10-05,41.4034,41.5491,41.0575,41.4307
2012-10-08,41.3488,41.5126,41.103,41.3579
2012-10-09,41.3852,41.5673,41.2851,41.3579
2012-10-10,41.2395,41.6128,41.2395,41.4216
2012-10-11,41.631,41.631,41.1485,41.2122
2012-10-12,41.2577,41.4944,41.0939,41.1303
2012-10-15,41.1303,41.4762,40.8936,41.4398
2012-10-16,41.6037,41.8404,41.3852,41.804
2012-10-17,40.4657,40.839,40.3656,40.6842
2012-10-18,40.8117,41.4125,40.7479,41.3533
2012-10-19,41.3033,41.5309,41.0393,41.0393
2012-10-22,41.1212,41.1212,40.6296,40.8845
2012-10-23,40.5568,40.6933,40.3374,40.5932
2012-10-24,40.7388,40.9664,40.5932,40.7844
2012-10-25,40.9937,41.1758,40.1198,40.3201
2012-10-26,40.311,40.4378,39.7556,40.0743
2012-10-31,40.3565,40.7206,40.1198,40.3747
2012-11-01,40.2563,40.2563,39.4279,39.528
2012-11-02,39.8376,40.1744,39.6828,39.9559
2012-11-05,39.7921,39.9013,39.4643,39.5918
2012-11-06,39.8012,40.138,39.7647,40.0379
2012-11-07,39.7374,40.6296,39.7374,40.3565
2012-11-08,40.3019,40.311,40.0105,40.0287
2012-11-09,40.0105,40.4384,39.7738,40.1926
2012-11-12,40.2563,40.5021,40.047,40.3838
2012-11-13,40.2017,40.9391,40.1562,40.7388
2012-11-14,40.7388,40.8026,39.8285,39.9286
2012-11-15,39.9741,40.2108,39.6464,39.8558
2012-11-16,39.9923,40.7206,39.9072,40.5659
2012-11-19,40.9573,41.3033,40.8572,41.2304
2012-11-20,41.3306,41.5491,41.1212,41.54
2012-11-21,41.5491,41.631,41.0666,41.3033
2012-11-23,41.4398,41.6219,41.2668,41.5946
2012-11-26,41.4489,42.0179,41.2942,41.6856
2012-11-27,41.3943,41.4489,40.6023,41.0575
2012-11-28,41.021,41.021,40.5659,40.9391
2012-11-29,41.0575,41.0757,40.402,40.9391
2012-11-30,41.0666,41.3397,40.8845,41.0119
2012-12-03,41.1758,41.3852,40.8117,40.9391
2012-12-04,40.9846,41.0848,40.7024,40.9664
2012-12-05,40.9664,41.0484,40.6569,40.8026
2012-12-06,40.9573,41.194,40.8663,41.0028
2012-12-07,41.0666,41.3351,40.9573,41.3033
2012-12-10,41.2759,41.4981,41.1485,41.3033
2012-12-11,41.4489,41.54,41.2077,41.3306
2012-12-12,41.367,41.367,40.9391,41.1576
2012-12-13,41.1303,41.2942,40.3019,40.5021
2012-12-14,40.6387,40.6478,40.138,40.229
2012-12-17,40.5841,40.5841,39.965,40.1835
2012-12-18,40.2654,40.7115,40.1653,40.7024
2012-12-19,40.8026,40.9391,40.5203,40.5203
2012-12-20,40.5932,41.0074,40.5568,40.9664
2012-12-21,40.9573,41.0028,40.5932,40.7661
2012-12-24,40.6478,41.2304,40.5841,41.0757
2012-12-26,41.1485,41.2031,40.757,40.9118
2012-12-27,40.8936,41.1576,40.5932,41.0939
2012-12-28,40.839,41.1485,40.7297,40.8208
2012-12-31,40.6933,41.1303,40.6023,41.1121
2013-01-02,41.6492,41.7311,41.194,41.458
2013-01-03,41.4762,41.5855,41.1622,41.5126
2013-01-04,41.5126,41.7129,41.3761,41.6765
2013-01-07,41.5126,41.7949,41.3806,41.4216
2013-01-08,41.367,41.6583,41.3397,41.5855
2013-01-09,41.7311,41.7311,41.4853,41.4944
2013-01-10,41.6401,41.9405,41.5035,41.8313
2013-01-11,41.7766,41.8768,41.5217,41.8768
2013-01-14,41.8404,41.986,41.8131,41.986
2013-01-15,41.8586,42.068,41.6082,42.0224
2013-01-16,41.8313,41.9678,41.6492,41.8495
2013-01-17,41.9678,42.2318,41.8495,42.1044
2013-01-18,42.1681,42.332,41.8768,42.3138
2013-01-22,42.1954,42.5505,42.1499,42.423
2013-01-23,42.2682,42.3866,42.1044,42.2956
2013-01-24,42.3866,42.4094,42.1954,42.3411
2013-01-25,42.4867,42.7963,42.311,42.7872
2013-01-28,42.8782,42.8964,42.4867,42.7143
2013-01-29,42.6233,43.1058,42.6233,43.0512
2013-01-30,42.9601,43.0238,42.6051,42.8054
2013-01-31,42.3138,42.3411,42.0133,42.2318
2013-02-01,42.4139,42.6688,42.2409,42.5049
2013-02-04,42.2409,42.6506,42.2227,42.514
2013-02-05,42.5778,42.7043,42.2409,42.3411
2013-02-06,42.068,42.3775,41.9678,42.3775
2013-02-07,42.4321,42.5778,42.1135,42.3047
2013-02-08,42.2774,42.5505,42.2774,42.514
2013-02-11,42.596,42.8145,42.5505,42.7052
2013-02-12,42.7598,42.86,42.2045,42.86
2013-02-13,43.0421,43.1786,42.8918,43.0238
2013-02-14,42.8691,43.0603,42.8054,42.9237
2013-02-15,43.033,43.5519,42.9055,43.5154
2013-02-19,43.5974,43.9251,43.4335,43.9251
2013-02-20,43.9524,44.271,43.6702,43.6793
2013-02-21,43.6884,43.9251,43.479,43.8341
2013-02-22,43.8705,44.271,43.8705,44.2528
2013-02-25,44.4167,44.4622,43.3698,43.3698
2013-02-26,43.5337,43.9888,43.388,43.9342
2013-02-27,43.8796,44.5533,43.7612,44.3894
2013-02-28,44.2893,44.7718,44.271,44.4986
2013-03-01,44.444,44.7444,44.2073,44.5168
2013-03-04,44.5351,45.2725,44.5077,45.0267
2013-03-05,45.2633,45.2816,44.9174,45.1814
2013-03-06,45.2451,45.3271,44.881,45.0267
2013-03-07,45.0722,45.2087,44.6443,44.708
2013-03-08,44.7809,44.79,44.3257,44.5351
2013-03-11,44.5624,44.6261,44.3894,44.5077
2013-03-12,44.8719,44.9447,44.3803,44.6443
2013-03-13,44.6534,44.7353,44.3257,44.3894
2013-03-14,44.3985,44.9265,44.3621,44.5168
2013-03-15,44.2619,44.4804,44.1527,44.3166
2013-03-18,44.1436,44.3439,43.9342,43.9888
2013-03-19,43.9888,44.1618,43.825,43.916
2013-03-20,44.1254,44.3075,44.0708,44.1436
2013-03-21,44.1254,44.3985,43.9979,44.1163
2013-03-22,44.1891,44.617,44.1891,44.526
2013-03-25,44.7626,44.8036,44.4668,44.5715
2013-03-26,44.7809,45.0995,44.6079,44.9447
2013-03-27,44.708,45.0449,44.708,44.9811
2013-03-28,45.0813,45.4363,44.9129,45.3908
2013-04-01,45.4181,45.7549,45.1814,45.7549
2013-04-02,46.0007,46.1373,45.846,45.9461
2013-04-03,45.9734,46.0372,45.5274,45.7823
2013-04-04,45.9188,46.3922,45.8642,46.3376
2013-04-05,45.8096,46.5834,45.7914,46.5652
2013-04-08,46.5652,46.9657,46.3785,46.9566
2013-04-09,46.993,47.2297,46.729,47.0659
2013-04-10,47.0477,47.3891,46.8292,47.2753
2013-04-11,47.3663,47.4209,46.7017,46.8474
2013-04-12,46.7563,47.3572,46.6016,47.3572
2013-04-15,47.1114,47.2844,46.5743,46.6107
2013-04-16,46.638,47.776,46.2739,47.776
2013-04-17,47.5757,47.5757,46.902,47.2935
2013-04-18,47.2479,47.3117,46.5834,46.9293
2013-04-19,47.0477,48.0127,46.9384,47.9853
2013-04-22,48.0218,48.0855,47.5939,47.9944
2013-04-23,48.1674,48.436,47.9216,48.2949
2013-04-24,48.3768,48.5225,48.0582,48.5225
2013-04-25,48.5042,48.5225,47.958,48.1674
2013-04-26,48.2584,48.4132,47.9548,48.04
2013-04-29,48.1583,48.3813,48.0582,48.3131
2013-04-30,48.2676,49.1233,48.1583,48.5225
2013-05-01,48.4769,48.8502,48.3586,48.5316
2013-05-02,48.0218,48.4678,47.8761,48.304
2013-05-03,48.5953,48.8411,48.4314,48.6772
2013-05-06,48.6408,48.8502,48.568,48.8229
2013-05-07,48.8502,49.2052,48.7045,49.1051
2013-05-08,48.8411,48.8957,47.7213,47.8215
2013-05-09,47.8852,47.9466,47.0568,47.1205
2013-05-10,47.2753,47.4373,47.0021,47.3026
2013-05-13,47.3299,47.4482,47.1478,47.4482
2013-05-14,47.5666,48.6954,47.5438,48.6681
2013-05-15,48.7409,49.4783,48.3768,49.4783
2013-05-16,49.3236,49.6604,49.0049,49.2963
2013-05-17,49.2599,49.6149,49.187,49.5056
2013-05-20,49.5148,49.8926,49.4419,49.8061
2013-05-21,49.9153,50.3796,49.8789,50.325
2013-05-22,50.3432,51.0351,49.0368,49.3236
2013-05-23,49.0049,49.0232,47.0841,47.2297
2013-05-24,46.9202,46.9748,45.9188,46.2739
2013-05-28,46.8201,46.8747,44.79,45.1177
2013-05-29,44.8082,44.8173,43.4881,43.5792
2013-05-30,43.8887,44.2164,43.4426,43.5974
2013-05-31,43.4699,44.0708,42.9783,43.1331
2013-06-03,43.0785,43.8341,42.5632,43.7248
2013-06-04,43.6975,43.9069,42.7781,42.7963
2013-06-05,42.6506,43.0056,42.2956,42.4139
2013-06-06,42.1681,43.4881,42.1681,43.4608
2013-06-07,43.4881,43.6975,42.6415,43.297
2013-06-10,43.3698,43.4472,42.3138,42.4594
2013-06-11,42.1226,42.7598,41.6856,41.7675
2013-06-12,42.1226,42.2865,41.2213,41.2942
2013-06-13,41.2942,42.0042,41.1485,41.8677
2013-06-14,41.8768,42.4867,41.6492,41.8313
2013-06-17,42.0589,42.1863,41.4125,41.6674
2013-06-18,41.6947,42.1135,41.4307,41.8586
2013-06-19,41.7402,41.9678,40.1562,40.2017
2013-06-20,39.8922,40.0196,37.8166,38.1352
2013-06-21,38.4629,39.7738,37.853,39.3187
2013-06-24,38.7269,39.5918,37.7801,38.5904
2013-06-25,39.0182,40.229,38.7815,39.9923
2013-06-26,40.4111,41.1849,40.402,41.1485
2013-06-27,41.3397,41.631,41.103,41.5855
2013-06-28,41.5126,41.7311,41.103,41.367
2013-07-01,41.722,41.7675,40.8026,40.9209
2013-07-02,40.9937,42.1317,40.8936,41.8768
2013-07-03,41.5673,41.6219,40.4908,40.9027
2013-07-05,40.9755,41.1895,39.1912,40.4657
2013-07-08,40.9664,41.1394,40.4293,40.5659
2013-07-09,40.7935,41.1394,40.6205,41.0393
2013-07-10,40.9391,41.1303,40.5112,40.9664
2013-07-11,41.5309,42.5869,41.5309,42.3775
2013-07-12,42.2591,42.4776,41.8677,42.2227
2013-07-15,42.3593,42.4685,42.0771,42.4503
2013-07-16,42.4776,42.5378,42.0316,42.159
2013-07-17,42.3593,43.1058,42.3206,43.0421
2013-07-18,43.0056,43.1968,42.3547,42.6415
2013-07-19,42.7052,42.8509,42.1863,42.3229
2013-07-22,42.2774,42.4731,42.159,42.3866
2013-07-23,42.514,42.5869,42.0953,42.1226
2013-07-24,42.0953,42.159,40.7479,40.93
2013-07-25,40.8481,41.1439,40.666,41.1212
2013-07-26,41.1212,41.2759,40.7752,41.2668
2013-07-29,41.2395,41.4489,40.8663,41.0302
2013-07-30,40.8572,41.9769,40.5568,40.666
2013-07-31,40.8845,41.0575,39.4097,39.9377
2013-08-01,39.8103,39.8103,38.2626,38.3082
2013-08-02,38.3719,39.1457,38.3264,38.9727
2013-08-05,38.8908,39.2458,38.818,39.1184
2013-08-06,38.9727,39.2367,38.5449,38.5449
2013-08-07,38.4811,38.5084,38.0633,38.2808
2013-08-08,38.4447,38.5266,38.035,38.2991
2013-08-09,38.2353,38.9181,38.1443,38.5813
2013-08-12,38.5813,38.5995,38.1488,38.4265
2013-08-13,38.3355,38.3355,37.325,37.4433
2013-08-14,37.416,37.6072,36.979,37.0519
2013-08-15,36.7423,36.8607,36.2689,36.6149
2013-08-16,36.4965,36.4965,35.6954,35.8593
2013-08-19,35.7318,36.2098,35.4405,35.8684
2013-08-20,36.0231,36.7696,35.9776,36.3964
2013-08-21,36.2871,37.5708,35.7682,36.8243
2013-08-22,36.8971,36.9153,36.3145,36.6786
2013-08-23,36.624,37.3568,36.5329,37.2794
2013-08-26,37.325,37.3887,36.797,36.9062
2013-08-27,36.6786,37.3887,36.5512,37.2521
2013-08-28,37.1975,37.6072,36.9972,37.507
2013-08-29,37.4251,37.4251,36.9062,37.1247
2013-08-30,37.1975,37.3705,36.9517,37.0792
2013-09-03,37.4069,37.4342,36.3873,36.8607
2013-09-04,36.7787,37.0063,36.5876,36.8698
2013-09-05,36.8061,36.9153,36.1324,36.1506
2013-09-06,36.8243,37.8257,36.5603,37.2248
2013-09-09,37.325,37.9258,37.0428,37.9258
2013-09-10,38.0988,38.117,37.1702,37.325
2013-09-11,37.325,37.8075,37.2794,37.7346
2013-09-12,37.7984,38.1443,37.4979,37.5343
2013-09-13,37.5252,37.8894,37.4979,37.7164
2013-09-16,38.6632,39.5098,38.2717,38.4356
2013-09-17,38.4356,38.7451,37.853,38.0168
2013-09-18,38.0715,40.047,37.507,40.0105
2013-09-19,40.1016,40.5203,39.4734,39.4825
2013-09-20,39.4006,39.4643,38.3082,38.3173
2013-09-23,38.1716,38.5266,37.8439,37.9076
2013-09-24,37.9531,38.0349,37.6436,37.6891
2013-09-25,37.68,38.0533,37.5799,37.9349
2013-09-26,37.9349,38.0442,37.7028,38.0442
2013-09-27,37.7801,38.0533,37.4815,37.8257
2013-09-30,37.5799,38.0806,37.1156,37.2794
2013-10-01,37.2339,38.3355,37.1611,38.1534
2013-10-02,38.1716,38.2126,37.4888,38.0259
2013-10-03,37.8621,37.8985,35.832,36.2507
2013-10-04,36.1324,36.3509,35.1219,35.5498
2013-10-07,35.3768,36.5147,35.2857,36.2871
2013-10-08,36.2689,36.979,36.2689,36.5603
2013-10-09,36.5603,37.0063,36.5603,36.6058
2013-10-10,36.8698,37.2521,36.7423,37.2066
2013-10-11,37.1702,37.8257,37.0336,37.8166
2013-10-14,37.5799,37.8894,37.3159,37.7346
2013-10-15,37.4524,37.853,37.2612,37.4979
2013-10-16,37.6982,38.4538,37.6527,38.2991
2013-10-17,38.2717,39.1093,38.1989,39.0
2013-10-18,39.1912,39.3005,38.5266,38.7542
2013-10-21,38.645,38.7269,38.0533,38.2991
2013-10-22,38.6996,38.9636,38.3901,38.7087
2013-10-23,38.6359,38.818,38.3992,38.7633
2013-10-24,38.8453,38.8726,38.554,38.5904
2013-10-25,38.7087,39.264,38.554,39.1912
2013-10-28,39.3278,39.4096,38.5904,39.0091
2013-10-29,39.1457,39.4006,38.1443,38.3719
2013-10-30,38.4356,38.6996,38.0806,38.5175
2013-10-31,38.3901,38.3901,37.5252,37.7801
2013-11-01,37.7801,38.2353,37.639,37.9713
2013-11-04,38.0806,38.2353,37.6072,38.1261
2013-11-05,37.8894,38.0624,37.0245,37.1338
2013-11-06,37.1065,37.6254,37.1065,37.2886
2013-11-07,37.3978,37.4888,36.7924,36.8243
2013-11-08,36.6058,36.6513,35.2038,36.0778
2013-11-11,36.1051,36.4783,35.9048,35.9412
2013-11-12,35.9321,36.0004,35.6317,35.7682
2013-11-13,35.6408,35.9503,35.6044,35.9139
2013-11-14,36.0414,36.5056,36.014,36.0322
2013-11-15,35.9776,36.4328,35.9139,36.2416
2013-11-18,36.2325,36.4601,36.1142,36.1506
2013-11-19,35.8047,35.8775,35.3131,35.4496
2013-11-20,36.1051,36.187,35.1492,35.3495
2013-11-21,35.3495,35.6499,35.1401,35.4314
2013-11-22,35.5224,35.5315,34.6485,34.8397
2013-11-25,34.9216,34.958,34.2752,34.3208
2013-11-26,34.3208,34.3208,33.7381,33.7381
2013-11-27,33.7563,34.0886,33.5925,34.0203
2013-11-29,34.0477,34.1205,33.4468,33.4741
2013-12-02,33.638,33.638,32.9643,33.0827
2013-12-03,32.937,33.1282,32.5911,32.8278
2013-12-04,32.5091,33.4013,32.4727,33.2192
2013-12-05,33.0007,33.4013,32.8551,33.2192
2013-12-06,33.4559,33.5287,33.0827,33.292
2013-12-09,33.2829,33.6016,32.8005,33.5652
2013-12-10,33.547,33.902,33.4832,33.5561
2013-12-11,33.638,33.638,32.6002,32.6275
2013-12-12,32.6275,32.6821,32.318,32.4636
2013-12-13,32.5364,33.0188,32.4636,32.5638
2013-12-16,32.5638,33.5834,32.5,32.8278
2013-12-17,32.7913,33.0827,32.6275,33.0645
2013-12-18,33.1919,33.5743,32.5455,33.5378
2013-12-19,33.4377,33.4377,32.409,32.5911
2013-12-20,32.6184,32.9279,32.4363,32.846
2013-12-23,33.0007,33.1919,32.8915,32.9734
2013-12-24,32.9552,33.2192,32.9006,33.1009
2013-12-26,33.201,33.3831,33.0918,33.2101
2013-12-27,33.1828,33.3103,33.0189,33.2283
2013-12-30,33.2465,33.3831,33.1373,33.3194
2013-12-31,33.292,33.3489,32.9734,33.0645
2014-01-02,33.0736,33.1646,32.7731,32.9643
2014-01-03,32.9188,33.1282,32.7276,32.937
2014-01-06,32.937,34.0021,32.9188,33.5105
2014-01-07,33.5105,34.1205,33.2831,34.0841
2014-01-08,34.1296,34.1751,33.638,34.0112
2014-01-09,34.3663,34.43,33.8019,34.0568
2014-01-10,34.4027,35.5498,34.3845,35.3859
2014-01-13,35.2766,35.4678,34.6075,34.694
2014-01-14,34.8033,34.8579,34.5484,34.5848
2014-01-15,34.5939,34.9671,34.5848,34.6303
2014-01-16,34.5666,34.9603,34.5666,34.958
2014-01-17,35.0126,35.0673,34.4937,34.6303
2014-01-21,34.867,35.1037,34.6303,34.9489
2014-01-22,35.0399,35.222,34.8306,34.9944
2014-01-23,34.9125,35.1037,34.8215,35.0764
2014-01-24,35.0673,35.222,34.8333,35.1401
2014-01-27,35.1401,35.3768,34.9671,34.9671
2014-01-28,35.0855,35.6408,35.0855,35.6135
2014-01-29,35.395,35.6135,35.1947,35.3495
2014-01-30,35.5133,35.7045,35.3677,35.4041
2014-01-31,35.0764,35.8138,35.0491,35.6408
2014-02-03,35.7318,35.7864,35.304,35.3495
2014-02-04,35.3677,35.5498,35.0673,35.5224
2014-02-05,35.4314,35.6226,34.9398,35.1401
2014-02-06,34.6303,35.1037,34.603,34.7213
2014-02-07,34.8852,35.0399,34.6121,34.9762
2014-02-10,35.0217,35.4314,34.7577,35.3404
2014-02-11,34.6394,35.0491,33.9442,34.4118
2014-02-12,34.4391,34.6394,34.0294,34.2297
2014-02-13,34.1387,34.5848,34.1114,34.4846
2014-02-14,34.4118,34.5484,34.2115,34.3117
2014-02-18,34.3663,34.4846,33.8929,34.4755
2014-02-19,34.4118,35.2675,34.3754,34.7122
2014-02-20,34.7577,35.0855,34.257,34.4482
2014-02-21,34.1114,34.1569,33.6926,33.7836
2014-02-24,33.8565,34.6667,33.7836,34.43
2014-02-25,34.4573,34.5028,34.0021,34.0841
2014-02-26,34.1933,34.6212,34.0568,34.603
2014-02-27,34.6303,34.9307,34.6121,34.9125
2014-02-28,34.8943,35.4587,34.8124,35.2949
2014-03-03,35.131,35.3677,34.9125,35.222
2014-03-04,35.5498,35.8957,35.3768,35.8866
2014-03-05,35.832,36.0414,35.4951,35.7318
2014-03-06,35.7227,35.7956,35.0126,35.1219
2014-03-07,35.0673,35.1037,34.1296,34.3026
2014-03-10,34.2661,34.3335,33.8383,33.8565
2014-03-11,33.9748,34.2752,33.9521,34.0932
2014-03-12,34.075,34.4209,34.0659,34.2297
2014-03-13,34.3208,34.3208,33.8019,33.811
2014-03-14,33.8201,34.1162,33.7745,33.8292
2014-03-17,34.0021,34.1387,33.6926,33.7381
2014-03-18,33.7108,33.8246,33.6107,33.7381
2014-03-19,33.7745,33.9657,32.9643,33.0554
2014-03-20,32.9916,33.2555,32.7755,32.9916
2014-03-21,33.0918,33.7108,32.9461,33.5652
2014-03-24,33.7108,33.7108,33.374,33.4104
2014-03-25,33.5652,33.9202,33.4832,33.8565
2014-03-26,34.3208,34.3208,33.7199,33.7927
2014-03-27,33.8019,34.4391,33.6926,34.3845
2014-03-28,34.4391,34.8124,34.3845,34.7486
2014-03-31,34.8579,35.3404,34.5028,35.3131
2014-04-01,35.2584,35.3495,35.0399,35.3404
2014-04-02,35.2766,35.5315,35.1355,35.5133
2014-04-03,35.5862,35.5862,35.2311,35.5133
2014-04-04,35.6681,36.1187,35.4678,35.9321
2014-04-07,35.9685,36.7605,35.9321,36.6058
2014-04-08,36.5147,37.0701,36.4783,37.0428
2014-04-09,37.152,37.1611,36.5921,36.797
2014-04-10,36.8425,37.1338,36.3964,36.451
2014-04-11,36.3145,36.9699,36.1233,36.6149
2014-04-14,36.8971,36.9062,36.5147,36.8971
2014-04-15,36.8607,37.6254,36.7878,37.5343
2014-04-16,37.6982,37.7346,37.2339,37.3978
2014-04-17,37.3432,37.385,36.4783,36.8971
2014-04-21,37.2612,37.3159,36.8698,37.1611
2014-04-22,37.1611,37.1884,36.5785,36.9972
2014-04-23,37.0336,37.1429,36.715,37.1429
2014-04-24,37.1793,37.5161,37.0883,37.2339
2014-04-25,37.2794,37.5343,37.0245,37.1065
2014-04-28,37.2977,37.8803,37.2794,37.8803
2014-04-29,38.0259,38.1443,37.7346,38.0624
2014-04-30,37.9531,38.1443,37.7801,38.1079
2014-05-01,38.0988,38.4174,37.771,38.3992
2014-05-02,38.208,38.4438,38.035,38.2991
2014-05-05,38.1807,38.5631,38.1625,38.4174
2014-05-06,38.1261,38.6268,37.9713,38.208
2014-05-07,38.381,38.8635,38.3537,38.6541
2014-05-08,38.2717,38.5813,38.1716,38.5813
2014-05-09,38.5813,38.9818,38.2444,38.3355
2014-05-12,38.3719,38.4629,38.0533,38.1625
2014-05-13,38.2262,38.5175,37.9804,38.0806
2014-05-14,38.0897,38.5494,37.944,38.4174
2014-05-15,38.3355,38.4993,38.1261,38.472
2014-05-16,38.3537,38.8453,38.1261,38.8453
2014-05-19,38.7815,38.7815,38.2991,38.5084
2014-05-20,38.6632,38.909,38.4356,38.5175
2014-05-21,38.6086,38.6177,38.0259,38.0988
2014-05-22,38.1079,38.2262,37.9076,37.944
2014-05-23,38.1443,38.3961,38.0077,38.3355
2014-05-27,38.5175,38.6177,38.127,38.3355
2014-05-28,38.3082,38.3082,37.5607,37.7346
2014-05-29,37.8257,37.9986,37.771,37.8803
2014-05-30,37.9076,38.2171,37.8803,38.0077
2014-06-02,37.9804,38.4039,37.8894,38.2717
2014-06-03,38.3264,38.4538,37.9258,38.3901
2014-06-04,38.2717,38.3264,37.9258,38.0806
2014-06-05,38.0715,38.8362,38.0715,38.818
2014-06-06,38.9181,38.9363,38.4902,38.6268
2014-06-09,38.6177,38.8089,37.8166,37.9804
2014-06-10,37.8621,37.9713,37.5435,37.6527
2014-06-11,37.5435,37.7801,37.325,37.7346
2014-06-12,37.6436,37.771,37.2977,37.7255
2014-06-13,37.68,37.8029,37.3341,37.771
2014-06-16,37.6891,37.8257,37.3523,37.4251
2014-06-17,37.325,37.3796,36.5694,36.8243
2014-06-18,36.8243,37.0883,36.3844,37.0063
2014-06-19,36.9972,37.3027,36.9153,37.0154
2014-06-20,36.9517,37.5161,36.7514,37.4888
2014-06-23,37.325,37.8986,37.3159,37.4979
2014-06-24,37.5343,37.6846,37.4251,37.5343
2014-06-25,37.5252,37.6891,37.2157,37.3341
2014-06-26,37.2794,37.7073,37.1156,37.6891
2014-06-27,37.6163,37.8894,37.4979,37.6072
2014-06-30,37.6163,37.7164,37.2931,37.6709
2014-07-01,37.7984,37.8712,37.4706,37.7437
2014-07-02,37.6709,37.7437,37.2977,37.5708
2014-07-03,37.5161,37.5161,36.8152,37.1338
2014-07-07,37.1156,37.3614,37.0792,37.2794
2014-07-08,37.3887,37.7801,37.325,37.4888
2014-07-09,37.6072,37.6709,37.2157,37.6254
2014-07-10,37.4342,38.117,37.4342,37.8166
2014-07-11,37.8166,37.8166,37.4251,37.507
2014-07-14,37.5161,37.7255,37.325,37.7255
2014-07-15,37.6891,37.8439,37.6072,37.8257
2014-07-16,37.8257,38.1352,37.7346,38.117
2014-07-17,38.0624,38.208,37.9804,38.0988
2014-07-18,38.1989,38.4129,38.0533,38.3992
2014-07-21,38.3082,38.4538,38.1625,38.381
2014-07-22,38.5813,38.6632,38.3082,38.3901
2014-07-23,38.5449,38.6359,38.3992,38.4811
2014-07-24,38.6177,38.6632,38.4538,38.645
2014-07-25,38.6086,38.7998,38.4902,38.5266
2014-07-28,38.5722,38.8999,38.5266,38.8089
2014-07-29,38.7998,38.8908,38.5995,38.6996
2014-07-30,38.6541,38.8726,38.035,38.1716
2014-07-31,38.0624,38.3719,37.8075,37.8075
2014-08-01,37.7984,38.2535,37.6709,38.0259
2014-08-04,38.0533,38.0988,37.6436,37.9895
2014-08-05,37.8439,38.1352,37.3887,37.4524
2014-08-06,37.4069,37.6345,37.2794,37.4251
2014-08-07,37.1247,37.2248,36.9244,37.061
2014-08-08,37.1429,37.416,36.9153,37.2339
2014-08-11,37.2248,37.4251,37.1916,37.2886
2014-08-12,37.1702,37.4069,37.1248,37.2977
2014-08-13,37.3796,37.9804,37.3523,37.8985
2014-08-14,38.0624,38.3355,37.9986,38.2353
2014-08-15,38.1989,38.4993,38.117,38.1352
2014-08-18,38.2535,38.5084,38.2262,38.4629
2014-08-19,38.5084,38.8453,38.4174,38.6632
2014-08-20,38.5449,38.7998,38.3446,38.7178
2014-08-21,38.7724,39.0729,38.7087,38.736
2014-08-22,38.7451,38.8362,38.3082,38.4629
2014-08-25,38.6268,38.645,38.4083,38.5175
2014-08-26,38.6723,38.7178,38.4629,38.7087
2014-08-27,38.6996,38.9909,38.6905,38.9818
2014-08-28,38.8635,39.2731,38.8635,39.2367
2014-08-29,39.3096,39.4916,39.2094,39.4461
2014-09-02,39.5645,39.5645,39.1548,39.2276
2014-09-03,39.4006,39.4643,39.1821,39.4279
2014-09-04,39.3278,39.6828,39.1912,39.5372
2014-09-05,39.4916,39.9286,39.3824,39.8103
2014-09-08,39.8103,39.8285,39.4916,39.5098
2014-09-09,39.5098,39.5098,39.2003,39.3005
2014-09-10,39.2185,39.2185,38.5266,38.5995
2014-09-11,38.5358,38.8862,38.3901,38.645
2014-09-12,38.3264,38.4538,36.7878,36.9153
2014-09-15,37.0154,37.2339,36.5512,36.8698
2014-09-16,36.8516,37.3068,36.8516,37.0974
2014-09-17,37.2794,37.4615,36.797,36.8516
2014-09-18,36.9608,36.979,36.2325,36.2598
2014-09-19,36.4783,36.5147,36.1233,36.4055
2014-09-22,36.4146,36.5421,36.1506,36.1597
2014-09-23,36.2143,36.2826,35.9503,35.9776
2014-09-24,35.9594,36.2143,35.823,35.9321
2014-09-25,35.8411,36.2689,35.8138,36.1597
2014-09-26,36.1506,36.5967,35.9776,36.4328
2014-09-29,36.3418,36.4601,36.0505,36.4146
2014-09-30,36.3509,36.5603,36.1324,36.1506
2014-10-01,36.2052,36.5876,36.1506,36.4146
2014-10-02,36.4146,36.4965,36.1051,36.3236
2014-10-03,36.3964,36.5785,36.1051,36.5056
2014-10-06,36.5785,36.7333,36.4465,36.5967
2014-10-07,36.4783,36.9335,36.4328,36.5694
2014-10-08,36.5329,37.2703,36.5329,37.2703
2014-10-09,37.3068,37.8621,37.2703,37.4524
2014-10-10,37.6618,38.4993,37.5708,38.1534
2014-10-13,38.1534,38.8635,38.0624,38.4538
2014-10-14,38.6632,39.2549,38.5722,39.0638
2014-10-15,38.8908,39.3551,38.5148,38.8999
2014-10-16,38.6268,39.0,38.3901,38.7907
2014-10-17,39.1275,39.1457,38.1534,38.6905
2014-10-20,38.7178,39.1093,38.5722,39.0638
2014-10-21,38.7815,38.8362,38.4356,38.7633
2014-10-22,38.6268,39.1093,38.5631,38.7724
2014-10-23,38.9363,39.0273,38.4902,38.9727
2014-10-24,38.8817,39.082,38.7451,39.0273
2014-10-27,39.0456,39.4643,38.9818,39.4461
2014-10-28,39.3733,39.4825,39.1002,39.4825
2014-10-29,39.3733,39.4734,38.9454,39.2822
2014-10-30,39.1275,39.6828,39.082,39.6828
2014-10-31,40.0743,40.0743,39.6828,40.0287
2014-11-03,40.0561,40.1471,39.6828,40.0105
2014-11-04,40.1471,40.5932,39.965,40.402
2014-11-05,40.5568,40.5568,40.0561,40.5021
2014-11-06,39.9559,40.0561,39.1821,39.2549
2014-11-07,39.3551,39.5007,39.0592,39.3187
2014-11-10,39.2185,39.6282,39.2003,39.5736
2014-11-11,39.6191,39.6191,39.1002,39.4825
2014-11-12,39.4279,39.5918,39.0729,39.4188
2014-11-13,39.9286,40.0379,39.5372,39.9832
2014-11-14,39.9013,39.9104,39.4916,39.6737
2014-11-17,39.7283,40.229,39.7101,40.2108
2014-11-18,40.2472,40.3428,40.0196,40.0925
2014-11-19,40.229,40.229,39.3005,39.346
2014-11-20,39.3642,39.4279,39.0182,39.3096
2014-11-21,39.4825,39.9195,39.4188,39.9195
2014-11-24,39.8376,40.0561,39.7647,39.8103
2014-11-25,39.9468,40.0014,39.5645,39.8467
2014-11-26,39.9832,40.5527,39.9377,40.4839
2014-11-28,40.5932,41.1358,40.4748,40.7844
2014-12-01,40.7479,41.4626,40.666,41.3488
2014-12-02,41.194,41.4216,40.7661,41.3579
2014-12-03,41.4398,41.4853,41.0848,41.3852
2014-12-04,41.3852,41.5946,41.1485,41.4853
2014-12-05,41.194,41.194,40.0652,40.3292
2014-12-08,40.402,40.9664,40.3292,40.8117
2014-12-09,40.5568,41.1667,40.493,40.9937
2014-12-10,40.9664,41.3397,40.7752,41.2031
2014-12-11,41.3488,41.5126,41.1075,41.2395
2014-12-12,41.1576,41.9405,41.1576,41.2851
2014-12-15,41.3124,41.4671,40.6569,40.6842
2014-12-16,40.7752,40.9937,40.4657,40.5294
2014-12-17,40.6205,41.2759,40.4748,41.1394
2014-12-18,41.3124,41.3124,40.5932,40.8754
2014-12-19,41.0393,41.3033,40.8071,41.0484
2014-12-22,41.1121,41.6037,40.9573,41.4944
2014-12-23,41.5309,41.631,40.3474,40.4657
2014-12-24,40.4657,40.6478,39.9195,40.0561
2014-12-26,40.1562,40.4202,40.0652,40.3019
2014-12-29,40.3201,40.7297,40.3201,40.5841
2014-12-30,40.6023,40.8936,40.3747,40.6842
2014-12-31,40.8754,41.1303,40.0196,40.0834
2015-01-02,40.311,41.0575,40.2017,40.8299
2015-01-05,40.5841,41.3579,40.575,41.2395
2015-01-06,41.4489,42.2682,41.4216,42.0224
2015-01-07,42.2409,43.0785,41.9678,42.9146
2015-01-08,43.0876,43.3971,42.1135,42.3411
2015-01-09,42.3866,42.7143,41.8222,42.3866
2015-01-12,42.5596,43.1786,42.4685,43.0603
2015-01-13,43.1877,43.4609,42.8236,42.9783
2015-01-14,42.7416,43.5154,42.5778,43.4608
2015-01-15,43.5154,44.0526,43.1422,43.8432
2015-01-16,43.8796,44.18,43.5197,43.8887
2015-01-20,45.1177,45.1632,43.6611,43.8523
2015-01-21,43.743,43.743,42.8873,43.2241
2015-01-22,43.4699,43.8068,43.0967,43.7248
2015-01-23,43.8887,44.0981,43.5883,43.8341
2015-01-26,43.6156,43.8344,43.297,43.7795
2015-01-27,43.6247,43.9251,43.5655,43.6611
2015-01-28,43.8068,44.2528,43.561,43.5883
2015-01-29,43.6702,43.8978,43.3798,43.652
2015-01-30,43.8614,43.9597,42.9874,43.0512
2015-02-02,43.0238,43.0421,42.0133,42.951
2015-02-03,42.9237,43.0603,42.1317,42.6142
2015-02-04,42.3502,42.3684,41.2395,41.2942
2015-02-05,40.93,41.1758,40.5112,41.1485
2015-02-06,41.2304,41.2304,39.7101,39.8922
2015-02-09,39.8922,40.1835,39.7001,39.7283
2015-02-10,39.1548,39.2367,37.8257,38.8544
2015-02-11,39.0365,39.4006,38.5084,38.7724
2015-02-12,38.8362,39.1002,38.6177,38.8453
2015-02-13,38.8817,39.0547,38.4993,39.0273
2015-02-17,39.1821,39.6828,38.909,39.1275
2015-02-18,39.2003,39.6464,38.7633,39.6464
2015-02-19,39.5918,39.6464,39.0182,39.1093
2015-02-20,39.2003,39.6464,39.1003,39.5645
2015-02-23,39.5007,39.8194,39.3733,39.8103
2015-02-24,39.3915,39.4734,38.2763,38.381
2015-02-25,38.8453,38.8999,38.12,38.5084
2015-02-26,38.5266,38.5266,37.9167,38.035
2015-02-27,38.1352,38.5904,37.8348,38.5631
2015-03-02,38.5995,39.0,38.3264,38.3992
2015-03-03,38.2991,38.5449,38.035,38.4356
2015-03-04,38.4174,38.5994,37.9349,38.035
2015-03-05,38.208,38.9181,38.1534,38.1807
2015-03-06,37.6072,37.6072,36.5785,36.7241
2015-03-09,36.9062,37.1884,36.7878,36.9972
2015-03-10,37.1793,37.2977,36.8698,36.9881
2015-03-11,36.9881,37.0428,36.3054,36.3964
2015-03-12,36.6422,36.9335,36.5329,36.715
2015-03-13,36.715,36.8288,36.4783,36.5876
2015-03-16,36.7332,37.2977,36.7332,36.9244
2015-03-17,36.9244,37.3659,36.6695,37.0974
2015-03-18,37.1247,38.035,36.8698,37.9258
2015-03-19,37.7893,38.208,37.5389,37.5435
2015-03-20,37.4797,38.6905,37.3614,38.6359
2015-03-23,38.6905,39.1184,38.5813,38.6177
2015-03-24,38.5722,38.804,38.2808,38.6541
2015-03-25,38.6177,38.8908,37.903,38.0624
2015-03-26,37.9713,38.3446,37.8894,38.0988
2015-03-27,38.1716,38.5266,38.0715,38.3719
2015-03-30,38.7542,39.8922,38.5449,39.8831
2015-03-31,39.965,40.2837,39.2914,39.3369
2015-04-01,39.2822,39.8285,38.9545,39.6919
2015-04-02,39.6646,40.3155,39.5645,40.047
2015-04-06,40.4293,40.7707,40.1471,40.5932
2015-04-07,40.6205,40.6751,40.0925,40.2654
2015-04-08,40.0743,40.2108,39.8376,39.9832
2015-04-09,39.8194,39.9286,38.8271,38.9818
2015-04-10,39.2549,39.4552,38.645,38.818
2015-04-13,38.8362,38.899,38.5813,38.5813
2015-04-14,38.9363,39.0911,38.7633,38.8726
2015-04-15,38.8726,39.5189,38.7815,39.1548
2015-04-16,38.9363,39.4188,38.7815,39.2003
2015-04-17,39.1457,39.6555,39.0547,39.346
2015-04-20,39.3551,39.6373,39.1548,39.4461
2015-04-21,39.346,39.5736,38.7907,39.0091
2015-04-22,38.9454,39.0091,38.2581,38.4083
2015-04-23,38.4083,38.8817,38.2991,38.7542
2015-04-24,38.7907,38.9181,38.5358,38.645
2015-04-27,38.6177,38.9454,38.4948,38.6086
2015-04-28,38.472,38.6359,38.2444,38.5722
2015-04-29,38.1261,38.3446,37.3887,37.5799
2015-04-30,37.2886,37.5343,36.36,36.6786
2015-05-01,36.6513,37.2612,36.5967,36.9608
2015-05-04,37.152,37.2794,36.8698,37.0974
2015-05-05,37.1065,37.2794,35.9048,36.0049
2015-05-06,36.0049,36.0049,35.3131,35.6863
2015-05-07,35.2766,35.9594,35.2766,35.7227
2015-05-08,36.2325,37.0063,36.1324,36.2507
2015-05-11,35.5133,36.2234,35.4951,35.659
2015-05-12,35.3495,35.8638,35.0764,35.7318
2015-05-13,35.9685,36.2871,35.1128,35.1401
2015-05-14,35.4405,35.7956,35.3859,35.7409
2015-05-15,35.923,36.5785,35.8775,36.2325
2015-05-18,35.9958,36.3054,35.8633,36.2507
2015-05-19,36.0414,36.6012,36.014,36.2598
2015-05-20,36.4783,36.5603,36.1597,36.2143
2015-05-21,36.2963,36.4237,35.8411,36.0049
2015-05-22,35.9412,36.1415,35.568,35.9958
2015-05-26,36.0414,36.0414,35.3222,35.6135
2015-05-27,35.6863,35.9867,35.5042,35.9139
2015-05-28,35.8138,35.9321,35.4086,35.6135
2015-05-29,35.6408,35.7682,35.1856,35.2493
2015-06-01,35.4132,35.7956,35.2493,35.6044
2015-06-02,35.5042,35.5498,35.1401,35.4223
2015-06-03,35.222,35.3859,34.6849,34.8124
2015-06-04,34.8215,34.9944,34.5119,34.8579
2015-06-05,34.3845,34.5301,33.8474,34.0112
2015-06-08,33.9839,34.2206,33.7563,33.9202
2015-06-09,33.9202,34.1387,33.5652,33.8565
2015-06-10,33.9111,34.5848,33.821,34.4118
2015-06-11,34.5848,34.7304,34.4664,34.6394
2015-06-12,34.6303,34.9398,34.6121,34.6485
2015-06-15,34.6485,34.8215,34.1751,34.1842
2015-06-16,34.2206,34.4619,34.1114,34.3845
2015-06-17,34.3663,34.7668,34.1387,34.7213
2015-06-18,34.7759,35.1583,34.6303,34.9853
2015-06-19,35.304,35.304,34.1159,34.3481
2015-06-22,34.4573,34.6576,34.1751,34.2024
2015-06-23,34.2661,34.4664,33.8814,33.9566
2015-06-24,33.9566,34.075,33.5287,33.5287
2015-06-25,33.547,33.6281,33.0645,33.0827
2015-06-26,33.11,33.6653,32.9552,33.5834
2015-06-29,33.5561,33.993,33.4286,33.4468
2015-06-30,33.5925,33.7017,33.11,33.201
2015-07-01,33.3376,33.6744,33.0827,33.6107
2015-07-02,33.8656,34.1387,33.5287,33.6653
2015-07-06,33.4559,33.8747,33.4559,33.811
2015-07-07,33.9657,34.6667,33.9657,34.5484
2015-07-08,34.2752,34.7122,34.2752,34.4755
2015-07-09,34.7213,34.7942,34.2479,34.2661
2015-07-10,34.4846,34.7577,34.1933,34.4027
2015-07-13,34.7213,34.8215,34.257,34.5392
2015-07-14,34.521,34.5939,34.3026,34.4209
2015-07-15,34.3572,34.5666,33.993,34.0932
2015-07-16,34.2661,34.4937,34.1933,34.4118
2015-07-17,34.3481,34.4391,34.0112,34.1387
2015-07-20,34.1023,34.3754,33.9293,34.3481
2015-07-21,34.2934,34.4482,34.1478,34.1751
2015-07-22,34.1751,34.6121,34.1751,34.5575
2015-07-23,34.5484,34.5484,34.1114,34.3481
2015-07-24,34.1933,34.8306,34.1933,34.6121
2015-07-27,34.7031,35.1264,34.7031,34.8852
2015-07-28,34.9671,35.2493,34.8215,35.1765
2015-07-29,35.1219,35.4223,34.8761,35.2857
2015-07-30,35.2038,35.3313,34.603,34.8215
2015-07-31,35.1037,35.4951,35.0491,35.1765
2015-08-03,35.131,35.4815,35.0946,35.3768
2015-08-04,35.3768,35.7773,35.1128,35.3768
2015-08-05,35.4405,35.4678,34.9489,35.1219
2015-08-06,34.5575,34.7304,33.943,34.5484
2015-08-07,34.5028,34.8488,34.257,34.6212
2015-08-10,34.785,34.8943,34.3026,34.4391
2015-08-11,34.4118,34.7942,34.4118,34.6303
2015-08-12,34.5484,36.0685,34.5028,36.0414
2015-08-13,35.9685,36.2507,35.4314,36.1415
2015-08-14,36.1051,36.5967,35.8593,36.5694
2015-08-17,36.5147,37.0792,36.3964,37.0701
2015-08-18,36.8971,37.0428,36.7696,37.0063
2015-08-19,36.7605,37.2339,36.5694,37.0519
2015-08-20,36.888,37.1019,36.6422,36.8789
2015-08-21,36.7423,37.0883,36.3509,36.3509
2015-08-24,34.8852,36.2234,34.166,34.9489
2015-08-25,35.4587,35.486,33.465,33.5014
2015-08-26,33.9566,34.2115,33.465,34.1478
2015-08-27,34.4209,34.8579,33.9384,34.5392
2015-08-28,34.5392,34.5529,34.075,34.3208
2015-08-31,34.257,34.2843,33.729,33.7381
2015-09-01,33.3831,33.6653,33.0554,33.3467
2015-09-02,33.6926,33.7017,33.1191,33.4377
2015-09-03,33.6107,33.6471,33.1464,33.3012
2015-09-04,33.028,33.1191,32.1996,32.4818
2015-09-08,32.7822,33.3285,32.7003,33.2647
2015-09-09,33.4286,33.6016,32.7185,32.8005
2015-09-10,32.7367,33.028,32.4818,32.6366
2015-09-11,32.6366,33.0736,32.5,32.8551
2015-09-14,32.9552,33.1737,32.9097,33.1646
2015-09-15,33.2192,33.7336,33.028,33.6926
2015-09-16,33.6562,34.3572,33.6016,34.3026
2015-09-17,34.2388,35.568,34.1205,34.9398
2015-09-18,34.4573,35.9958,34.4118,35.1401
2015-09-21,34.7304,35.3859,34.694,35.1856
2015-09-22,34.785,35.1856,34.7668,34.867
2015-09-23,34.8852,35.2675,34.8215,35.1037
2015-09-24,34.867,35.3677,34.867,34.9671
2015-09-25,35.1674,35.2129,34.7759,34.958
2015-09-28,34.694,34.8397,33.1828,33.5196
2015-09-29,33.5287,34.0568,33.4104,33.9657
2015-09-30,34.2024,34.3845,33.7472,33.9111
2015-10-01,34.0568,34.2115,33.638,33.9475
2015-10-02,33.6653,34.1842,33.5925,34.1842
2015-10-05,34.4664,35.0308,34.3026,35.0035
2015-10-06,34.9762,35.2129,34.8579,35.0946
2015-10-07,35.0582,35.3768,34.9762,35.3677
2015-10-08,35.3586,35.8138,35.1674,35.7773
2015-10-09,35.7591,35.7956,35.5133,35.6044
2015-10-12,35.7136,35.9594,35.6044,35.6954
2015-10-13,35.5042,35.6954,35.2402,35.4041
2015-10-14,35.3313,35.4223,34.7031,34.8397
2015-10-15,34.7942,35.131,34.6804,35.0764
2015-10-16,35.1492,35.5315,35.0946,35.4951
2015-10-19,35.486,35.8047,35.4769,35.7864
2015-10-20,35.6499,35.8502,35.4496,35.6772
2015-10-21,35.8411,36.0049,35.6772,35.8684
2015-10-22,35.9139,36.2598,35.6408,36.2052
2015-10-23,36.0778,36.0778,34.9853,35.1765
2015-10-26,35.1765,35.2175,34.6758,35.1037
2015-10-27,35.0491,35.222,34.7714,35.0764
2015-10-28,35.1037,35.2621,34.3026,34.6576
2015-10-29,34.521,34.8488,34.2479,34.8124
2015-10-30,34.7486,34.9034,33.811,33.8656
2015-11-02,33.8383,34.3663,33.6168,34.3299
2015-11-03,34.1842,34.2024,33.2829,33.4377
2015-11-04,33.4104,33.4559,32.7731,32.8824
2015-11-05,32.3544,32.6275,32.1086,32.6002
2015-11-06,32.1268,32.1814,30.6793,30.9251
2015-11-09,30.825,30.9251,29.9237,30.0967
2015-11-10,30.1058,30.5336,29.9692,30.1877
2015-11-11,30.3425,30.4335,30.0056,30.1149
2015-11-12,30.0967,30.3789,29.9892,30.1604
2015-11-13,30.2423,30.6156,29.778,29.8145
2015-11-16,29.8236,30.4745,29.8236,30.4699
2015-11-17,30.3607,30.5336,30.2241,30.4153
2015-11-18,30.5701,31.0526,30.3334,31.0526
2015-11-19,31.2346,31.7353,31.0617,31.535
2015-11-20,31.6443,31.9356,31.5259,31.8264
2015-11-23,31.8446,32.3271,31.8446,32.1814
2015-11-24,32.0084,32.1905,31.7717,32.145
2015-11-25,32.145,32.3953,32.0813,32.2724
2015-11-27,32.2178,32.7367,32.2178,32.5364
2015-11-30,32.6093,32.9733,32.2269,32.3453
2015-12-01,32.5729,33.0417,32.4909,32.8915
2015-12-02,32.7367,33.0645,32.2815,32.3453
2015-12-03,32.2815,32.3908,31.8264,31.9447
2015-12-04,32.1723,32.7549,32.0448,32.5729
2015-12-07,32.5,32.9507,32.3271,32.9006
2015-12-08,32.7913,33.3376,32.7731,33.028
2015-12-09,32.7913,33.2192,32.4636,32.7276
2015-12-10,32.7549,32.8278,32.0266,32.0448
2015-12-11,31.8173,32.4545,31.8082,32.3999
2015-12-14,32.2815,32.7094,32.1268,32.6639
2015-12-15,32.8551,33.201,32.8187,33.0007
2015-12-16,33.1373,33.8656,33.0098,33.8201
2015-12-17,33.8565,34.2024,33.4832,33.902
2015-12-18,33.7745,33.9019,33.028,33.028
2015-12-21,33.3649,33.5433,33.1373,33.465
2015-12-22,33.5743,34.1023,33.4741,33.7199
2015-12-23,33.7563,34.3572,33.7563,34.339
2015-12-24,34.3572,34.5666,34.2297,34.43
2015-12-28,34.3572,34.8351,34.1842,34.785
2015-12-29,34.8488,35.304,34.7978,35.1492
2015-12-30,35.1765,35.4223,35.0582,35.1856
2015-12-31,35.222,35.3404,34.8124,34.8124
2016-01-04,34.2297,34.8306,34.0203,34.8033
2016-01-05,34.8306,35.7318,34.785,35.5589
2016-01-06,34.7213,35.0764,33.8565,34.1296
2016-01-07,33.5014,33.9202,33.0645,33.2192
2016-01-08,33.3194,33.6835,33.0645,33.1282
2016-01-11,33.3649,33.8565,33.3285,33.6471
2016-01-12,33.4286,33.6835,33.0371,33.547
2016-01-13,33.5925,33.9475,32.9131,32.9552
2016-01-14,33.028,33.1828,32.6639,32.7367
2016-01-15,32.3817,33.0599,31.9811,32.9916
2016-01-19,33.1646,33.6425,33.1191,33.2829
2016-01-20,33.0462,33.2738,31.444,31.8355
2016-01-21,32.2906,32.9916,31.7353,32.4363
2016-01-22,32.8551,33.8747,32.8005,33.6471
2016-01-25,33.6471,33.8201,33.1009,33.3558
2016-01-26,33.4104,33.9976,33.2829,33.729
2016-01-27,33.5105,33.6562,31.5988,32.054
2016-01-28,32.2178,32.3362,31.7808,31.8628
2016-01-29,32.4363,33.0649,31.8866,32.7185
2016-02-01,32.582,33.292,32.2451,32.9825
2016-02-02,32.6548,32.8915,32.1632,32.6275
2016-02-03,32.8824,33.5582,32.7185,33.3558
2016-02-04,32.9916,33.0918,32.207,32.6093
2016-02-05,32.4818,32.673,32.0631,32.409
2016-02-08,32.2998,32.4636,30.0238,30.9433
2016-02-09,29.2682,29.2773,24.9077,25.7906
2016-02-10,25.7997,25.8817,24.1793,24.771
2016-02-11,23.4419,23.979,22.8596,23.7878
2016-02-12,24.1247,24.3158,23.6968,23.9062
2016-02-16,24.1975,24.7346,23.715,24.507
2016-02-17,24.589,25.3355,24.5799,24.9167
2016-02-18,25.0077,25.7952,24.7528,25.563
2016-02-19,25.3992,25.9909,25.208,25.8544
2016-02-22,26.1912,26.6191,26.1275,26.3733
2016-02-23,26.2822,26.4006,25.7087,26.0
2016-02-24,25.9272,26.4643,25.5357,26.3004
2016-02-25,26.2913,27.0287,26.2094,27.0014
2016-02-26,27.0105,27.6387,26.965,27.2199
2016-02-29,27.2472,27.6205,26.8558,26.9286
2016-03-01,27.1562,27.9937,27.1198,27.9846
2016-03-02,27.8754,28.2168,27.7753,28.2031
2016-03-03,28.2577,28.6037,28.0922,28.5673
2016-03-04,28.6219,29.0042,28.3215,28.6765
2016-03-07,28.5855,29.596,28.3903,29.5596
2016-03-08,29.5596,29.5596,28.9496,29.2045
2016-03-09,29.2409,29.646,29.2273,29.4048
2016-03-10,29.4503,29.4685,28.5217,28.8677
2016-03-11,29.2318,29.7598,29.1408,29.7416
2016-03-14,29.6051,29.7325,29.3046,29.7052
2016-03-15,29.4503,29.4867,28.631,29.2682
2016-03-16,28.9405,29.4321,28.5308,29.3684
2016-03-17,29.3957,30.0511,29.2318,29.9783
2016-03-18,30.0147,30.3425,29.8964,30.1877
2016-03-21,30.124,30.215,29.3957,29.5231
2016-03-22,29.3593,29.4048,28.8677,29.2955
2016-03-23,29.2955,29.3502,28.6583,28.7948
2016-03-24,28.6219,28.9496,28.1849,28.8495
2016-03-28,28.9041,29.5049,28.5673,29.2955
2016-03-29,29.1317,30.0329,28.6674,29.9874
2016-03-30,30.042,30.2423,29.5049,29.5322
2016-03-31,29.5778,29.9965,29.0042,29.6597
2016-04-01,29.5687,29.7052,29.0497,29.687
2016-04-04,29.8327,30.2514,29.7143,30.0147
2016-04-05,29.86,30.1331,29.7052,30.1149
2016-04-06,30.1422,30.743,30.124,30.652
2016-04-07,30.6338,31.0526,30.2878,30.9888
2016-04-08,31.1163,31.8355,31.1163,31.5441
2016-04-11,31.6716,31.8628,31.4167,31.5715
2016-04-12,31.6716,32.0995,31.5942,31.8446
2016-04-13,31.972,32.0904,31.7171,31.9538
2016-04-14,31.9447,32.0357,31.8491,31.9083
2016-04-15,31.8901,32.0084,31.5988,31.799
2016-04-18,31.7626,31.9902,31.5624,31.9811
2016-04-19,32.0631,32.5911,31.9629,32.0813
2016-04-20,32.1541,32.1905,31.1163,31.1436
2016-04-21,31.1709,31.1709,29.8736,30.0785
2016-04-22,30.1786,30.9979,30.0967,30.7339
2016-04-25,30.7157,30.9615,30.5427,30.9615
2016-04-26,31.0799,31.667,31.0363,31.4076
2016-04-27,31.444,31.5077,30.8068,31.1618
2016-04-28,30.9615,31.0434,30.6975,30.8705
2016-04-29,30.6884,30.8432,30.1877,30.7976
2016-05-02,31.0434,31.3894,30.9524,31.271
2016-05-03,31.2255,31.7262,31.0343,31.7171
2016-05-04,31.5259,32.6275,31.5077,32.1996
2016-05-05,31.6716,31.7353,31.0343,31.1527
2016-05-06,31.0617,31.5897,30.8796,31.4531
2016-05-09,32.7276,33.5925,32.6002,32.764
2016-05-10,32.9825,33.1282,31.0252,31.5988
2016-05-11,31.2983,31.5441,30.3243,31.0434
2016-05-12,31.0343,31.3894,30.6975,31.1709
2016-05-13,31.0617,31.1982,30.8523,31.1345
2016-05-16,31.0617,31.576,30.9979,31.2801
2016-05-17,31.1891,31.2892,30.4153,30.5701
2016-05-18,30.5336,30.5883,29.3046,29.6142
2016-05-19,29.332,29.5322,29.1226,29.3684
2016-05-20,29.5687,29.6233,29.2136,29.4412
2016-05-23,29.4958,29.7507,29.2409,29.5504
2016-05-24,29.7871,30.042,29.5687,29.6415
2016-05-25,29.6779,29.7689,29.1089,29.6597
2016-05-26,29.6961,29.9237,29.5504,29.7507
2016-05-27,29.7598,30.215,29.7598,30.0785
2016-05-31,30.0785,30.1331,29.6961,29.9237
2016-06-01,29.8327,30.1695,29.778,30.1422
2016-06-02,30.0694,30.3971,29.8964,30.3789
2016-06-03,30.5154,30.9524,30.3698,30.561
2016-06-06,30.5883,30.7248,30.0967,30.4244
2016-06-07,30.4426,31.1117,30.4426,31.007
2016-06-08,30.9524,31.3075,30.7339,31.2892
2016-06-09,31.2619,31.4167,31.0161,31.3894
2016-06-10,31.2073,31.4076,31.089,31.3439
2016-06-13,31.3439,31.8437,31.3439,31.4895
2016-06-14,31.4622,31.5769,31.231,31.4076
2016-06-15,31.4167,31.972,31.4167,31.6807
2016-06-16,31.5897,31.8446,31.5259,31.8082
2016-06-17,31.7808,32.1541,31.6534,32.0266
2016-06-20,32.1723,32.2542,31.7353,31.7444
2016-06-21,31.8446,32.0175,31.6579,31.8719
2016-06-22,30.7157,31.3075,30.7066,30.9979
2016-06-23,31.1891,31.5168,30.8978,31.0526
2016-06-24,30.5336,31.8446,30.4244,31.1618
2016-06-27,31.0161,31.2392,30.5883,31.1163
2016-06-28,31.3439,31.8446,31.1436,31.8355
2016-06-29,31.8992,32.4272,31.8446,32.1996
2016-06-30,32.2815,32.3908,31.708,32.2087
2016-07-01,32.2998,32.6366,32.0995,32.1541
2016-07-05,32.1359,32.5364,32.054,32.5273
2016-07-06,32.4272,32.5638,31.972,32.3453
2016-07-07,32.2451,32.318,31.4622,31.7535
2016-07-08,32.2087,32.7185,31.8537,32.7185
2016-07-11,32.7731,33.374,32.582,33.2647
2016-07-12,33.3103,33.9566,33.1737,33.7108
2016-07-13,33.811,34.075,33.3467,34.075
2016-07-14,33.9384,33.993,33.374,33.638
2016-07-15,33.6562,34.1387,33.4832,34.075
2016-07-18,34.1114,34.2343,33.8337,34.0203
2016-07-19,34.1387,34.7486,33.9839,34.7122
2016-07-20,34.6667,34.9034,34.4573,34.9034
2016-07-21,34.8033,35.2402,34.6758,35.0946
2016-07-22,35.0126,35.5042,34.9398,35.4132
2016-07-25,35.4132,35.5771,35.141,35.5771
2016-07-26,35.395,35.486,35.1583,35.3404
2016-07-27,35.3131,35.3768,34.8852,35.2038
2016-07-28,35.222,35.6681,34.9307,35.5224
2016-07-29,35.5498,36.0505,35.5406,35.7136
2016-08-01,35.7136,35.9412,35.5224,35.9139
2016-08-02,35.8138,35.9321,35.3404,35.4678
2016-08-03,35.5042,35.6226,34.958,35.5862
2016-08-04,34.9853,35.1173,34.7577,35.0491
2016-08-05,35.0491,35.222,34.867,34.9671
2016-08-08,34.9944,35.2129,34.8397,34.9944
2016-08-09,35.0399,35.6135,34.5939,35.4587
2016-08-10,35.5771,36.2963,35.5771,35.9594
2016-08-11,35.9503,36.0505,34.9034,35.1037
2016-08-12,35.1583,35.9412,35.1037,35.6226
2016-08-15,35.6226,35.964,35.5589,35.9503
2016-08-16,35.7773,35.8274,35.5452,35.7136
2016-08-17,35.7864,36.1825,35.527,36.0596
2016-08-18,35.9503,36.3782,35.9503,36.2689
2016-08-19,36.1597,36.3782,35.7409,35.9321
2016-08-22,35.9412,36.1506,35.7227,35.8866
2016-08-23,36.0778,36.4055,35.9321,36.2143
2016-08-24,36.2234,36.3418,35.7136,35.923
2016-08-25,35.923,36.319,35.8411,36.0322
2016-08-26,36.1142,36.2234,34.9853,35.2675
2016-08-29,35.2675,35.8502,35.2675,35.6226
2016-08-30,35.7136,35.9048,35.3859,35.8866
2016-08-31,35.8957,36.0414,35.5953,35.8047
2016-09-01,35.8229,35.8593,35.1311,35.3222
2016-09-02,35.4223,36.0322,35.2593,35.5771
2016-09-06,35.6681,36.5512,35.5133,36.5329
2016-09-07,36.4328,36.8061,36.3964,36.715
2016-09-08,36.4874,36.4874,35.8502,36.0505
2016-09-09,35.6772,35.6772,34.43,34.7122
2016-09-12,34.5028,35.0035,34.2934,34.6849
2016-09-13,34.5028,34.603,33.5105,33.638
2016-09-14,33.7927,33.9748,33.4013,33.6289
2016-09-15,33.5834,33.8747,33.3649,33.7108
2016-09-16,33.5743,33.8838,33.3649,33.8292
2016-09-19,33.9657,34.1478,33.8747,34.0841
2016-09-20,34.3481,34.5484,34.1751,34.2661
2016-09-21,34.257,34.785,33.7927,34.7304
2016-09-22,34.958,35.486,34.8943,35.4223
2016-09-23,35.3313,35.9867,35.0126,35.7591
2016-09-26,35.6135,36.1415,35.5407,36.0505
2016-09-27,36.0505,36.0596,35.1948,35.2857
2016-09-28,35.4314,35.8365,35.3313,35.8138
2016-09-29,35.659,35.7956,35.0673,35.0855
2016-09-30,35.3404,35.5953,34.521,34.5484
2016-10-03,34.3936,34.6757,34.1478,34.2388
2016-10-04,34.3754,34.4255,33.1919,33.5378
2016-10-05,33.6562,33.8565,32.8278,33.0554
2016-10-06,32.937,33.1282,32.4818,32.7276
2016-10-07,32.8733,33.4149,32.6366,32.6912
2016-10-10,32.7276,33.0371,32.6821,32.8278
2016-10-11,32.7367,32.9006,32.3453,32.5455
2016-10-12,32.5182,32.8815,32.4327,32.8551
2016-10-13,32.7094,33.3649,32.5547,33.201
2016-10-14,33.201,33.3831,32.8915,32.9916
2016-10-17,33.0098,33.3467,32.8554,33.0645
2016-10-18,33.2829,33.7645,33.1191,33.4013
2016-10-19,33.4195,34.0021,33.3194,33.5469
2016-10-20,33.4741,33.6744,33.292,33.374
2016-10-21,33.1191,33.3194,32.5683,32.6366
2016-10-24,32.8551,33.2465,32.5911,32.846
2016-10-25,32.8915,32.9097,32.3908,32.3999
2016-10-26,32.3544,32.4272,31.7444,31.9265
2016-10-27,31.8628,31.8628,30.9661,31.0252
2016-10-28,31.1436,31.3712,31.007,31.0799
2016-10-31,31.1982,31.3621,31.0708,31.18
2016-11-01,30.95,32.32,30.25,30.47
2016-11-02,30.41,30.45,29.22,29.23
2016-11-03,29.23,29.23,28.38,28.67
2016-11-04,28.77,29.57,28.61,29.52
2016-11-07,29.94,30.28,29.66,30.26
2016-11-08,29.82,29.84,29.275,29.71
2016-11-09,28.76,29.38,27.89,28.83
2016-11-10,28.66,28.79,27.61,27.94
2016-11-11,27.85,28.41,27.85,28.1
2016-11-14,27.98,29.51,27.85,29.4
2016-11-15,29.51,29.96,28.98,29.41
2016-11-16,29.34,29.61,29.07,29.32
2016-11-17,29.21,29.35,28.67,28.76
2016-11-18,28.78,28.94,28.48,28.68
2016-11-21,29.02,29.33,28.6,28.67
2016-11-22,29.03,29.43,28.545,29.4
2016-11-23,29.16,29.57,28.92,29.51
2016-11-25,29.59,29.65,29.13,29.26
2016-11-28,29.25,29.78,29.2,29.38
2016-11-29,29.38,29.9,29.33,29.6
2016-11-30,29.33,29.67,29.01,29.53
2016-12-01,29.33,29.35,28.42,28.61
2016-12-02,28.76,29.46,28.76,29.08
2016-12-05,29.15,29.26,28.82,29.23
2016-12-06,29.28,29.63,29.19,29.43
2016-12-07,29.55,30.19,29.5,30.13
2016-12-08,29.87,30.435,29.7,30.11
2016-12-09,30.19,30.58,29.95,30.04
2016-12-12,29.91,30.36,29.73,30.35
2016-12-13,30.55,30.68,30.035,30.39
2016-12-14,30.4,30.4575,28.97,29.01
2016-12-15,28.97,29.05,28.3,28.41
2016-12-16,28.46,29.26,28.41,29.14
2016-12-19,29.41,30.425,29.41,30.3
2016-12-20,30.21,30.42,29.81,30.02
2016-12-21,30.02,30.29,29.33,29.37
2016-12-22,29.34,29.43,28.89,29.18
2016-12-23,29.28,29.4,29.07,29.26
2016-12-27,29.26,29.4899,29.15,29.37
2016-12-28,29.4,29.4,28.8,29.01
2016-12-29,29.1,29.47,28.955,29.36
2016-12-30,29.48,29.84,29.33,29.72
2017-01-03,29.88,29.92,29.52,29.78
2017-01-04,29.89,30.57,29.81,30.44
2017-01-05,30.55,31.26,30.245,31.15
2017-01-06,31.13,31.48,30.62,31.22
2017-01-09,31.23,31.35,30.81,30.81
2017-01-10,30.71,30.75,29.95,30.05
2017-01-11,30.1,30.485,29.97,30.4
2017-01-12,30.4,30.5,29.9875,30.41
2017-01-13,30.34,30.51,29.99,30.22
2017-01-17,30.33,30.73,30.33,30.68
2017-01-18,30.55,30.915,30.53,30.55
2017-01-19,30.41,30.41,29.7458,29.96
2017-01-20,29.95,30.15,29.87,30.07
2017-01-23,30.11,30.365,29.96,30.33
2017-01-24,30.34,30.48,30.03,30.24
2017-01-25,30.5,30.61,29.675,29.88
2017-01-26,29.94,30.07,29.53,29.6
2017-01-27,29.67,29.72,29.39,29.56
2017-01-30,29.59,30.13,29.36,30.07
2017-01-31,30.14,30.77,29.76,30.32
2017-02-01,30.33,30.63,29.81,30.04
2017-02-02,30.0,30.72,29.88,30.7
2017-02-03,30.8,31.0,30.58,30.75
2017-02-06,30.75,30.93,30.5399,30.92
2017-02-07,31.0,31.09,30.68,30.75
2017-02-08,30.86,31.13,30.77,30.91
2017-02-09,30.96,31.06,30.62,30.68
2017-02-10,30.61,30.805,30.55,30.7
2017-02-13,30.5,30.92,30.31,30.85
2017-02-14,30.73,30.83,30.22,30.41
2017-02-15,30.32,30.46,29.86,30.42
2017-02-16,30.5,31.29,30.5,30.98
2017-02-17,30.97,31.11,30.75,31.07
2017-02-21,31.0,31.51,30.74,31.4
2017-02-22,31.48,31.91,31.43,31.64
2017-02-23,31.78,32.16,31.64,32.13
2017-02-24,32.04,32.69,31.95,32.64
2017-02-27,32.73,32.9,32.57,32.73
2017-02-28,32.75,32.97,32.6,32.79
2017-03-01,32.59,32.59,32.15,32.2
2017-03-02,32.14,32.26,31.77,32.11
2017-03-03,32.04,32.25,31.6,32.2
2017-03-06,32.05,32.16,31.39,31.5
2017-03-07,31.36,31.43,30.97,31.3
2017-03-08,31.06,31.06,30.31,30.36
2017-03-09,30.35,30.47,29.59,29.75
2017-03-10,29.94,30.3,29.53,29.76
2017-03-13,29.83,30.0,29.56,29.78
2017-03-14,29.72,29.785,29.41,29.51
2017-03-15,29.69,30.24,29.58,30.08
2017-03-16,30.01,30.23,29.87,30.02
2017-03-17,30.03,30.405,29.92,30.12
2017-03-20,30.42,30.48,30.08,30.17
2017-03-21,30.25,30.3004,29.92,30.01
2017-03-22,30.11,30.65,30.045,30.49
2017-03-23,30.44,30.87,30.44,30.57
2017-03-24,30.73,30.8,30.535,30.61
2017-03-27,30.41,31.09,30.41,30.79
2017-03-28,30.81,31.05,30.63,31.0
2017-03-29,31.0,31.12,30.81,31.02
2017-03-30,31.02,31.06,30.57,30.99
2017-03-31,31.03,31.38,31.01,31.28
2017-04-03,31.39,31.41,30.83,31.1
2017-04-04,31.22,31.36,30.98,31.05
2017-04-05,31.06,31.16,30.815,31.14
2017-04-06,31.11,31.44,30.9,31.4
2017-04-07,31.49,31.87,31.34,31.79
2017-04-10,31.79,31.98,31.72,31.91
2017-04-11,31.72,31.9,31.61,31.81
2017-04-12,31.76,31.925,31.69,31.9
2017-04-13,31.94,32.12,31.8,31.9
2017-04-17,32.02,32.27,31.9,32.27
2017-04-18,32.27,32.8,32.17,32.79
2017-04-19,32.77,32.78,32.28,32.4
2017-04-20,32.44,32.72,32.3,32.52
2017-04-21,32.43,32.6,32.35,32.5
2017-04-24,32.53,32.55,31.3507,32.01
2017-04-25,32.0,32.16,31.86,32.04
2017-04-26,31.93,31.98,31.54,31.63
2017-04-27,31.69,31.95,31.47,31.51
2017-04-28,31.46,31.5,30.92,31.35
2017-05-01,31.37,31.71,31.18,31.45
2017-05-02,31.5,31.685,30.935,31.26
