,index,1 Year Return,Action Code,BARR,Date,Firm Name,Period,Rating,Recommendation,Target Price,Unnamed: 0
0,0,-0.0,M,-2147483648,2005-12-28,Stifel,Not Provided,3,hold,-0.0,0.0
1,1,-0.0,M,-2147483648,2005-12-19,Bear Stearns & Co,Not Provided,5,outperform,41.5,1.0
2,2,-0.0,D,-2147483648,2005-12-13,JMP Securities,Not Provided,3,market perform,-0.0,2.0
3,3,-0.0,U,-2147483648,2005-11-11,EVA Dimensions,Not Provided,5,buy,-0.0,3.0
4,4,-0.0,M,-2147483648,2005-10-24,Morgan Stanley,Not Provided,1,Underwt/In-Line,-0.0,4.0
5,5,-0.0,M,-2147483648,2005-10-21,"Keefe, Bruyette & Woods",12 month,3,market perform,37.0,5.0
6,6,-0.0,M,-2147483648,2005-10-21,Baird,Not Provided,5,outperform,40.0,6.0
7,7,-0.0,M,-2147483648,2005-10-21,Raymond James,Not Provided,3,market perform,-0.0,7.0
8,8,-0.0,M,-2147483648,2005-10-03,Credit Suisse,12 month,3,neutral,37.0,8.0
9,9,-0.0,N,-2147483648,2005-09-06,William Blair & Co,Not Provided,5,outperform,-0.0,9.0
10,10,-0.0,M,-2147483648,2005-07-01,Stephens Inc,Not Provided,3,equalweight,-0.0,10.0
11,11,-0.0,U,-2147483648,2005-02-04,CIBC World Markets,Not Provided,3,sector perform,-0.0,11.0
12,12,-0.0,D,-2147483648,2004-10-29,J.P. Morgan,Not Provided,3,neutral,-0.0,12.0
13,13,-0.0,M,-2147483648,2006-01-31,SunTrust Robinson Humphrey,Not Provided,3,neutral,-0.0,13.0
14,14,-0.0,U,-2147483648,2006-01-20,Morgan Stanley,Not Provided,3,Equalwt/In-Line,-0.0,14.0
15,15,-0.0,M,-2147483648,2006-01-12,JMP Securities,Not Provided,3,market perform,-0.0,15.0
16,16,-0.0,M,-2147483648,2005-12-28,Stifel,Not Provided,3,hold,-0.0,16.0
17,17,-0.0,M,-2147483648,2005-12-19,Bear Stearns & Co,Not Provided,5,outperform,41.5,17.0
18,18,-0.0,U,-2147483648,2005-11-11,EVA Dimensions,Not Provided,5,buy,-0.0,18.0
19,19,-0.0,M,-2147483648,2005-10-21,"Keefe, Bruyette & Woods",12 month,3,market perform,37.0,19.0
20,20,-0.0,M,-2147483648,2005-10-21,Baird,Not Provided,5,outperform,40.0,20.0
21,21,-0.0,M,-2147483648,2005-10-21,Raymond James,Not Provided,3,market perform,-0.0,21.0
22,22,-0.0,M,-2147483648,2005-10-03,Credit Suisse,12 month,3,neutral,37.0,22.0
23,23,-0.0,N,-2147483648,2005-09-06,William Blair & Co,Not Provided,5,outperform,-0.0,23.0
24,24,-0.0,M,-2147483648,2005-07-01,Stephens Inc,Not Provided,3,equalweight,-0.0,24.0
25,25,-0.0,U,-2147483648,2005-02-04,CIBC World Markets,Not Provided,3,sector perform,-0.0,25.0
26,26,-0.0,D,-2147483648,2004-10-29,J.P. Morgan,Not Provided,3,neutral,-0.0,26.0
27,27,-0.0,M,-2147483648,2006-02-10,EVA Dimensions,Not Provided,5,buy,-0.0,27.0
28,28,-0.0,U,-2147483648,2006-02-03,SunTrust Robinson Humphrey,Not Provided,5,buy,44.0,28.0
29,29,-0.0,M,-2147483648,2006-02-03,"Keefe, Bruyette & Woods",12 month,3,market perform,38.0,29.0
30,30,-0.0,M,-2147483648,2006-02-03,Baird,Not Provided,5,outperform,45.0,30.0
31,31,-0.0,M,-2147483648,2006-02-02,Raymond James,Not Provided,3,market perform,-0.0,31.0
32,32,-0.0,M,-2147483648,2006-02-02,Stifel,Not Provided,3,hold,-0.0,32.0
33,33,-0.0,M,-2147483648,2006-02-02,JMP Securities,Not Provided,3,market perform,-0.0,33.0
34,34,-0.0,U,-2147483648,2006-01-20,Morgan Stanley,Not Provided,3,Equalwt/In-Line,-0.0,34.0
35,35,-0.0,M,-2147483648,2005-12-19,Bear Stearns & Co,Not Provided,5,outperform,41.5,35.0
36,36,-0.0,M,-2147483648,2005-10-03,Credit Suisse,12 month,3,neutral,37.0,36.0
37,37,-0.0,N,-2147483648,2005-09-06,William Blair & Co,Not Provided,5,outperform,-0.0,37.0
38,38,-0.0,M,-2147483648,2005-07-01,Stephens Inc,Not Provided,3,equalweight,-0.0,38.0
39,39,-0.0,U,-2147483648,2005-02-04,CIBC World Markets,Not Provided,3,sector perform,-0.0,39.0
40,40,-0.0,D,-2147483648,2004-10-29,J.P. Morgan,Not Provided,3,neutral,-0.0,40.0
41,41,-0.0,N,-2147483648,2006-03-29,Raymond James,Not Provided,3,market perform,-0.0,41.0
42,42,-0.0,M,-2147483648,2006-03-24,Stephens Inc,Not Provided,3,equalweight,-0.0,42.0
43,43,-0.0,M,-2147483648,2006-03-15,Credit Suisse,12 month,3,neutral,37.0,43.0
44,44,-0.0,N,-2147483648,2006-03-08,CIBC World Markets,Not Provided,3,sector perform,-0.0,44.0
45,45,-0.0,M,-2147483648,2006-02-10,EVA Dimensions,Not Provided,5,buy,-0.0,45.0
46,46,-0.0,U,-2147483648,2006-02-03,SunTrust Robinson Humphrey,Not Provided,5,buy,44.0,46.0
47,47,-0.0,M,-2147483648,2006-02-03,"Keefe, Bruyette & Woods",12 month,3,market perform,38.0,47.0
48,48,-0.0,M,-2147483648,2006-02-03,Baird,Not Provided,5,outperform,45.0,48.0
49,49,-0.0,M,-2147483648,2006-02-02,Stifel,Not Provided,3,hold,-0.0,49.0
50,50,-0.0,M,-2147483648,2006-02-02,JMP Securities,Not Provided,3,market perform,-0.0,50.0
51,51,-0.0,M,-2147483648,2005-12-19,Bear Stearns & Co,Not Provided,5,outperform,41.5,51.0
52,52,-0.0,N,-2147483648,2005-09-06,William Blair & Co,Not Provided,5,outperform,-0.0,52.0
53,53,-0.0,D,-2147483648,2004-10-29,J.P. Morgan,Not Provided,3,neutral,-0.0,53.0
54,54,-0.0,M,-2147483648,2006-04-21,SunTrust Robinson Humphrey,Not Provided,5,buy,44.0,54.0
55,55,-0.0,M,-2147483648,2006-04-21,"Keefe, Bruyette & Woods",12 month,3,market perform,38.0,55.0
56,56,-0.0,M,-2147483648,2006-04-21,Baird,Not Provided,5,outperform,45.0,56.0
57,57,-0.0,N,-2147483648,2006-04-21,Raymond James,Not Provided,3,market perform,-0.0,57.0
58,58,-0.0,M,-2147483648,2006-04-21,Stifel,Not Provided,3,hold,-0.0,58.0
59,59,-0.0,M,-2147483648,2006-04-21,JMP Securities,Not Provided,3,market perform,-0.0,59.0
60,60,-0.0,M,-2147483648,2006-04-20,Bear Stearns & Co,Not Provided,5,outperform,42.5,60.0
61,61,-0.0,M,-2147483648,2006-04-20,Credit Suisse,12 month,3,neutral,37.0,61.0
62,62,-0.0,M,-2147483648,2006-03-24,Stephens Inc,Not Provided,3,equalweight,-0.0,62.0
63,63,-0.0,N,-2147483648,2006-03-08,CIBC World Markets,Not Provided,3,sector perform,-0.0,63.0
64,64,-0.0,M,-2147483648,2006-02-10,EVA Dimensions,Not Provided,5,buy,-0.0,64.0
65,65,-0.0,N,-2147483648,2005-09-06,William Blair & Co,Not Provided,5,outperform,-0.0,65.0
66,66,-0.0,D,-2147483648,2004-10-29,J.P. Morgan,Not Provided,3,neutral,-0.0,66.0
67,67,-0.0,M,-2147483648,2006-05-25,SunTrust Robinson Humphrey,Not Provided,5,buy,44.0,67.0
68,68,-0.0,N,-2147483648,2006-05-24,Lehman Brothers,Not Provided,3,equalweight,34.0,68.0
69,69,-0.0,N,-2147483648,2006-05-18,Morgan Stanley,Not Provided,3,Equalwt/In-Line,-0.0,69.0
70,70,-0.0,M,-2147483648,2006-05-12,EVA Dimensions,Not Provided,5,buy,-0.0,70.0
71,71,-0.0,M,-2147483648,2006-04-21,"Keefe, Bruyette & Woods",12 month,3,market perform,38.0,71.0
72,72,-0.0,M,-2147483648,2006-04-21,Baird,Not Provided,5,outperform,45.0,72.0
73,73,-0.0,N,-2147483648,2006-04-21,Raymond James,Not Provided,3,market perform,-0.0,73.0
74,74,-0.0,M,-2147483648,2006-04-21,JMP Securities,Not Provided,3,market perform,-0.0,74.0
75,75,-0.0,M,-2147483648,2006-04-20,Bear Stearns & Co,Not Provided,5,outperform,42.5,75.0
76,76,-0.0,M,-2147483648,2006-04-20,Credit Suisse,12 month,3,neutral,37.0,76.0
77,77,-0.0,M,-2147483648,2006-03-24,Stephens Inc,Not Provided,3,equalweight,-0.0,77.0
78,78,-0.0,N,-2147483648,2006-03-08,CIBC World Markets,Not Provided,3,sector perform,-0.0,78.0
79,79,-0.0,N,-2147483648,2005-09-06,William Blair & Co,Not Provided,5,outperform,-0.0,79.0
80,80,-0.0,D,-2147483648,2004-10-29,J.P. Morgan,Not Provided,3,neutral,-0.0,80.0
81,81,-0.0,M,-2147483648,2006-05-25,SunTrust Robinson Humphrey,Not Provided,5,buy,44.0,81.0
82,82,-0.0,N,-2147483648,2006-05-24,Lehman Brothers,Not Provided,3,equalweight,34.0,82.0
83,83,-0.0,N,-2147483648,2006-05-18,Morgan Stanley,Not Provided,3,Equalwt/In-Line,-0.0,83.0
84,84,-0.0,M,-2147483648,2006-05-12,EVA Dimensions,Not Provided,5,buy,-0.0,84.0
85,85,-0.0,M,-2147483648,2006-04-21,"Keefe, Bruyette & Woods",12 month,3,market perform,38.0,85.0
86,86,-0.0,M,-2147483648,2006-04-21,Baird,Not Provided,5,outperform,45.0,86.0
87,87,-0.0,N,-2147483648,2006-04-21,Raymond James,Not Provided,3,market perform,-0.0,87.0
88,88,-0.0,M,-2147483648,2006-04-21,JMP Securities,Not Provided,3,market perform,-0.0,88.0
89,89,-0.0,M,-2147483648,2006-04-20,Bear Stearns & Co,Not Provided,5,outperform,42.5,89.0
90,90,-0.0,M,-2147483648,2006-04-20,Credit Suisse,12 month,3,neutral,37.0,90.0
91,91,-0.0,M,-2147483648,2006-03-24,Stephens Inc,Not Provided,3,equalweight,-0.0,91.0
92,92,-0.0,N,-2147483648,2006-03-08,CIBC World Markets,Not Provided,3,sector perform,-0.0,92.0
93,93,-0.0,N,-2147483648,2005-09-06,William Blair & Co,Not Provided,5,outperform,-0.0,93.0
94,94,-0.0,D,-2147483648,2004-10-29,J.P. Morgan,Not Provided,3,neutral,-0.0,94.0
95,95,-0.0,M,-2147483648,2006-07-21,Credit Suisse,12 month,3,neutral,37.0,95.0
96,96,-0.0,R,-2147483648,2006-07-21,SunTrust Robinson Humphrey,Not Provided,5,buy,40.0,96.0
97,97,-0.0,U,-2147483648,2006-07-21,"Keefe, Bruyette & Woods",Not Provided,5,outperform,38.0,97.0
98,98,-0.0,M,-2147483648,2006-07-21,Baird,Not Provided,5,outperform,45.0,98.0
99,99,-0.0,U,-2147483648,2006-07-21,Stephens Inc,Not Provided,5,overweight,-0.0,99.0
100,100,-0.0,M,-2147483648,2006-07-21,Raymond James,Not Provided,3,market perform,-0.0,100.0
101,101,-0.0,M,-2147483648,2006-07-21,JMP Securities,Not Provided,3,market perform,-0.0,101.0
102,102,-0.0,M,-2147483648,2006-07-20,Bear Stearns & Co,Not Provided,5,outperform,39.5,102.0
103,103,-0.0,N,-2147483648,2006-05-24,Lehman Brothers,Not Provided,3,equalweight,34.0,103.0
104,104,-0.0,N,-2147483648,2006-05-18,Morgan Stanley,Not Provided,3,Equalwt/In-Line,-0.0,104.0
105,105,-0.0,M,-2147483648,2006-05-12,EVA Dimensions,Not Provided,5,buy,-0.0,105.0
106,106,-0.0,N,-2147483648,2006-03-08,CIBC World Markets,Not Provided,3,sector perform,-0.0,106.0
107,107,-0.0,N,-2147483648,2005-09-06,William Blair & Co,Not Provided,5,outperform,-0.0,107.0
108,108,-0.0,D,-2147483648,2004-10-29,J.P. Morgan,Not Provided,3,neutral,-0.0,108.0
109,109,-0.0,M,-2147483648,2006-08-09,EVA Dimensions,Not Provided,5,buy,-0.0,109.0
110,110,-0.0,M,-2147483648,2006-07-21,Credit Suisse,12 month,3,neutral,37.0,110.0
111,111,-0.0,R,-2147483648,2006-07-21,SunTrust Robinson Humphrey,Not Provided,5,buy,40.0,111.0
112,112,-0.0,U,-2147483648,2006-07-21,"Keefe, Bruyette & Woods",Not Provided,5,outperform,38.0,112.0
113,113,-0.0,M,-2147483648,2006-07-21,Baird,Not Provided,5,outperform,45.0,113.0
114,114,-0.0,U,-2147483648,2006-07-21,Stephens Inc,Not Provided,5,overweight,-0.0,114.0
115,115,-0.0,M,-2147483648,2006-07-21,Raymond James,Not Provided,3,market perform,-0.0,115.0
116,116,-0.0,M,-2147483648,2006-07-21,JMP Securities,Not Provided,3,market perform,-0.0,116.0
117,117,-0.0,M,-2147483648,2006-07-20,Bear Stearns & Co,Not Provided,5,outperform,39.5,117.0
118,118,-0.0,N,-2147483648,2006-05-24,Lehman Brothers,Not Provided,3,equalweight,34.0,118.0
119,119,-0.0,N,-2147483648,2006-05-18,Morgan Stanley,Not Provided,3,Equalwt/In-Line,-0.0,119.0
120,120,-0.0,N,-2147483648,2006-03-08,CIBC World Markets,Not Provided,3,sector perform,-0.0,120.0
121,121,-0.0,N,-2147483648,2005-09-06,William Blair & Co,Not Provided,5,outperform,-0.0,121.0
122,122,-0.0,D,-2147483648,2004-10-29,J.P. Morgan,Not Provided,3,neutral,-0.0,122.0
123,123,-0.0,M,-2147483648,2006-09-11,Lehman Brothers,Not Provided,3,equalwt/neutral,35.0,123.0
124,124,-0.0,M,-2147483648,2006-09-11,Bear Stearns & Co,Not Provided,5,outperform,39.5,124.0
125,125,-0.0,M,-2147483648,2006-09-11,Credit Suisse,12 month,3,neutral,37.0,125.0
126,126,-0.0,R,-2147483648,2006-09-11,SunTrust Robinson Humphrey,Not Provided,5,buy,42.0,126.0
127,127,-0.0,M,-2147483648,2006-09-11,Baird,Not Provided,5,outperform,45.0,127.0
128,128,-0.0,M,-2147483648,2006-09-11,Raymond James,Not Provided,3,market perform,-0.0,128.0
129,129,-0.0,M,-2147483648,2006-09-11,JMP Securities,Not Provided,3,market perform,-0.0,129.0
130,130,-0.0,M,-2147483648,2006-08-09,EVA Dimensions,Not Provided,5,buy,-0.0,130.0
131,131,-0.0,U,-2147483648,2006-07-21,"Keefe, Bruyette & Woods",Not Provided,5,outperform,38.0,131.0
132,132,-0.0,U,-2147483648,2006-07-21,Stephens Inc,Not Provided,5,overweight,-0.0,132.0
133,133,-0.0,N,-2147483648,2006-05-18,Morgan Stanley,Not Provided,3,Equalwt/In-Line,-0.0,133.0
134,134,-0.0,N,-2147483648,2006-03-08,CIBC World Markets,Not Provided,3,sector perform,-0.0,134.0
135,135,-0.0,N,-2147483648,2005-09-06,William Blair & Co,Not Provided,5,outperform,-0.0,135.0
136,136,-0.0,D,-2147483648,2004-10-29,J.P. Morgan,Not Provided,3,neutral,-0.0,136.0
137,137,-0.0,M,-2147483648,2006-10-23,Credit Suisse,12 month,3,neutral,37.0,137.0
138,138,-0.0,M,-2147483648,2006-10-23,JMP Securities,Not Provided,3,market perform,-0.0,138.0
139,139,-0.0,R,-2147483648,2006-10-20,SunTrust Robinson Humphrey,Not Provided,5,buy,42.0,139.0
140,140,-0.0,M,-2147483648,2006-10-20,Baird,Not Provided,5,outperform,45.0,140.0
141,141,-0.0,M,-2147483648,2006-10-19,Lehman Brothers,Not Provided,3,equalwt/neutral,36.0,141.0
142,142,-0.0,M,-2147483648,2006-10-19,"Keefe, Bruyette & Woods",Not Provided,5,outperform,42.0,142.0
143,143,-0.0,M,-2147483648,2006-10-19,Raymond James,Not Provided,3,market perform,-0.0,143.0
144,144,-0.0,M,-2147483648,2006-09-11,Bear Stearns & Co,Not Provided,5,outperform,39.5,144.0
145,145,-0.0,M,-2147483648,2006-08-09,EVA Dimensions,Not Provided,5,buy,-0.0,145.0
146,146,-0.0,U,-2147483648,2006-07-21,Stephens Inc,Not Provided,5,overweight,-0.0,146.0
147,147,-0.0,N,-2147483648,2006-05-18,Morgan Stanley,Not Provided,3,Equalwt/In-Line,-0.0,147.0
148,148,-0.0,N,-2147483648,2006-03-08,CIBC World Markets,Not Provided,3,sector perform,-0.0,148.0
149,149,-0.0,N,-2147483648,2005-09-06,William Blair & Co,Not Provided,5,outperform,-0.0,149.0
150,150,-0.0,D,-2147483648,2004-10-29,J.P. Morgan,Not Provided,3,neutral,-0.0,150.0
151,151,-0.0,D,-2147483648,2006-11-06,EVA Dimensions,Not Provided,3,hold,-0.0,151.0
152,152,-0.0,M,-2147483648,2006-10-23,Credit Suisse,12 month,3,neutral,37.0,152.0
153,153,-0.0,M,-2147483648,2006-10-23,JMP Securities,Not Provided,3,market perform,-0.0,153.0
154,154,-0.0,R,-2147483648,2006-10-20,SunTrust Robinson Humphrey,Not Provided,5,buy,42.0,154.0
155,155,-0.0,M,-2147483648,2006-10-20,Baird,Not Provided,5,outperform,45.0,155.0
156,156,-0.0,M,-2147483648,2006-10-19,Lehman Brothers,Not Provided,3,equalwt/neutral,36.0,156.0
157,157,-0.0,M,-2147483648,2006-10-19,"Keefe, Bruyette & Woods",Not Provided,5,outperform,42.0,157.0
158,158,-0.0,M,-2147483648,2006-10-19,Raymond James,Not Provided,3,market perform,-0.0,158.0
159,159,-0.0,M,-2147483648,2006-09-11,Bear Stearns & Co,Not Provided,5,outperform,39.5,159.0
160,160,-0.0,U,-2147483648,2006-07-21,Stephens Inc,Not Provided,5,overweight,-0.0,160.0
161,161,-0.0,N,-2147483648,2006-05-18,Morgan Stanley,Not Provided,3,Equalwt/In-Line,-0.0,161.0
162,162,-0.0,N,-2147483648,2006-03-08,CIBC World Markets,Not Provided,3,sector perform,-0.0,162.0
163,163,-0.0,N,-2147483648,2005-09-06,William Blair & Co,Not Provided,5,outperform,-0.0,163.0
164,164,-0.0,D,-2147483648,2004-10-29,J.P. Morgan,Not Provided,3,neutral,-0.0,164.0
165,165,-0.0,M,-2147483648,2006-12-15,Raymond James,Not Provided,3,market perform,-0.0,165.0
166,166,-0.0,D,-2147483648,2006-12-13,"Keefe, Bruyette & Woods",Not Provided,3,market perform,42.0,166.0
167,167,-0.0,D,-2147483648,2006-11-06,EVA Dimensions,Not Provided,3,hold,-0.0,167.0
168,168,-0.0,M,-2147483648,2006-10-23,Credit Suisse,12 month,3,neutral,37.0,168.0
169,169,-0.0,M,-2147483648,2006-10-23,JMP Securities,Not Provided,3,market perform,-0.0,169.0
170,170,-0.0,R,-2147483648,2006-10-20,SunTrust Robinson Humphrey,Not Provided,5,buy,42.0,170.0
171,171,-0.0,M,-2147483648,2006-10-20,Baird,Not Provided,5,outperform,45.0,171.0
172,172,-0.0,M,-2147483648,2006-10-19,Lehman Brothers,Not Provided,3,equalwt/neutral,36.0,172.0
173,173,-0.0,M,-2147483648,2006-09-11,Bear Stearns & Co,Not Provided,5,outperform,39.5,173.0
174,174,-0.0,U,-2147483648,2006-07-21,Stephens Inc,Not Provided,5,overweight,-0.0,174.0
175,175,-0.0,N,-2147483648,2006-05-18,Morgan Stanley,Not Provided,3,Equalwt/In-Line,-0.0,175.0
176,176,-0.0,N,-2147483648,2006-03-08,CIBC World Markets,Not Provided,3,sector perform,-0.0,176.0
177,177,-0.0,N,-2147483648,2005-09-06,William Blair & Co,Not Provided,5,outperform,-0.0,177.0
178,178,-0.0,D,-2147483648,2004-10-29,J.P. Morgan,Not Provided,3,neutral,-0.0,178.0
179,179,-0.0,M,-2147483648,2007-02-01,Lehman Brothers,Not Provided,3,equalwt/neutral,42.0,179.0
180,180,-0.0,M,-2147483648,2007-02-01,Bear Stearns & Co,Not Provided,5,outperform,46.5,180.0
181,181,-0.0,M,-2147483648,2007-02-01,Credit Suisse,12 month,3,neutral,37.0,181.0
182,182,-0.0,M,-2147483648,2007-02-01,"Keefe, Bruyette & Woods",Not Provided,3,market perform,42.0,182.0
183,183,-0.0,M,-2147483648,2007-02-01,Baird,Not Provided,5,outperform,48.0,183.0
184,184,-0.0,M,-2147483648,2007-02-01,Raymond James,Not Provided,3,market perform,-0.0,184.0
185,185,-0.0,M,-2147483648,2007-02-01,JMP Securities,Not Provided,3,market perform,-0.0,185.0
186,186,-0.0,D,-2147483648,2006-11-06,EVA Dimensions,Not Provided,3,hold,-0.0,186.0
187,187,-0.0,R,-2147483648,2006-10-20,SunTrust Robinson Humphrey,Not Provided,5,buy,42.0,187.0
188,188,-0.0,U,-2147483648,2006-07-21,Stephens Inc,Not Provided,5,overweight,-0.0,188.0
189,189,-0.0,N,-2147483648,2006-05-18,Morgan Stanley,Not Provided,3,Equalwt/In-Line,-0.0,189.0
190,190,-0.0,N,-2147483648,2006-03-08,CIBC World Markets,Not Provided,3,sector perform,-0.0,190.0
191,191,-0.0,N,-2147483648,2005-09-06,William Blair & Co,Not Provided,5,outperform,-0.0,191.0
192,192,-0.0,D,-2147483648,2004-10-29,J.P. Morgan,Not Provided,3,neutral,-0.0,192.0
193,193,-0.0,R,-2147483648,2007-03-01,SunTrust Robinson Humphrey,Not Provided,5,buy,47.0,193.0
194,194,-0.0,U,-2147483648,2007-02-28,EVA Dimensions,Not Provided,5,buy,-0.0,194.0
195,195,-0.0,M,-2147483648,2007-02-16,Credit Suisse,12 month,3,neutral,37.0,195.0
196,196,-0.0,M,-2147483648,2007-02-15,Baird,Not Provided,5,outperform,48.0,196.0
197,197,-0.0,D,-2147483648,2007-02-15,William Blair & Co,Not Provided,3,market perform,-0.0,197.0
198,198,-0.0,M,-2147483648,2007-02-15,Raymond James,Not Provided,3,market perform,-0.0,198.0
199,199,-0.0,M,-2147483648,2007-02-01,Lehman Brothers,Not Provided,3,equalwt/neutral,42.0,199.0
200,200,-0.0,M,-2147483648,2007-02-01,Bear Stearns & Co,Not Provided,5,outperform,46.5,200.0
201,201,-0.0,M,-2147483648,2007-02-01,"Keefe, Bruyette & Woods",Not Provided,3,market perform,42.0,201.0
202,202,-0.0,M,-2147483648,2007-02-01,JMP Securities,Not Provided,3,market perform,-0.0,202.0
203,203,-0.0,U,-2147483648,2006-07-21,Stephens Inc,Not Provided,5,overweight,-0.0,203.0
204,204,-0.0,N,-2147483648,2006-05-18,Morgan Stanley,Not Provided,3,Equalwt/In-Line,-0.0,204.0
205,205,-0.0,N,-2147483648,2006-03-08,CIBC World Markets,Not Provided,3,sector perform,-0.0,205.0
206,206,-0.0,D,-2147483648,2004-10-29,J.P. Morgan,Not Provided,3,neutral,-0.0,206.0
207,207,-0.0,M,-2147483648,2007-03-19,EVA Dimensions,Not Provided,5,buy,-0.0,207.0
208,208,-0.0,R,-2147483648,2007-03-01,SunTrust Robinson Humphrey,Not Provided,5,buy,47.0,208.0
209,209,-0.0,M,-2147483648,2007-02-16,Credit Suisse,12 month,3,neutral,37.0,209.0
210,210,-0.0,M,-2147483648,2007-02-15,Baird,Not Provided,5,outperform,48.0,210.0
211,211,-0.0,D,-2147483648,2007-02-15,William Blair & Co,Not Provided,3,market perform,-0.0,211.0
212,212,-0.0,M,-2147483648,2007-02-15,Raymond James,Not Provided,3,market perform,-0.0,212.0
213,213,-0.0,M,-2147483648,2007-02-01,Lehman Brothers,Not Provided,3,equalwt/neutral,42.0,213.0
214,214,-0.0,M,-2147483648,2007-02-01,Bear Stearns & Co,Not Provided,5,outperform,46.5,214.0
215,215,-0.0,M,-2147483648,2007-02-01,"Keefe, Bruyette & Woods",Not Provided,3,market perform,42.0,215.0
216,216,-0.0,M,-2147483648,2007-02-01,JMP Securities,Not Provided,3,market perform,-0.0,216.0
217,217,-0.0,U,-2147483648,2006-07-21,Stephens Inc,Not Provided,5,overweight,-0.0,217.0
218,218,-0.0,N,-2147483648,2006-05-18,Morgan Stanley,Not Provided,3,Equalwt/In-Line,-0.0,218.0
219,219,-0.0,N,-2147483648,2006-03-08,CIBC World Markets,Not Provided,3,sector perform,-0.0,219.0
220,220,-0.0,D,-2147483648,2004-10-29,J.P. Morgan,Not Provided,3,neutral,-0.0,220.0
221,221,-0.0,M,-2147483648,2007-04-25,Credit Suisse,12 month,3,neutral,40.0,221.0
222,222,-0.0,M,-2147483648,2007-04-25,"Keefe, Bruyette & Woods",Not Provided,3,market perform,45.0,222.0
223,223,-0.0,R,-2147483648,2007-04-24,SunTrust Robinson Humphrey,Not Provided,5,buy,47.0,223.0
224,224,-0.0,M,-2147483648,2007-04-24,Baird,Not Provided,5,outperform,48.0,224.0
225,225,-0.0,M,-2147483648,2007-04-24,William Blair & Co,Not Provided,3,market perform,-0.0,225.0
226,226,-0.0,M,-2147483648,2007-04-24,Raymond James,Not Provided,3,market perform,-0.0,226.0
227,227,-0.0,M,-2147483648,2007-04-24,JMP Securities,Not Provided,3,market perform,-0.0,227.0
228,228,-0.0,M,-2147483648,2007-02-01,Lehman Brothers,Not Provided,3,equalwt/neutral,42.0,228.0
229,229,-0.0,M,-2147483648,2007-02-01,Bear Stearns & Co,Not Provided,5,outperform,46.5,229.0
230,230,-0.0,U,-2147483648,2006-07-21,Stephens Inc,Not Provided,5,overweight,-0.0,230.0
231,231,-0.0,N,-2147483648,2006-05-18,Morgan Stanley,Not Provided,3,Equalwt/In-Line,-0.0,231.0
232,232,-0.0,N,-2147483648,2006-03-08,CIBC World Markets,Not Provided,3,sector perform,-0.0,232.0
233,233,-0.0,D,-2147483648,2004-10-29,J.P. Morgan,Not Provided,3,neutral,-0.0,233.0
234,234,-0.0,M,-2147483648,2007-05-18,JMP Securities,Not Provided,3,market perform,-0.0,234.0
235,235,-0.0,M,-2147483648,2007-05-16,EVA Dimensions,Not Provided,3,hold,-0.0,235.0
236,236,-0.0,M,-2147483648,2007-04-25,Credit Suisse,12 month,3,neutral,40.0,236.0
237,237,-0.0,M,-2147483648,2007-04-25,"Keefe, Bruyette & Woods",Not Provided,3,market perform,45.0,237.0
238,238,-0.0,R,-2147483648,2007-04-24,SunTrust Robinson Humphrey,Not Provided,5,buy,47.0,238.0
239,239,-0.0,M,-2147483648,2007-04-24,Baird,Not Provided,5,outperform,48.0,239.0
240,240,-0.0,M,-2147483648,2007-04-24,William Blair & Co,Not Provided,3,market perform,-0.0,240.0
241,241,-0.0,M,-2147483648,2007-04-24,Raymond James,Not Provided,3,market perform,-0.0,241.0
242,242,-0.0,M,-2147483648,2007-02-01,Lehman Brothers,Not Provided,3,equalwt/neutral,42.0,242.0
243,243,-0.0,M,-2147483648,2007-02-01,Bear Stearns & Co,Not Provided,5,outperform,46.5,243.0
244,244,-0.0,U,-2147483648,2006-07-21,Stephens Inc,Not Provided,5,overweight,-0.0,244.0
245,245,-0.0,N,-2147483648,2006-05-18,Morgan Stanley,Not Provided,3,Equalwt/In-Line,-0.0,245.0
246,246,-0.0,N,-2147483648,2006-03-08,CIBC World Markets,Not Provided,3,sector perform,-0.0,246.0
247,247,-0.0,D,-2147483648,2004-10-29,J.P. Morgan,Not Provided,3,neutral,-0.0,247.0
248,248,-0.0,M,-2147483648,2007-06-14,Stephens Inc,Not Provided,5,overweight,50.0,248.0
249,249,-0.0,M,-2147483648,2007-06-12,"Keefe, Bruyette & Woods",Not Provided,3,market perform,48.0,249.0
250,250,-0.0,M,-2147483648,2007-06-08,Morgan Stanley,Not Provided,3,Equalwt/In-Line,-0.0,250.0
251,251,-0.0,M,-2147483648,2007-06-06,Baird,Not Provided,5,outperform,50.0,251.0
252,252,-0.0,R,-2147483648,2007-06-05,SunTrust Robinson Humphrey,Not Provided,5,buy,50.0,252.0
253,253,-0.0,M,-2147483648,2007-06-05,J.P. Morgan,Not Provided,3,neutral,-0.0,253.0
254,254,-0.0,M,-2147483648,2007-06-05,William Blair & Co,Not Provided,3,market perform,-0.0,254.0
255,255,-0.0,M,-2147483648,2007-06-05,Raymond James,Not Provided,3,market perform,-0.0,255.0
256,256,-0.0,M,-2147483648,2007-06-05,JMP Securities,Not Provided,3,market perform,-0.0,256.0
257,257,-0.0,M,-2147483648,2007-06-04,Bear Stearns & Co,Not Provided,5,outperform,50.5,257.0
258,258,-0.0,M,-2147483648,2007-05-16,EVA Dimensions,Not Provided,3,hold,-0.0,258.0
259,259,-0.0,M,-2147483648,2007-02-01,Lehman Brothers,Not Provided,3,equalwt/neutral,42.0,259.0
260,260,-0.0,M,-2147483648,2007-07-25,Baird,Not Provided,5,outperform,50.0,260.0
261,261,-0.0,M,-2147483648,2007-07-25,Stephens Inc,Not Provided,5,overweight,50.0,261.0
262,262,-0.0,M,-2147483648,2007-07-25,William Blair & Co,Not Provided,3,market perform,-0.0,262.0
263,263,-0.0,R,-2147483648,2007-07-24,SunTrust Robinson Humphrey,Not Provided,5,buy,52.0,263.0
264,264,-0.0,U,-2147483648,2007-07-24,"Keefe, Bruyette & Woods",12 month,5,outperform,51.0,264.0
265,265,-0.0,M,-2147483648,2007-07-24,Raymond James,Not Provided,3,market perform,-0.0,265.0
266,266,-0.0,M,-2147483648,2007-07-24,JMP Securities,Not Provided,4,market outperform,50.0,266.0
267,267,-0.0,M,-2147483648,2007-06-08,Morgan Stanley,Not Provided,3,Equalwt/In-Line,-0.0,267.0
268,268,-0.0,M,-2147483648,2007-06-05,J.P. Morgan,Not Provided,3,neutral,-0.0,268.0
269,269,-0.0,M,-2147483648,2007-06-04,Bear Stearns & Co,Not Provided,5,outperform,50.5,269.0
270,270,-0.0,M,-2147483648,2007-05-16,EVA Dimensions,Not Provided,3,hold,-0.0,270.0
271,271,-0.0,M,-2147483648,2007-02-01,Lehman Brothers,Not Provided,3,equalwt/neutral,42.0,271.0
272,272,-0.0,M,-2147483648,2007-08-23,Stephens Inc,Not Provided,5,overweight,50.0,272.0
273,273,-0.0,M,-2147483648,2007-08-15,Lehman Brothers,Not Provided,3,equalwt/neutral,44.0,273.0
274,274,-0.0,M,-2147483648,2007-08-15,EVA Dimensions,Not Provided,3,hold,-0.0,274.0
275,275,-0.0,R,-2147483648,2007-08-14,SunTrust Robinson Humphrey,Not Provided,5,buy,52.0,275.0
276,276,-0.0,M,-2147483648,2007-07-25,Baird,Not Provided,5,outperform,50.0,276.0
277,277,-0.0,M,-2147483648,2007-07-25,William Blair & Co,Not Provided,3,market perform,-0.0,277.0
278,278,-0.0,U,-2147483648,2007-07-24,"Keefe, Bruyette & Woods",12 month,5,outperform,51.0,278.0
279,279,-0.0,M,-2147483648,2007-07-24,Raymond James,Not Provided,3,market perform,-0.0,279.0
280,280,-0.0,M,-2147483648,2007-07-24,JMP Securities,Not Provided,4,market outperform,50.0,280.0
281,281,-0.0,M,-2147483648,2007-06-08,Morgan Stanley,Not Provided,3,Equalwt/In-Line,-0.0,281.0
282,282,-0.0,M,-2147483648,2007-06-05,J.P. Morgan,Not Provided,3,neutral,-0.0,282.0
283,283,-0.0,M,-2147483648,2007-06-04,Bear Stearns & Co,Not Provided,5,outperform,50.5,283.0
284,284,-0.0,M,-2147483648,2007-09-10,William Blair & Co,Not Provided,3,market perform,-0.0,284.0
285,285,-0.0,M,-2147483648,2007-08-23,Stephens Inc,Not Provided,5,overweight,50.0,285.0
286,286,-0.0,M,-2147483648,2007-08-15,EVA Dimensions,Not Provided,3,hold,-0.0,286.0
287,287,-0.0,R,-2147483648,2007-08-14,SunTrust Robinson Humphrey,Not Provided,5,buy,52.0,287.0
288,288,-0.0,M,-2147483648,2007-07-25,Baird,Not Provided,5,outperform,50.0,288.0
289,289,-0.0,U,-2147483648,2007-07-24,"Keefe, Bruyette & Woods",12 month,5,outperform,51.0,289.0
290,290,-0.0,M,-2147483648,2007-07-24,Raymond James,Not Provided,3,market perform,-0.0,290.0
291,291,-0.0,M,-2147483648,2007-07-24,JMP Securities,Not Provided,4,market outperform,50.0,291.0
292,292,-0.0,M,-2147483648,2007-06-08,Morgan Stanley,Not Provided,3,Equalwt/In-Line,-0.0,292.0
293,293,-0.0,M,-2147483648,2007-06-05,J.P. Morgan,Not Provided,3,neutral,-0.0,293.0
294,294,-0.0,M,-2147483648,2007-06-04,Bear Stearns & Co,Not Provided,5,outperform,50.5,294.0
295,295,-0.0,M,-2147483648,2007-11-01,Stephens Inc,Not Provided,5,overweight,50.0,295.0
296,296,-0.0,M,-2147483648,2007-10-30,William Blair & Co,Not Provided,3,market perform,-0.0,296.0
297,297,-0.0,M,-2147483648,2007-10-29,"Keefe, Bruyette & Woods",12 month,5,outperform,49.0,297.0
298,298,-0.0,M,-2147483648,2007-10-29,Baird,Not Provided,5,outperform,50.0,298.0
299,299,-0.0,M,-2147483648,2007-10-29,Raymond James,Not Provided,3,market perform,-0.0,299.0
300,300,-0.0,M,-2147483648,2007-10-24,Morgan Stanley,Not Provided,3,Equalwt/In-Line,-0.0,300.0
301,301,-0.0,R,-2147483648,2007-10-23,SunTrust Robinson Humphrey,Not Provided,5,buy,48.0,301.0
302,302,-0.0,M,-2147483648,2007-10-23,JMP Securities,Not Provided,4,market outperform,45.0,302.0
303,303,-0.0,M,-2147483648,2007-10-12,EVA Dimensions,Not Provided,3,hold,-0.0,303.0
304,304,-0.0,M,-2147483648,2007-10-11,Bear Stearns & Co,Not Provided,5,outperform,48.0,304.0
305,305,-0.0,M,-2147483648,2007-06-05,J.P. Morgan,Not Provided,3,neutral,-0.0,305.0
306,306,-0.0,R,-2147483648,2007-11-16,SunTrust Robinson Humphrey,Not Provided,5,buy,48.0,306.0
307,307,-0.0,M,-2147483648,2007-11-01,Stephens Inc,Not Provided,5,overweight,50.0,307.0
308,308,-0.0,M,-2147483648,2007-10-30,William Blair & Co,Not Provided,3,market perform,-0.0,308.0
309,309,-0.0,M,-2147483648,2007-10-29,"Keefe, Bruyette & Woods",12 month,5,outperform,49.0,309.0
310,310,-0.0,M,-2147483648,2007-10-29,Baird,Not Provided,5,outperform,50.0,310.0
311,311,-0.0,M,-2147483648,2007-10-29,Raymond James,Not Provided,3,market perform,-0.0,311.0
312,312,-0.0,M,-2147483648,2007-10-24,Morgan Stanley,Not Provided,3,Equalwt/In-Line,-0.0,312.0
313,313,-0.0,M,-2147483648,2007-10-23,JMP Securities,Not Provided,4,market outperform,45.0,313.0
314,314,-0.0,M,-2147483648,2007-10-12,EVA Dimensions,Not Provided,3,hold,-0.0,314.0
315,315,-0.0,M,-2147483648,2007-10-11,Bear Stearns & Co,Not Provided,5,outperform,48.0,315.0
316,316,-0.0,M,-2147483648,2007-06-05,J.P. Morgan,Not Provided,3,neutral,-0.0,316.0
317,317,-0.0,M,-2147483648,2007-12-27,EVA Dimensions,Not Provided,3,hold,-0.0,317.0
318,318,-0.0,M,-2147483648,2007-12-14,"Keefe, Bruyette & Woods",12 month,5,outperform,49.0,318.0
319,319,-0.0,R,-2147483648,2007-11-16,SunTrust Robinson Humphrey,Not Provided,5,buy,48.0,319.0
320,320,-0.0,M,-2147483648,2007-11-01,Stephens Inc,Not Provided,5,overweight,50.0,320.0
321,321,-0.0,M,-2147483648,2007-10-30,William Blair & Co,Not Provided,3,market perform,-0.0,321.0
322,322,-0.0,M,-2147483648,2007-10-29,Baird,Not Provided,5,outperform,50.0,322.0
323,323,-0.0,M,-2147483648,2007-10-29,Raymond James,Not Provided,3,market perform,-0.0,323.0
324,324,-0.0,M,-2147483648,2007-10-24,Morgan Stanley,Not Provided,3,Equalwt/In-Line,-0.0,324.0
325,325,-0.0,M,-2147483648,2007-10-23,JMP Securities,Not Provided,4,market outperform,45.0,325.0
326,326,-0.0,M,-2147483648,2007-10-11,Bear Stearns & Co,Not Provided,5,outperform,48.0,326.0
327,327,-0.0,M,-2147483648,2007-06-05,J.P. Morgan,Not Provided,3,neutral,-0.0,327.0
328,328,-0.0,M,-2147483648,2008-01-18,William Blair & Co,Not Provided,3,market perform,-0.0,328.0
329,329,-0.0,M,-2147483648,2008-01-14,Raymond James,Not Provided,3,market perform,-0.0,329.0
330,330,-0.0,M,-2147483648,2008-01-14,JMP Securities,Not Provided,4,market outperform,45.0,330.0
331,331,-0.0,M,-2147483648,2007-12-27,EVA Dimensions,Not Provided,3,hold,-0.0,331.0
332,332,-0.0,M,-2147483648,2007-12-14,"Keefe, Bruyette & Woods",12 month,5,outperform,49.0,332.0
333,333,-0.0,R,-2147483648,2007-11-16,SunTrust Robinson Humphrey,Not Provided,5,buy,48.0,333.0
334,334,-0.0,M,-2147483648,2007-11-01,Stephens Inc,Not Provided,5,overweight,50.0,334.0
335,335,-0.0,M,-2147483648,2007-10-29,Baird,Not Provided,5,outperform,50.0,335.0
336,336,-0.0,M,-2147483648,2007-10-24,Morgan Stanley,Not Provided,3,Equalwt/In-Line,-0.0,336.0
337,337,-0.0,M,-2147483648,2007-10-11,Bear Stearns & Co,Not Provided,5,outperform,48.0,337.0
338,338,-0.0,M,-2147483648,2007-06-05,J.P. Morgan,Not Provided,3,neutral,-0.0,338.0
339,339,-0.0,M,-2147483648,2008-02-06,Baird,Not Provided,5,outperform,45.0,339.0
340,340,-0.0,M,-2147483648,2008-02-06,Stephens Inc,Not Provided,5,overweight,50.0,340.0
341,341,-0.0,R,-2147483648,2008-02-05,SunTrust Robinson Humphrey,Not Provided,5,buy,42.0,341.0
342,342,-0.0,M,-2147483648,2008-02-05,"Keefe, Bruyette & Woods",12 month,5,outperform,49.0,342.0
343,343,-0.0,M,-2147483648,2008-02-05,Raymond James,Not Provided,3,market perform,-0.0,343.0
344,344,-0.0,M,-2147483648,2008-02-05,JMP Securities,Not Provided,4,market outperform,40.0,344.0
345,345,-0.0,M,-2147483648,2008-02-04,Bear Stearns & Co,Not Provided,5,outperform,46.0,345.0
346,346,-0.0,M,-2147483648,2007-12-27,EVA Dimensions,Not Provided,3,hold,-0.0,346.0
347,347,-0.0,M,-2147483648,2007-10-24,Morgan Stanley,Not Provided,3,Equalwt/In-Line,-0.0,347.0
348,348,-0.0,M,-2147483648,2007-06-05,J.P. Morgan,Not Provided,3,neutral,-0.0,348.0
349,349,-0.0,M,-2147483648,2008-02-06,Baird,Not Provided,5,outperform,45.0,349.0
350,350,-0.0,M,-2147483648,2008-02-06,Stephens Inc,Not Provided,5,overweight,50.0,350.0
351,351,-0.0,R,-2147483648,2008-02-05,SunTrust Robinson Humphrey,Not Provided,5,buy,42.0,351.0
352,352,-0.0,M,-2147483648,2008-02-05,"Keefe, Bruyette & Woods",12 month,5,outperform,49.0,352.0
353,353,-0.0,M,-2147483648,2008-02-05,Raymond James,Not Provided,3,market perform,-0.0,353.0
354,354,-0.0,M,-2147483648,2008-02-04,Bear Stearns & Co,Not Provided,5,outperform,46.0,354.0
355,355,-0.0,M,-2147483648,2007-12-27,EVA Dimensions,Not Provided,3,hold,-0.0,355.0
356,356,-0.0,M,-2147483648,2007-10-24,Morgan Stanley,Not Provided,3,Equalwt/In-Line,-0.0,356.0
357,357,-0.0,M,-2147483648,2008-04-23,Morgan Stanley,Not Provided,3,Equalwt/In-Line,-0.0,357.0
358,358,-0.0,M,-2147483648,2008-04-23,Baird,Not Provided,5,outperform,45.0,358.0
359,359,-0.0,M,-2147483648,2008-04-22,SunTrust Robinson Humphrey,Not Provided,5,buy,43.0,359.0
360,360,-0.0,M,-2147483648,2008-04-22,Stephens Inc,Not Provided,5,overweight,50.0,360.0
361,361,-0.0,M,-2147483648,2008-04-22,Raymond James,Not Provided,3,market perform,-0.0,361.0
362,362,-0.0,M,-2147483648,2008-04-21,"Keefe, Bruyette & Woods",12 month,5,outperform,49.0,362.0
363,363,-0.0,M,-2147483648,2008-04-04,EVA Dimensions,Not Provided,3,hold,-0.0,363.0
364,364,-0.0,M,-2147483648,2008-02-04,Bear Stearns & Co,Not Provided,5,outperform,46.0,364.0
365,365,-0.0,M,-2147483648,2008-04-23,Morgan Stanley,Not Provided,3,Equalwt/In-Line,-0.0,365.0
366,366,-0.0,M,-2147483648,2008-04-23,Baird,Not Provided,5,outperform,45.0,366.0
367,367,-0.0,M,-2147483648,2008-04-22,SunTrust Robinson Humphrey,Not Provided,5,buy,43.0,367.0
368,368,-0.0,M,-2147483648,2008-04-22,Stephens Inc,Not Provided,5,overweight,50.0,368.0
369,369,-0.0,M,-2147483648,2008-04-22,Raymond James,Not Provided,3,market perform,-0.0,369.0
370,370,-0.0,M,-2147483648,2008-04-21,"Keefe, Bruyette & Woods",12 month,5,outperform,49.0,370.0
371,371,-0.0,M,-2147483648,2008-04-04,EVA Dimensions,Not Provided,3,hold,-0.0,371.0
372,372,-0.0,N,-2147483648,2008-06-02,J.P. Morgan,Not Provided,5,overweight,46.0,372.0
373,373,-0.0,M,-2147483648,2008-04-23,Morgan Stanley,Not Provided,3,Equalwt/In-Line,-0.0,373.0
374,374,-0.0,M,-2147483648,2008-04-23,Baird,Not Provided,5,outperform,45.0,374.0
375,375,-0.0,M,-2147483648,2008-04-22,SunTrust Robinson Humphrey,Not Provided,5,buy,43.0,375.0
376,376,-0.0,M,-2147483648,2008-04-22,Stephens Inc,Not Provided,5,overweight,50.0,376.0
377,377,-0.0,M,-2147483648,2008-04-22,Raymond James,Not Provided,3,market perform,-0.0,377.0
378,378,-0.0,M,-2147483648,2008-04-21,"Keefe, Bruyette & Woods",12 month,5,outperform,49.0,378.0
379,379,-0.0,M,-2147483648,2008-04-04,EVA Dimensions,Not Provided,3,hold,-0.0,379.0
380,380,-0.0,M,-2147483648,2008-07-23,"Keefe, Bruyette & Woods",12 month,5,outperform,46.0,380.0
381,381,-0.0,M,-2147483648,2008-07-23,Baird,Not Provided,5,outperform,45.0,381.0
382,382,-0.0,M,-2147483648,2008-07-23,Stephens Inc,Not Provided,5,overweight,50.0,382.0
383,383,-0.0,M,-2147483648,2008-07-23,Raymond James,Not Provided,3,market perform,-0.0,383.0
384,384,-0.0,M,-2147483648,2008-07-22,SunTrust Robinson Humphrey,Not Provided,5,buy,41.0,384.0
385,385,-0.0,M,-2147483648,2008-07-21,Morgan Stanley,Not Provided,3,Equalwt/In-Line,-0.0,385.0
386,386,-0.0,N,-2147483648,2008-06-02,J.P. Morgan,Not Provided,5,overweight,46.0,386.0
387,387,-0.0,M,-2147483648,2008-04-04,EVA Dimensions,Not Provided,3,hold,-0.0,387.0
388,388,-0.0,M,-2147483648,2008-08-12,EVA Dimensions,Not Provided,3,hold,-0.0,388.0
389,389,-0.0,M,-2147483648,2008-07-23,"Keefe, Bruyette & Woods",12 month,5,outperform,46.0,389.0
390,390,-0.0,M,-2147483648,2008-07-23,Baird,Not Provided,5,outperform,45.0,390.0
391,391,-0.0,M,-2147483648,2008-07-23,Stephens Inc,Not Provided,5,overweight,50.0,391.0
392,392,-0.0,M,-2147483648,2008-07-23,Raymond James,Not Provided,3,market perform,-0.0,392.0
393,393,-0.0,M,-2147483648,2008-07-22,SunTrust Robinson Humphrey,Not Provided,5,buy,41.0,393.0
394,394,-0.0,M,-2147483648,2008-07-21,Morgan Stanley,Not Provided,3,Equalwt/In-Line,-0.0,394.0
395,395,-0.0,N,-2147483648,2008-06-02,J.P. Morgan,Not Provided,5,overweight,46.0,395.0
396,396,-0.0,M,-2147483648,2008-08-12,EVA Dimensions,Not Provided,3,hold,-0.0,396.0
397,397,-0.0,M,-2147483648,2008-07-23,"Keefe, Bruyette & Woods",12 month,5,outperform,46.0,397.0
398,398,-0.0,M,-2147483648,2008-07-23,Baird,Not Provided,5,outperform,45.0,398.0
399,399,-0.0,M,-2147483648,2008-07-23,Stephens Inc,Not Provided,5,overweight,50.0,399.0
400,400,-0.0,M,-2147483648,2008-07-23,Raymond James,Not Provided,3,market perform,-0.0,400.0
401,401,-0.0,M,-2147483648,2008-07-22,SunTrust Robinson Humphrey,Not Provided,5,buy,41.0,401.0
402,402,-0.0,M,-2147483648,2008-07-21,Morgan Stanley,Not Provided,3,Equalwt/In-Line,-0.0,402.0
403,403,-0.0,N,-2147483648,2008-06-02,J.P. Morgan,Not Provided,5,overweight,46.0,403.0
404,404,-0.0,M,-2147483648,2008-10-29,"Keefe, Bruyette & Woods",Not Provided,5,outperform,36.0,404.0
405,405,-0.0,M,-2147483648,2008-10-22,J.P. Morgan,Not Provided,5,overweight,35.0,405.0
406,406,-0.0,M,-2147483648,2008-10-22,Raymond James,Not Provided,3,market perform,-0.0,406.0
407,407,-0.0,M,-2147483648,2008-10-21,Morgan Stanley,Not Provided,3,Equalwt/In-Line,-0.0,407.0
408,408,-0.0,M,-2147483648,2008-10-21,SunTrust Robinson Humphrey,12 month,5,buy,30.0,408.0
409,409,-0.0,M,-2147483648,2008-10-21,Baird,Not Provided,5,outperform,37.0,409.0
410,410,-0.0,M,-2147483648,2008-08-12,EVA Dimensions,Not Provided,3,hold,-0.0,410.0
411,411,-0.0,M,-2147483648,2008-07-23,Stephens Inc,Not Provided,5,overweight,50.0,411.0
412,412,-0.0,M,-2147483648,2008-11-06,J.P. Morgan,Not Provided,5,overweight,35.0,412.0
413,413,-0.0,M,-2147483648,2008-11-04,EVA Dimensions,Not Provided,3,hold,-0.0,413.0
414,414,-0.0,M,-2147483648,2008-10-29,"Keefe, Bruyette & Woods",Not Provided,5,outperform,36.0,414.0
415,415,-0.0,M,-2147483648,2008-10-22,Raymond James,Not Provided,3,market perform,-0.0,415.0
416,416,-0.0,M,-2147483648,2008-10-21,Morgan Stanley,Not Provided,3,Equalwt/In-Line,-0.0,416.0
417,417,-0.0,M,-2147483648,2008-10-21,SunTrust Robinson Humphrey,12 month,5,buy,30.0,417.0
418,418,-0.0,M,-2147483648,2008-10-21,Baird,Not Provided,5,outperform,37.0,418.0
419,419,-0.0,M,-2147483648,2008-07-23,Stephens Inc,Not Provided,5,overweight,50.0,419.0
420,420,-0.0,M,-2147483648,2008-12-22,"Keefe, Bruyette & Woods",Not Provided,5,outperform,36.0,420.0
421,421,-0.0,M,-2147483648,2008-12-02,J.P. Morgan,Not Provided,5,overweight,-0.0,421.0
422,422,-0.0,M,-2147483648,2008-11-04,EVA Dimensions,Not Provided,3,hold,-0.0,422.0
423,423,-0.0,M,-2147483648,2008-10-22,Raymond James,Not Provided,3,market perform,-0.0,423.0
424,424,-0.0,M,-2147483648,2008-10-21,Morgan Stanley,Not Provided,3,Equalwt/In-Line,-0.0,424.0
425,425,-0.0,M,-2147483648,2008-10-21,SunTrust Robinson Humphrey,12 month,5,buy,30.0,425.0
426,426,-0.0,M,-2147483648,2008-10-21,Baird,Not Provided,5,outperform,37.0,426.0
427,427,-0.0,M,-2147483648,2008-07-23,Stephens Inc,Not Provided,5,overweight,50.0,427.0
428,428,-0.0,M,-2147483648,2009-01-28,SunTrust Robinson Humphrey,12 month,5,buy,30.0,428.0
429,429,-0.0,M,-2147483648,2009-01-18,J.P. Morgan,12 month,5,overweight,35.0,429.0
430,430,-0.0,M,-2147483648,2009-01-15,Baird,Not Provided,5,outperform,37.0,430.0
431,431,-0.0,M,-2147483648,2009-01-15,Raymond James,Not Provided,3,market perform,-0.0,431.0
432,432,-0.0,M,-2147483648,2008-12-22,"Keefe, Bruyette & Woods",Not Provided,5,outperform,36.0,432.0
433,433,-0.0,M,-2147483648,2008-11-04,EVA Dimensions,Not Provided,3,hold,-0.0,433.0
434,434,-0.0,M,-2147483648,2008-10-21,Morgan Stanley,Not Provided,3,Equalwt/In-Line,-0.0,434.0
435,435,-0.0,M,-2147483648,2008-07-23,Stephens Inc,Not Provided,5,overweight,50.0,435.0
436,436,-0.0,M,-2147483648,2009-02-17,Raymond James,Not Provided,3,market perform,-0.0,436.0
437,437,-0.0,M,-2147483648,2009-02-10,"Keefe, Bruyette & Woods",Not Provided,5,outperform,34.0,437.0
438,438,-0.0,M,-2147483648,2009-02-06,J.P. Morgan,9 month,5,overweight,32.0,438.0
439,439,-0.0,M,-2147483648,2009-02-06,Baird,Not Provided,5,outperform,34.0,439.0
440,440,-0.0,M,-2147483648,2009-02-06,EVA Dimensions,Not Provided,3,hold,-0.0,440.0
441,441,-0.0,M,-2147483648,2009-02-05,SunTrust Robinson Humphrey,12 month,5,buy,28.0,441.0
442,442,-0.0,M,-2147483648,2009-02-05,Stephens Inc,Not Provided,5,overweight,40.0,442.0
443,443,-0.0,M,-2147483648,2009-02-17,Raymond James,Not Provided,3,market perform,-0.0,443.0
444,444,-0.0,M,-2147483648,2009-02-10,"Keefe, Bruyette & Woods",Not Provided,5,outperform,34.0,444.0
445,445,-0.0,M,-2147483648,2009-02-06,J.P. Morgan,9 month,5,overweight,32.0,445.0
446,446,-0.0,M,-2147483648,2009-02-06,Baird,Not Provided,5,outperform,34.0,446.0
447,447,-0.0,M,-2147483648,2009-02-06,EVA Dimensions,Not Provided,3,hold,-0.0,447.0
448,448,-0.0,M,-2147483648,2009-02-05,SunTrust Robinson Humphrey,12 month,5,buy,28.0,448.0
449,449,-0.0,M,-2147483648,2009-02-05,Stephens Inc,Not Provided,5,overweight,40.0,449.0
450,450,-0.0,M,-2147483648,2009-04-24,Stephens Inc,12 month,5,overweight,33.0,450.0
451,451,-0.0,M,-2147483648,2009-04-23,SunTrust Robinson Humphrey,Not Provided,5,buy,33.0,451.0
452,452,-0.0,M,-2147483648,2009-04-23,Baird,Not Provided,5,outperform,34.0,452.0
453,453,-0.0,M,-2147483648,2009-04-23,Raymond James,Not Provided,3,market perform,-0.0,453.0
454,454,-0.0,M,-2147483648,2009-02-10,"Keefe, Bruyette & Woods",Not Provided,5,outperform,34.0,454.0
455,455,-0.0,M,-2147483648,2009-02-06,J.P. Morgan,9 month,5,overweight,32.0,455.0
456,456,-0.0,M,-2147483648,2009-02-06,EVA Dimensions,Not Provided,3,hold,-0.0,456.0
457,457,-0.0,M,-2147483648,2009-05-28,J.P. Morgan,6 month,5,overweight,32.0,457.0
458,458,-0.0,M,-2147483648,2009-04-24,Stephens Inc,12 month,5,overweight,33.0,458.0
459,459,-0.0,M,-2147483648,2009-04-23,SunTrust Robinson Humphrey,Not Provided,5,buy,33.0,459.0
460,460,-0.0,M,-2147483648,2009-04-23,Baird,Not Provided,5,outperform,34.0,460.0
461,461,-0.0,M,-2147483648,2009-04-23,Raymond James,Not Provided,3,market perform,-0.0,461.0
462,462,-0.0,M,-2147483648,2009-02-10,"Keefe, Bruyette & Woods",Not Provided,5,outperform,34.0,462.0
463,463,-0.0,M,-2147483648,2009-02-06,EVA Dimensions,Not Provided,3,hold,-0.0,463.0
464,464,-0.0,M,-2147483648,2009-05-28,J.P. Morgan,6 month,5,overweight,32.0,464.0
465,465,-0.0,M,-2147483648,2009-04-24,Stephens Inc,12 month,5,overweight,33.0,465.0
466,466,-0.0,M,-2147483648,2009-04-23,SunTrust Robinson Humphrey,Not Provided,5,buy,33.0,466.0
467,467,-0.0,M,-2147483648,2009-04-23,Baird,Not Provided,5,outperform,34.0,467.0
468,468,-0.0,M,-2147483648,2009-04-23,Raymond James,Not Provided,3,market perform,-0.0,468.0
469,469,-0.0,M,-2147483648,2009-02-10,"Keefe, Bruyette & Woods",Not Provided,5,outperform,34.0,469.0
470,470,-0.0,M,-2147483648,2009-02-06,EVA Dimensions,Not Provided,3,hold,-0.0,470.0
471,471,-0.0,M,-2147483648,2009-08-01,EVA Dimensions,Not Provided,3,hold,-0.0,471.0
472,472,-0.0,M,-2147483648,2009-07-30,J.P. Morgan,3 month,5,overweight,32.0,472.0
473,473,-0.0,M,-2147483648,2009-07-28,"Keefe, Bruyette & Woods",Not Provided,5,outperform,33.0,473.0
474,474,-0.0,M,-2147483648,2009-07-23,SunTrust Robinson Humphrey,12 month,5,buy,30.0,474.0
475,475,-0.0,M,-2147483648,2009-07-23,Stephens Inc,12 month,5,overweight,33.0,475.0
476,476,-0.0,M,-2147483648,2009-07-23,Raymond James,Not Provided,3,market perform,-0.0,476.0
477,477,-0.0,M,-2147483648,2009-04-23,Baird,Not Provided,5,outperform,34.0,477.0
478,478,-0.0,D,-2147483648,2009-09-01,EVA Dimensions,Not Provided,3,hold,-0.0,478.0
479,479,-0.0,M,-2147483648,2009-07-30,J.P. Morgan,3 month,5,overweight,32.0,479.0
480,480,-0.0,M,-2147483648,2009-07-28,"Keefe, Bruyette & Woods",Not Provided,5,outperform,33.0,480.0
481,481,-0.0,M,-2147483648,2009-07-23,SunTrust Robinson Humphrey,12 month,5,buy,30.0,481.0
482,482,-0.0,M,-2147483648,2009-07-23,Stephens Inc,12 month,5,overweight,33.0,482.0
483,483,-0.0,M,-2147483648,2009-07-23,Raymond James,Not Provided,3,market perform,-0.0,483.0
484,484,-0.0,M,-2147483648,2009-04-23,Baird,Not Provided,5,outperform,34.0,484.0
485,485,-0.0,D,-2147483648,2009-10-01,EVA Dimensions,Not Provided,3,hold,-0.0,485.0
486,486,-0.0,N,-2147483648,2009-09-03,Stifel,Not Provided,3,hold,-0.0,486.0
487,487,-0.0,M,-2147483648,2009-07-30,J.P. Morgan,3 month,5,overweight,32.0,487.0
488,488,-0.0,M,-2147483648,2009-07-28,"Keefe, Bruyette & Woods",Not Provided,5,outperform,33.0,488.0
489,489,-0.0,M,-2147483648,2009-07-23,SunTrust Robinson Humphrey,12 month,5,buy,30.0,489.0
490,490,-0.0,M,-2147483648,2009-07-23,Stephens Inc,12 month,5,overweight,33.0,490.0
491,491,-0.0,M,-2147483648,2009-07-23,Raymond James,Not Provided,3,market perform,-0.0,491.0
492,492,-0.0,M,-2147483648,2009-04-23,Baird,Not Provided,5,outperform,34.0,492.0
493,493,-0.0,D,-2147483648,2009-10-31,EVA Dimensions,Not Provided,3,hold,-0.0,493.0
494,494,-0.0,M,-2147483648,2009-10-22,SunTrust Robinson Humphrey,12 month,5,buy,36.0,494.0
495,495,-0.0,M,-2147483648,2009-10-22,"Keefe, Bruyette & Woods",Not Provided,5,outperform,35.0,495.0
496,496,-0.0,M,-2147483648,2009-10-22,Stephens Inc,12 month,5,overweight,35.0,496.0
497,497,-0.0,M,-2147483648,2009-10-22,Raymond James,Not Provided,3,market perform,-0.0,497.0
498,498,-0.0,M,-2147483648,2009-10-22,Stifel,Not Provided,3,hold,-0.0,498.0
499,499,-0.0,M,-2147483648,2009-10-21,J.P. Morgan,12 month,5,overweight,35.0,499.0
500,500,-0.0,M,-2147483648,2009-04-23,Baird,Not Provided,5,outperform,34.0,500.0
501,501,-0.0,M,-2147483648,2009-11-04,Stifel,Not Provided,3,hold,-0.0,501.0
502,502,-0.0,D,-2147483648,2009-10-31,EVA Dimensions,Not Provided,3,hold,-0.0,502.0
503,503,-0.0,M,-2147483648,2009-10-22,SunTrust Robinson Humphrey,12 month,5,buy,36.0,503.0
504,504,-0.0,M,-2147483648,2009-10-22,"Keefe, Bruyette & Woods",Not Provided,5,outperform,35.0,504.0
505,505,-0.0,M,-2147483648,2009-10-22,Stephens Inc,12 month,5,overweight,35.0,505.0
506,506,-0.0,M,-2147483648,2009-10-22,Raymond James,Not Provided,3,market perform,-0.0,506.0
507,507,-0.0,M,-2147483648,2009-10-21,J.P. Morgan,12 month,5,overweight,35.0,507.0
508,508,-0.0,M,-2147483648,2009-04-23,Baird,Not Provided,5,outperform,34.0,508.0
509,509,-0.0,M,-2147483648,2009-11-04,Stifel,Not Provided,3,hold,-0.0,509.0
510,510,-0.0,D,-2147483648,2009-10-31,EVA Dimensions,Not Provided,3,hold,-0.0,510.0
511,511,-0.0,M,-2147483648,2009-10-22,SunTrust Robinson Humphrey,12 month,5,buy,36.0,511.0
512,512,-0.0,M,-2147483648,2009-10-22,"Keefe, Bruyette & Woods",Not Provided,5,outperform,35.0,512.0
513,513,-0.0,M,-2147483648,2009-10-22,Stephens Inc,12 month,5,overweight,35.0,513.0
514,514,-0.0,M,-2147483648,2009-10-22,Raymond James,Not Provided,3,market perform,-0.0,514.0
515,515,-0.0,M,-2147483648,2009-10-21,J.P. Morgan,12 month,5,overweight,35.0,515.0
516,516,-0.0,M,-2147483648,2009-04-23,Baird,Not Provided,5,outperform,34.0,516.0
517,517,-0.0,M,-2147483648,2010-01-28,Stifel,Not Provided,3,hold,-0.0,517.0
518,518,-0.0,M,-2147483648,2010-01-06,SunTrust Robinson Humphrey,12 month,5,buy,37.0,518.0
519,519,-0.0,D,-2147483648,2009-10-31,EVA Dimensions,Not Provided,3,hold,-0.0,519.0
520,520,-0.0,M,-2147483648,2009-10-22,"Keefe, Bruyette & Woods",Not Provided,5,outperform,35.0,520.0
521,521,-0.0,M,-2147483648,2009-10-22,Stephens Inc,12 month,5,overweight,35.0,521.0
522,522,-0.0,M,-2147483648,2009-10-22,Raymond James,Not Provided,3,market perform,-0.0,522.0
523,523,-0.0,M,-2147483648,2009-10-21,J.P. Morgan,12 month,5,overweight,35.0,523.0
524,524,-0.0,M,-2147483648,2009-04-23,Baird,Not Provided,5,outperform,34.0,524.0
525,525,-0.0,M,-2147483648,2010-03-01,Stephens Inc,12 month,5,overweight,37.0,525.0
526,526,-0.0,M,-2147483648,2010-02-24,Stifel,Not Provided,3,hold,-0.0,526.0
527,527,-0.0,M,-2147483648,2010-02-05,Baird,12 month,5,outperform,36.0,527.0
528,528,-0.0,M,-2147483648,2010-02-04,SunTrust Robinson Humphrey,12 month,5,buy,41.0,528.0
529,529,-0.0,M,-2147483648,2010-02-04,"Keefe, Bruyette & Woods",12 month,5,outperform,37.0,529.0
530,530,-0.0,M,-2147483648,2010-02-04,Raymond James,Not Provided,3,market perform,-0.0,530.0
531,531,-0.0,M,-2147483648,2010-02-03,J.P. Morgan,9 month,5,overweight,35.0,531.0
532,532,-0.0,D,-2147483648,2009-10-31,EVA Dimensions,Not Provided,3,hold,-0.0,532.0
533,533,-0.0,M,-2147483648,2010-03-25,Stifel,Not Provided,3,hold,-0.0,533.0
534,534,-0.0,M,-2147483648,2010-03-01,Stephens Inc,12 month,5,overweight,37.0,534.0
535,535,-0.0,M,-2147483648,2010-02-05,Baird,12 month,5,outperform,36.0,535.0
536,536,-0.0,M,-2147483648,2010-02-04,SunTrust Robinson Humphrey,12 month,5,buy,41.0,536.0
537,537,-0.0,M,-2147483648,2010-02-04,"Keefe, Bruyette & Woods",12 month,5,outperform,37.0,537.0
538,538,-0.0,M,-2147483648,2010-02-04,Raymond James,Not Provided,3,market perform,-0.0,538.0
539,539,-0.0,M,-2147483648,2010-02-03,J.P. Morgan,9 month,5,overweight,35.0,539.0
540,540,-0.0,D,-2147483648,2009-10-31,EVA Dimensions,Not Provided,3,hold,-0.0,540.0
541,541,-0.0,M,-2147483648,2010-04-30,"Keefe, Bruyette & Woods",12 month,5,outperform,37.0,541.0
542,542,-0.0,M,-2147483648,2010-04-30,Baird,12 month,3,neutral,37.0,542.0
543,543,-0.0,M,-2147483648,2010-04-29,SunTrust Robinson Humphrey,12 month,5,buy,41.0,543.0
544,544,-0.0,M,-2147483648,2010-04-29,J.P. Morgan,9 month,5,overweight,37.0,544.0
545,545,-0.0,D,-2147483648,2010-04-29,Stephens Inc,12 month,3,equalweight,37.0,545.0
546,546,-0.0,M,-2147483648,2010-04-29,Raymond James,Not Provided,3,market perform,-0.0,546.0
547,547,-0.0,M,-2147483648,2010-04-29,Stifel,Not Provided,3,hold,-0.0,547.0
548,548,-0.0,D,-2147483648,2009-10-31,EVA Dimensions,Not Provided,3,hold,-0.0,548.0
549,549,-0.0,U,-2147483648,2010-05-26,Raymond James,12 month,5,outperform,38.0,549.0
550,550,-0.0,M,-2147483648,2010-05-18,J.P. Morgan,9 month,5,overweight,37.0,550.0
551,551,-0.0,M,-2147483648,2010-05-18,Stifel,Not Provided,3,hold,-0.0,551.0
552,552,-0.0,M,-2147483648,2010-04-30,"Keefe, Bruyette & Woods",12 month,5,outperform,37.0,552.0
553,553,-0.0,M,-2147483648,2010-04-30,Baird,12 month,3,neutral,37.0,553.0
554,554,-0.0,M,-2147483648,2010-04-29,SunTrust Robinson Humphrey,12 month,5,buy,41.0,554.0
555,555,-0.0,D,-2147483648,2010-04-29,Stephens Inc,12 month,3,equalweight,37.0,555.0
556,556,-0.0,D,-2147483648,2009-10-31,EVA Dimensions,Not Provided,3,hold,-0.0,556.0
557,557,-0.0,D,-2147483648,2010-06-25,EVA Dimensions,Not Provided,3,hold,-0.0,557.0
558,558,-0.0,U,-2147483648,2010-06-10,Stephens Inc,12 month,5,overweight,37.0,558.0
559,559,-0.0,M,-2147483648,2010-06-09,J.P. Morgan,6 month,5,overweight,34.0,559.0
560,560,-0.0,M,-2147483648,2010-06-03,Raymond James,12 month,5,outperform,38.0,560.0
561,561,-0.0,M,-2147483648,2010-06-02,Baird,12 month,3,neutral,37.0,561.0
562,562,-0.0,M,-2147483648,2010-06-02,Stifel,Not Provided,3,hold,-0.0,562.0
563,563,-0.0,M,-2147483648,2010-04-30,"Keefe, Bruyette & Woods",12 month,5,outperform,37.0,563.0
564,564,-0.0,M,-2147483648,2010-04-29,SunTrust Robinson Humphrey,12 month,5,buy,41.0,564.0
565,565,-0.0,U,-2147483648,2010-07-31,EVA Dimensions,Not Provided,5,buy,-0.0,565.0
566,566,-0.0,M,-2147483648,2010-07-30,J.P. Morgan,6 month,5,overweight,34.0,566.0
567,567,-0.0,M,-2147483648,2010-07-30,"Keefe, Bruyette & Woods",12 month,5,outperform,37.0,567.0
568,568,-0.0,M,-2147483648,2010-07-30,Baird,12 month,3,neutral,35.0,568.0
569,569,-0.0,M,-2147483648,2010-07-29,SunTrust Robinson Humphrey,12 month,5,buy,41.0,569.0
570,570,-0.0,M,-2147483648,2010-07-29,Stephens Inc,12 month,5,overweight,37.0,570.0
571,571,-0.0,M,-2147483648,2010-07-29,Raymond James,12 month,5,outperform,38.0,571.0
572,572,-0.0,M,-2147483648,2010-07-29,Stifel,Not Provided,3,hold,-0.0,572.0
573,573,-0.0,M,-2147483648,2010-08-27,Wells Fargo Securities,Not Provided,3,market perform,-0.0,573.0
574,574,-0.0,D,-2147483648,2010-08-19,EVA Dimensions,Not Provided,3,hold,-0.0,574.0
575,575,-0.0,M,-2147483648,2010-08-02,Raymond James,12 month,5,outperform,38.0,575.0
576,576,-0.0,M,-2147483648,2010-07-30,J.P. Morgan,6 month,5,overweight,34.0,576.0
577,577,-0.0,M,-2147483648,2010-07-30,"Keefe, Bruyette & Woods",12 month,5,outperform,37.0,577.0
578,578,-0.0,M,-2147483648,2010-07-30,Baird,12 month,3,neutral,35.0,578.0
579,579,-0.0,M,-2147483648,2010-07-29,SunTrust Robinson Humphrey,12 month,5,buy,41.0,579.0
580,580,-0.0,M,-2147483648,2010-07-29,Stephens Inc,12 month,5,overweight,37.0,580.0
581,581,-0.0,M,-2147483648,2010-07-29,Stifel,Not Provided,3,hold,-0.0,581.0
582,582,-0.0,M,-2147483648,2010-09-24,Wells Fargo Securities,Not Provided,3,market perform,-0.0,582.0
583,583,-0.0,D,-2147483648,2010-09-18,EVA Dimensions,Not Provided,3,hold,-0.0,583.0
584,584,-0.0,M,-2147483648,2010-08-02,Raymond James,12 month,5,outperform,38.0,584.0
585,585,-0.0,M,-2147483648,2010-07-30,J.P. Morgan,6 month,5,overweight,34.0,585.0
586,586,-0.0,M,-2147483648,2010-07-30,"Keefe, Bruyette & Woods",12 month,5,outperform,37.0,586.0
587,587,-0.0,M,-2147483648,2010-07-30,Baird,12 month,3,neutral,35.0,587.0
588,588,-0.0,M,-2147483648,2010-07-29,SunTrust Robinson Humphrey,12 month,5,buy,41.0,588.0
589,589,-0.0,M,-2147483648,2010-07-29,Stephens Inc,12 month,5,overweight,37.0,589.0
590,590,-0.0,M,-2147483648,2010-07-29,Stifel,Not Provided,3,hold,-0.0,590.0
591,591,-0.0,M,-2147483648,2010-11-01,Stephens Inc,Not Provided,5,overweight,37.0,591.0
592,592,-0.0,U,-2147483648,2010-11-01,Stifel,12 month,5,buy,41.0,592.0
593,593,-0.0,M,-2147483648,2010-10-29,J.P. Morgan,15 month,5,overweight,37.0,593.0
594,594,-0.0,M,-2147483648,2010-10-29,"Keefe, Bruyette & Woods",12 month,5,outperform,39.0,594.0
595,595,-0.0,M,-2147483648,2010-10-29,Baird,12 month,3,neutral,36.0,595.0
596,596,-0.0,M,-2147483648,2010-10-29,Wells Fargo Securities,Not Provided,3,market perform,-0.0,596.0
597,597,-0.0,M,-2147483648,2010-10-28,RBC Capital Markets,Not Provided,5,outperform,39.0,597.0
598,598,-0.0,M,-2147483648,2010-10-28,SunTrust Robinson Humphrey,Not Provided,5,buy,44.0,598.0
599,599,-0.0,M,-2147483648,2010-10-05,Raymond James,12 month,5,outperform,38.0,599.0
600,600,-0.0,D,-2147483648,2010-09-18,EVA Dimensions,Not Provided,3,hold,-0.0,600.0
601,601,-0.0,M,-2147483648,2010-11-29,Stephens Inc,Not Provided,5,overweight,37.0,601.0
602,602,-0.0,M,-2147483648,2010-11-19,RBC Capital Markets,12 month,5,outperform,39.0,602.0
603,603,-0.0,M,-2147483648,2010-11-17,Stifel,12 month,5,buy,41.0,603.0
604,604,-0.0,M,-2147483648,2010-11-12,Wells Fargo Securities,Not Provided,3,market perform,-0.0,604.0
605,605,-0.0,M,-2147483648,2010-11-10,J.P. Morgan,15 month,5,overweight,37.0,605.0
606,606,-0.0,M,-2147483648,2010-10-29,"Keefe, Bruyette & Woods",12 month,5,outperform,39.0,606.0
607,607,-0.0,M,-2147483648,2010-10-29,Baird,12 month,3,neutral,36.0,607.0
608,608,-0.0,M,-2147483648,2010-10-28,SunTrust Robinson Humphrey,Not Provided,5,buy,44.0,608.0
609,609,-0.0,M,-2147483648,2010-10-05,Raymond James,12 month,5,outperform,38.0,609.0
610,610,-0.0,D,-2147483648,2010-09-18,EVA Dimensions,Not Provided,3,hold,-0.0,610.0
611,611,-0.0,M,-2147483648,2010-12-30,Lazard Capital Markets,Not Provided,3,hold,-0.0,611.0
612,612,-0.0,M,-2147483648,2010-12-27,Stephens Inc,Not Provided,5,overweight,37.0,612.0
613,613,-0.0,N,-2147483648,2010-12-17,Goldman Sachs,12 month,3,neutral/neutral,39.0,613.0
614,614,-0.0,M,-2147483648,2010-12-17,RBC Capital Markets,12 month,5,outperform,39.0,614.0
615,615,-0.0,M,-2147483648,2010-12-17,Wells Fargo Securities,Not Provided,3,market perform,-0.0,615.0
616,616,-0.0,N,-2147483648,2010-12-10,Barclays,Not Provided,3,equalwt/neutral,40.0,616.0
617,617,-0.0,M,-2147483648,2010-12-08,J.P. Morgan,12 month,5,overweight,37.0,617.0
618,618,-0.0,M,-2147483648,2010-12-07,Raymond James,12 month,5,outperform,38.0,618.0
619,619,-0.0,N,-2147483648,2010-12-06,Evercore ISI,12 month,3,equalweight,40.0,619.0
620,620,-0.0,M,-2147483648,2010-11-17,Stifel,12 month,5,buy,41.0,620.0
621,621,-0.0,M,-2147483648,2010-10-29,"Keefe, Bruyette & Woods",12 month,5,outperform,39.0,621.0
622,622,-0.0,M,-2147483648,2010-10-29,Baird,12 month,3,neutral,36.0,622.0
623,623,-0.0,M,-2147483648,2010-10-28,SunTrust Robinson Humphrey,Not Provided,5,buy,44.0,623.0
624,624,-0.0,D,-2147483648,2010-09-18,EVA Dimensions,Not Provided,3,hold,-0.0,624.0
625,625,-0.0,M,-2147483648,2011-01-31,Stephens Inc,Not Provided,5,overweight,37.0,625.0
626,626,-0.0,M,-2147483648,2011-01-31,Stifel,12 month,5,buy,41.0,626.0
627,627,-0.0,M,-2147483648,2011-01-28,RBC Capital Markets,12 month,5,outperform,39.0,627.0
628,628,-0.0,M,-2147483648,2011-01-26,SunTrust Robinson Humphrey,Not Provided,5,buy,44.0,628.0
629,629,-0.0,M,-2147483648,2011-01-13,Goldman Sachs,12 month,3,neutral/neutral,43.0,629.0
630,630,-0.0,M,-2147483648,2011-01-11,Wells Fargo Securities,Not Provided,3,market perform,-0.0,630.0
631,631,-0.0,M,-2147483648,2011-01-05,Lazard Capital Markets,Not Provided,3,hold,-0.0,631.0
632,632,-0.0,N,-2147483648,2010-12-10,Barclays,Not Provided,3,equalwt/neutral,40.0,632.0
633,633,-0.0,M,-2147483648,2010-12-08,J.P. Morgan,12 month,5,overweight,37.0,633.0
634,634,-0.0,M,-2147483648,2010-12-07,Raymond James,12 month,5,outperform,38.0,634.0
635,635,-0.0,N,-2147483648,2010-12-06,Evercore ISI,12 month,3,equalweight,40.0,635.0
636,636,-0.0,M,-2147483648,2010-10-29,"Keefe, Bruyette & Woods",12 month,5,outperform,39.0,636.0
637,637,-0.0,M,-2147483648,2010-10-29,Baird,12 month,3,neutral,36.0,637.0
638,638,-0.0,D,-2147483648,2010-09-18,EVA Dimensions,Not Provided,3,hold,-0.0,638.0
639,639,-0.0,M,-2147483648,2011-02-28,Stephens Inc,Not Provided,5,overweight,42.0,639.0
640,640,-0.0,M,-2147483648,2011-02-25,RBC Capital Markets,12 month,5,outperform,43.0,640.0
641,641,-0.0,D,-2147483648,2011-02-12,EVA Dimensions,Not Provided,3,hold,-0.0,641.0
642,642,-0.0,M,-2147483648,2011-02-11,Goldman Sachs,12 month,3,neutral/neutral,41.0,642.0
643,643,-0.0,M,-2147483648,2011-02-11,"Keefe, Bruyette & Woods",12 month,5,outperform,42.0,643.0
644,644,-0.0,M,-2147483648,2011-02-11,Baird,12 month,3,neutral,40.0,644.0
645,645,-0.0,M,-2147483648,2011-02-11,Raymond James,12 month,5,outperform,41.0,645.0
646,646,-0.0,M,-2147483648,2011-02-11,Stifel,12 month,5,buy,41.0,646.0
647,647,-0.0,M,-2147483648,2011-02-11,Evercore ISI,12 month,3,equalweight,40.0,647.0
648,648,-0.0,M,-2147483648,2011-02-11,Wells Fargo Securities,Not Provided,3,market perform,-0.0,648.0
649,649,-0.0,M,-2147483648,2011-02-10,SunTrust Robinson Humphrey,12 month,5,buy,46.0,649.0
650,650,-0.0,M,-2147483648,2011-02-10,J.P. Morgan,12 month,5,overweight,37.0,650.0
651,651,-0.0,M,-2147483648,2011-02-10,Lazard Capital Markets,Not Provided,3,hold,-0.0,651.0
652,652,-0.0,M,-2147483648,2011-02-10,Barclays,Not Provided,3,equalwt/neutral,40.0,652.0
653,653,-0.0,M,-2147483648,2011-04-01,Wells Fargo Securities,Not Provided,3,market perform,-0.0,653.0
654,654,-0.0,M,-2147483648,2011-03-28,Stephens Inc,Not Provided,5,overweight,42.0,654.0
655,655,-0.0,M,-2147483648,2011-03-25,RBC Capital Markets,12 month,5,outperform,43.0,655.0
656,656,-0.0,M,-2147483648,2011-03-12,EVA Dimensions,Not Provided,3,hold,-0.0,656.0
657,657,-0.0,M,-2147483648,2011-03-09,Raymond James,18 month,5,outperform,41.0,657.0
658,658,-0.0,M,-2147483648,2011-02-11,Goldman Sachs,12 month,3,neutral/neutral,41.0,658.0
659,659,-0.0,M,-2147483648,2011-02-11,"Keefe, Bruyette & Woods",12 month,5,outperform,42.0,659.0
660,660,-0.0,M,-2147483648,2011-02-11,Baird,12 month,3,neutral,40.0,660.0
661,661,-0.0,M,-2147483648,2011-02-11,Stifel,12 month,5,buy,41.0,661.0
662,662,-0.0,M,-2147483648,2011-02-11,Evercore ISI,12 month,3,equalweight,40.0,662.0
663,663,-0.0,M,-2147483648,2011-02-10,SunTrust Robinson Humphrey,12 month,5,buy,46.0,663.0
664,664,-0.0,M,-2147483648,2011-02-10,J.P. Morgan,12 month,5,overweight,37.0,664.0
665,665,-0.0,M,-2147483648,2011-02-10,Lazard Capital Markets,Not Provided,3,hold,-0.0,665.0
666,666,-0.0,M,-2147483648,2011-02-10,Barclays,Not Provided,3,equalwt/neutral,40.0,666.0
667,667,-0.0,M,-2147483648,2011-04-29,RBC Capital Markets,12 month,5,outperform,43.0,667.0
668,668,-0.0,M,-2147483648,2011-04-29,J.P. Morgan,9 month,5,overweight,41.0,668.0
669,669,-0.0,M,-2147483648,2011-04-29,"Keefe, Bruyette & Woods",12 month,5,outperform,43.0,669.0
670,670,-0.0,M,-2147483648,2011-04-29,Baird,12 month,3,neutral,40.0,670.0
671,671,-0.0,M,-2147483648,2011-04-29,Stephens Inc,12 month,5,overweight,45.0,671.0
672,672,-0.0,M,-2147483648,2011-04-29,Evercore ISI,Not Provided,3,equalweight,40.0,672.0
673,673,-0.0,M,-2147483648,2011-04-29,Wells Fargo Securities,Not Provided,3,market perform,-0.0,673.0
674,674,-0.0,M,-2147483648,2011-04-28,SunTrust Robinson Humphrey,12 month,5,buy,49.0,674.0
675,675,-0.0,M,-2147483648,2011-04-28,Raymond James,12 month,5,outperform,41.0,675.0
676,676,-0.0,M,-2147483648,2011-04-28,Stifel,12 month,5,buy,45.0,676.0
677,677,-0.0,M,-2147483648,2011-04-28,Lazard Capital Markets,Not Provided,3,neutral,-0.0,677.0
678,678,-0.0,M,-2147483648,2011-04-28,Barclays,Not Provided,3,equalwt/neutral,40.0,678.0
679,679,-0.0,U,-2147483648,2011-04-28,EVA Dimensions,Not Provided,5,buy,-0.0,679.0
680,680,-0.0,M,-2147483648,2011-02-11,Goldman Sachs,12 month,3,neutral/neutral,41.0,680.0
681,681,-0.0,M,-2147483648,2011-06-01,SunTrust Robinson Humphrey,12 month,5,buy,49.0,681.0
682,682,-0.0,M,-2147483648,2011-06-01,J.P. Morgan,9 month,5,overweight,41.0,682.0
683,683,-0.0,M,-2147483648,2011-06-01,Baird,12 month,3,neutral,40.0,683.0
684,684,-0.0,M,-2147483648,2011-06-01,Wells Fargo Securities,Not Provided,3,market perform,-0.0,684.0
685,685,-0.0,M,-2147483648,2011-06-01,Lazard Capital Markets,Not Provided,3,neutral,-0.0,685.0
686,686,-0.0,M,-2147483648,2011-06-01,Barclays,Not Provided,3,equalwt/neutral,40.0,686.0
687,687,-0.0,M,-2147483648,2011-05-31,Stephens Inc,Not Provided,5,overweight,45.0,687.0
688,688,-0.0,M,-2147483648,2011-05-31,Stifel,12 month,5,buy,45.0,688.0
689,689,-0.0,U,-2147483648,2011-05-28,EVA Dimensions,Not Provided,5,buy,-0.0,689.0
690,690,-0.0,M,-2147483648,2011-05-27,RBC Capital Markets,12 month,5,outperform,43.0,690.0
691,691,-0.0,M,-2147483648,2011-05-02,Raymond James,12 month,5,outperform,41.0,691.0
692,692,-0.0,M,-2147483648,2011-04-29,"Keefe, Bruyette & Woods",12 month,5,outperform,43.0,692.0
693,693,-0.0,M,-2147483648,2011-04-29,Evercore ISI,Not Provided,3,equalweight,40.0,693.0
694,694,-0.0,M,-2147483648,2011-02-11,Goldman Sachs,12 month,3,neutral/neutral,41.0,694.0
695,695,-0.0,M,-2147483648,2011-07-01,RBC Capital Markets,12 month,5,outperform,43.0,695.0
696,696,-0.0,M,-2147483648,2011-06-27,Stephens Inc,Not Provided,5,overweight,45.0,696.0
697,697,-0.0,D,-2147483648,2011-06-25,EVA Dimensions,Not Provided,3,hold,-0.0,697.0
698,698,-0.0,M,-2147483648,2011-06-17,Wells Fargo Securities,Not Provided,3,market perform,-0.0,698.0
699,699,-0.0,M,-2147483648,2011-06-02,Raymond James,12 month,5,outperform,41.0,699.0
700,700,-0.0,M,-2147483648,2011-06-02,Stifel,12 month,5,buy,45.0,700.0
701,701,-0.0,M,-2147483648,2011-06-01,SunTrust Robinson Humphrey,12 month,5,buy,49.0,701.0
702,702,-0.0,M,-2147483648,2011-06-01,J.P. Morgan,9 month,5,overweight,41.0,702.0
703,703,-0.0,M,-2147483648,2011-06-01,Baird,12 month,3,neutral,40.0,703.0
704,704,-0.0,M,-2147483648,2011-06-01,Barclays,Not Provided,3,equalwt/neutral,40.0,704.0
705,705,-0.0,M,-2147483648,2011-04-29,"Keefe, Bruyette & Woods",12 month,5,outperform,43.0,705.0
706,706,-0.0,M,-2147483648,2011-04-29,Evercore ISI,Not Provided,3,equalweight,40.0,706.0
707,707,-0.0,M,-2147483648,2011-02-11,Goldman Sachs,12 month,3,neutral/neutral,41.0,707.0
708,708,-0.0,M,-2147483648,2011-07-29,RBC Capital Markets,12 month,5,outperform,43.0,708.0
709,709,-0.0,M,-2147483648,2011-07-29,J.P. Morgan,3 month,5,overweight,41.0,709.0
710,710,-0.0,M,-2147483648,2011-07-29,"Keefe, Bruyette & Woods",12 month,5,outperform,43.0,710.0
711,711,-0.0,M,-2147483648,2011-07-29,Baird,12 month,3,neutral,40.0,711.0
712,712,-0.0,M,-2147483648,2011-07-29,Stephens Inc,12 month,5,overweight,45.0,712.0
713,713,-0.0,M,-2147483648,2011-07-29,Evercore ISI,12 month,3,equalweight,40.0,713.0
714,714,-0.0,M,-2147483648,2011-07-29,Wells Fargo Securities,Not Provided,3,market perform,-0.0,714.0
715,715,-0.0,M,-2147483648,2011-07-28,SunTrust Robinson Humphrey,12 month,5,buy,45.0,715.0
716,716,-0.0,M,-2147483648,2011-07-28,Raymond James,12 month,5,outperform,41.0,716.0
717,717,-0.0,M,-2147483648,2011-07-28,Stifel,12 month,5,buy,45.0,717.0
718,718,-0.0,M,-2147483648,2011-07-28,Barclays,Not Provided,3,equalwt/neutral,40.0,718.0
719,719,-0.0,D,-2147483648,2011-06-25,EVA Dimensions,Not Provided,3,hold,-0.0,719.0
720,720,-0.0,M,-2147483648,2011-02-11,Goldman Sachs,12 month,3,neutral/neutral,41.0,720.0
721,721,-0.0,M,-2147483648,2011-08-29,Stephens Inc,Not Provided,5,overweight,45.0,721.0
722,722,-0.0,M,-2147483648,2011-08-26,RBC Capital Markets,12 month,5,outperform,43.0,722.0
723,723,-0.0,M,-2147483648,2011-08-23,Barclays,Not Provided,3,equalwt/neutral,33.0,723.0
724,724,-0.0,U,-2147483648,2011-08-23,EVA Dimensions,Not Provided,5,buy,-0.0,724.0
725,725,-0.0,M,-2147483648,2011-08-19,Wells Fargo Securities,Not Provided,3,market perform,-0.0,725.0
726,726,-0.0,M,-2147483648,2011-08-15,Goldman Sachs,12 month,3,neutral/neutral,32.0,726.0
727,727,-0.0,M,-2147483648,2011-08-10,Evercore ISI,12 month,3,equalweight,40.0,727.0
728,728,-0.0,M,-2147483648,2011-08-02,Raymond James,12 month,5,outperform,41.0,728.0
729,729,-0.0,M,-2147483648,2011-07-29,J.P. Morgan,3 month,5,overweight,41.0,729.0
730,730,-0.0,M,-2147483648,2011-07-29,"Keefe, Bruyette & Woods",12 month,5,outperform,43.0,730.0
731,731,-0.0,M,-2147483648,2011-07-29,Baird,12 month,3,neutral,40.0,731.0
732,732,-0.0,M,-2147483648,2011-07-28,SunTrust Robinson Humphrey,12 month,5,buy,45.0,732.0
733,733,-0.0,M,-2147483648,2011-07-28,Stifel,12 month,5,buy,45.0,733.0
734,734,-0.0,M,-2147483648,2011-09-30,RBC Capital Markets,12 month,5,outperform,43.0,734.0
735,735,-0.0,M,-2147483648,2011-09-26,Stephens Inc,Not Provided,5,overweight,45.0,735.0
736,736,-0.0,M,-2147483648,2011-09-16,Wells Fargo Securities,Not Provided,3,market perform,-0.0,736.0
737,737,-0.0,M,-2147483648,2011-08-23,Barclays,Not Provided,3,equalwt/neutral,33.0,737.0
738,738,-0.0,U,-2147483648,2011-08-23,EVA Dimensions,Not Provided,5,buy,-0.0,738.0
739,739,-0.0,M,-2147483648,2011-08-15,Goldman Sachs,12 month,3,neutral/neutral,32.0,739.0
740,740,-0.0,M,-2147483648,2011-08-10,Evercore ISI,12 month,3,equalweight,40.0,740.0
741,741,-0.0,M,-2147483648,2011-08-02,Raymond James,12 month,5,outperform,41.0,741.0
742,742,-0.0,M,-2147483648,2011-07-29,J.P. Morgan,3 month,5,overweight,41.0,742.0
743,743,-0.0,M,-2147483648,2011-07-29,"Keefe, Bruyette & Woods",12 month,5,outperform,43.0,743.0
744,744,-0.0,M,-2147483648,2011-07-29,Baird,12 month,3,neutral,40.0,744.0
745,745,-0.0,M,-2147483648,2011-07-28,SunTrust Robinson Humphrey,12 month,5,buy,45.0,745.0
746,746,-0.0,M,-2147483648,2011-07-28,Stifel,12 month,5,buy,45.0,746.0
747,747,-0.0,M,-2147483648,2011-11-01,Raymond James,12 month,5,outperform,41.0,747.0
748,748,-0.0,M,-2147483648,2011-10-31,Stephens Inc,Not Provided,5,overweight,45.0,748.0
749,749,-0.0,M,-2147483648,2011-10-28,RBC Capital Markets,12 month,5,outperform,43.0,749.0
750,750,-0.0,M,-2147483648,2011-10-28,J.P. Morgan,15 month,5,overweight,40.0,750.0
751,751,-0.0,M,-2147483648,2011-10-28,Baird,12 month,3,neutral,40.0,751.0
752,752,-0.0,M,-2147483648,2011-10-28,Evercore ISI,12 month,3,equalweight,40.0,752.0
753,753,-0.0,M,-2147483648,2011-10-28,Wells Fargo Securities,Not Provided,3,market perform,-0.0,753.0
754,754,-0.0,M,-2147483648,2011-10-27,Goldman Sachs,12 month,1,Sell/Neutral,30.0,754.0
755,755,-0.0,M,-2147483648,2011-10-27,SunTrust Robinson Humphrey,Not Provided,3,neutral,-0.0,755.0
756,756,-0.0,M,-2147483648,2011-10-27,Stifel,12 month,5,buy,45.0,756.0
757,757,-0.0,M,-2147483648,2011-10-27,Barclays,Not Provided,3,equalwt/neutral,33.0,757.0
758,758,-0.0,D,-2147483648,2011-10-21,EVA Dimensions,Not Provided,3,hold,-0.0,758.0
759,759,-0.0,U,-2147483648,2011-11-30,EVA Dimensions,Not Provided,5,overweight,-0.0,759.0
760,760,-0.0,M,-2147483648,2011-11-22,Stephens Inc,12 month,5,overweight,45.0,760.0
761,761,-0.0,M,-2147483648,2011-11-18,RBC Capital Markets,12 month,5,outperform,43.0,761.0
762,762,-0.0,M,-2147483648,2011-11-18,J.P. Morgan,9 month,5,overweight,40.0,762.0
763,763,-0.0,M,-2147483648,2011-11-08,Wells Fargo Securities,Not Provided,3,market perform,-0.0,763.0
764,764,-0.0,M,-2147483648,2011-11-01,Raymond James,12 month,5,outperform,41.0,764.0
765,765,-0.0,M,-2147483648,2011-10-28,Baird,12 month,3,neutral,40.0,765.0
766,766,-0.0,M,-2147483648,2011-10-28,Evercore ISI,12 month,3,equalweight,40.0,766.0
767,767,-0.0,M,-2147483648,2011-10-27,Goldman Sachs,12 month,1,Sell/Neutral,30.0,767.0
768,768,-0.0,M,-2147483648,2011-10-27,SunTrust Robinson Humphrey,Not Provided,3,neutral,-0.0,768.0
769,769,-0.0,M,-2147483648,2011-10-27,Stifel,12 month,5,buy,45.0,769.0
770,770,-0.0,M,-2147483648,2011-10-27,Barclays,Not Provided,3,equalwt/neutral,33.0,770.0
771,771,-0.0,M,-2147483648,2011-12-29,Wells Fargo Securities,Not Provided,3,market perform,-0.0,771.0
772,772,-0.0,M,-2147483648,2011-12-27,Stephens Inc,Not Provided,5,overweight,45.0,772.0
773,773,-0.0,M,-2147483648,2011-12-23,RBC Capital Markets,12 month,5,outperform,43.0,773.0
774,774,-0.0,M,-2147483648,2011-12-15,Barclays,Not Provided,3,equalwt/neutral,37.0,774.0
775,775,-0.0,M,-2147483648,2011-12-09,Baird,12 month,3,neutral,40.0,775.0
776,776,-0.0,U,-2147483648,2011-11-30,EVA Dimensions,Not Provided,5,overweight,-0.0,776.0
777,777,-0.0,M,-2147483648,2011-11-18,J.P. Morgan,9 month,5,overweight,40.0,777.0
778,778,-0.0,M,-2147483648,2011-11-01,Raymond James,12 month,5,outperform,41.0,778.0
779,779,-0.0,M,-2147483648,2011-10-28,Evercore ISI,12 month,3,equalweight,40.0,779.0
780,780,-0.0,M,-2147483648,2011-10-27,Goldman Sachs,12 month,1,Sell/Neutral,30.0,780.0
781,781,-0.0,M,-2147483648,2011-10-27,SunTrust Robinson Humphrey,Not Provided,3,neutral,-0.0,781.0
782,782,-0.0,M,-2147483648,2011-10-27,Stifel,12 month,5,buy,45.0,782.0
783,783,-0.0,M,-2147483648,2012-02-01,J.P. Morgan,9 month,5,overweight,45.0,783.0
784,784,-0.0,M,-2147483648,2012-01-30,Stephens Inc,Not Provided,5,overweight,45.0,784.0
785,785,-0.0,M,-2147483648,2012-01-27,RBC Capital Markets,12 month,5,outperform,43.0,785.0
786,786,-0.0,N,-2147483648,2012-01-18,Credit Suisse,Not Provided,3,neutral,41.0,786.0
787,787,-0.0,M,-2147483648,2012-01-11,Goldman Sachs,12 month,1,Sell/Neutral,36.0,787.0
788,788,-0.0,M,-2147483648,2011-12-29,Wells Fargo Securities,Not Provided,3,market perform,-0.0,788.0
789,789,-0.0,M,-2147483648,2011-12-15,Barclays,Not Provided,3,equalwt/neutral,37.0,789.0
790,790,-0.0,M,-2147483648,2011-12-09,Baird,12 month,3,neutral,40.0,790.0
791,791,-0.0,U,-2147483648,2011-11-30,EVA Dimensions,Not Provided,5,overweight,-0.0,791.0
792,792,-0.0,M,-2147483648,2011-11-01,Raymond James,12 month,5,outperform,41.0,792.0
793,793,-0.0,M,-2147483648,2011-10-28,Evercore ISI,12 month,3,equalweight,40.0,793.0
794,794,-0.0,M,-2147483648,2011-10-27,SunTrust Robinson Humphrey,Not Provided,3,neutral,-0.0,794.0
795,795,-0.0,M,-2147483648,2011-10-27,Stifel,12 month,5,buy,45.0,795.0
796,796,-0.0,M,-2147483648,2012-03-01,Baird,12 month,3,neutral,43.0,796.0
797,797,-0.0,M,-2147483648,2012-03-01,Evercore ISI,12 month,3,equalweight,43.0,797.0
798,798,-0.0,M,-2147483648,2012-02-27,Stephens Inc,Not Provided,5,overweight,45.0,798.0
799,799,-0.0,M,-2147483648,2012-02-27,Raymond James,12 month,5,outperform,47.0,799.0
800,800,-0.0,M,-2147483648,2012-02-27,Wells Fargo Securities,Not Provided,3,market perform,-0.0,800.0
801,801,-0.0,M,-2147483648,2012-02-24,RBC Capital Markets,12 month,5,outperform,45.0,801.0
802,802,-0.0,M,-2147483648,2012-02-24,Barclays,Not Provided,3,equalwt/neutral,42.0,802.0
803,803,-0.0,D,-2147483648,2012-02-20,EVA Dimensions,Not Provided,3,hold,-0.0,803.0
804,804,-0.0,U,-2147483648,2012-02-10,Goldman Sachs,12 month,5,Buy/Neutral,50.0,804.0
805,805,-0.0,M,-2147483648,2012-02-09,Credit Suisse,Not Provided,3,neutral,43.0,805.0
806,806,-0.0,M,-2147483648,2012-02-09,SunTrust Robinson Humphrey,Not Provided,3,neutral,-0.0,806.0
807,807,-0.0,M,-2147483648,2012-02-09,J.P. Morgan,6 month,5,overweight,47.0,807.0
808,808,-0.0,M,-2147483648,2012-02-09,Stifel,12 month,5,buy,49.0,808.0
809,809,-0.0,M,-2147483648,2012-03-30,RBC Capital Markets,12 month,5,outperform,45.0,809.0
810,810,-0.0,M,-2147483648,2012-03-30,Wells Fargo Securities,Not Provided,3,market perform,-0.0,810.0
811,811,-0.0,M,-2147483648,2012-03-26,Stephens Inc,Not Provided,5,overweight,45.0,811.0
812,812,-0.0,M,-2147483648,2012-03-16,Barclays,Not Provided,3,equalwt/neutral,42.0,812.0
813,813,-0.0,U,-2147483648,2012-03-12,SunTrust Robinson Humphrey,12 month,5,buy,54.0,813.0
814,814,-0.0,M,-2147483648,2012-03-07,Stifel,12 month,5,buy,49.0,814.0
815,815,-0.0,M,-2147483648,2012-03-02,Baird,12 month,3,neutral,43.0,815.0
816,816,-0.0,M,-2147483648,2012-03-02,Evercore ISI,12 month,3,equalweight,43.0,816.0
817,817,-0.0,M,-2147483648,2012-02-27,Raymond James,12 month,5,outperform,47.0,817.0
818,818,-0.0,D,-2147483648,2012-02-20,EVA Dimensions,Not Provided,3,hold,-0.0,818.0
819,819,-0.0,U,-2147483648,2012-02-10,Goldman Sachs,12 month,5,Buy/Neutral,50.0,819.0
820,820,-0.0,M,-2147483648,2012-02-09,Credit Suisse,Not Provided,3,neutral,43.0,820.0
821,821,-0.0,M,-2147483648,2012-02-09,J.P. Morgan,6 month,5,overweight,47.0,821.0
822,822,-0.0,M,-2147483648,2012-04-30,Stephens Inc,Not Provided,5,overweight,52.0,822.0
823,823,-0.0,M,-2147483648,2012-04-27,RBC Capital Markets,12 month,5,outperform,52.0,823.0
824,824,-0.0,M,-2147483648,2012-04-27,Credit Suisse,Not Provided,3,neutral,49.0,824.0
825,825,-0.0,M,-2147483648,2012-04-27,J.P. Morgan,6 month,5,overweight,47.0,825.0
826,826,-0.0,M,-2147483648,2012-04-27,Baird,12 month,3,neutral,49.0,826.0
827,827,-0.0,M,-2147483648,2012-04-27,Raymond James,12 month,5,outperform,50.0,827.0
828,828,-0.0,M,-2147483648,2012-04-27,Stifel,12 month,5,buy,53.0,828.0
829,829,-0.0,M,-2147483648,2012-04-26,Goldman Sachs,12 month,5,Buy/Neutral,51.0,829.0
830,830,-0.0,M,-2147483648,2012-04-26,SunTrust Robinson Humphrey,12 month,5,buy,54.0,830.0
831,831,-0.0,M,-2147483648,2012-04-26,Evercore ISI,12 month,3,equalweight,43.0,831.0
832,832,-0.0,M,-2147483648,2012-04-26,Wells Fargo Securities,Not Provided,3,market perform,-0.0,832.0
833,833,-0.0,M,-2147483648,2012-04-26,Barclays,Not Provided,3,equalwt/neutral,50.0,833.0
834,834,-0.0,D,-2147483648,2012-02-20,EVA Dimensions,Not Provided,3,hold,-0.0,834.0
835,835,-0.0,M,-2147483648,2012-06-01,RBC Capital Markets,12 month,5,outperform,52.0,835.0
836,836,-0.0,M,-2147483648,2012-05-29,Stephens Inc,Not Provided,5,overweight,52.0,836.0
837,837,-0.0,M,-2147483648,2012-05-18,J.P. Morgan,6 month,5,overweight,50.0,837.0
838,838,-0.0,M,-2147483648,2012-05-09,Raymond James,12 month,5,outperform,50.0,838.0
839,839,-0.0,M,-2147483648,2012-04-27,Credit Suisse,Not Provided,3,neutral,49.0,839.0
840,840,-0.0,M,-2147483648,2012-04-27,Baird,12 month,3,neutral,49.0,840.0
841,841,-0.0,M,-2147483648,2012-04-27,Stifel,12 month,5,buy,53.0,841.0
842,842,-0.0,M,-2147483648,2012-04-26,Goldman Sachs,12 month,5,Buy/Neutral,51.0,842.0
843,843,-0.0,M,-2147483648,2012-04-26,SunTrust Robinson Humphrey,12 month,5,buy,54.0,843.0
844,844,-0.0,M,-2147483648,2012-04-26,Evercore ISI,12 month,3,equalweight,43.0,844.0
845,845,-0.0,M,-2147483648,2012-04-26,Wells Fargo Securities,Not Provided,3,market perform,-0.0,845.0
846,846,-0.0,M,-2147483648,2012-04-26,Barclays,Not Provided,3,equalwt/neutral,50.0,846.0
847,847,-0.0,D,-2147483648,2012-02-20,EVA Dimensions,Not Provided,3,hold,-0.0,847.0
848,848,-0.0,M,-2147483648,2012-06-29,RBC Capital Markets,12 month,5,outperform,52.0,848.0
849,849,-0.0,M,-2147483648,2012-06-28,Raymond James,12 month,5,outperform,50.0,849.0
850,850,-0.0,M,-2147483648,2012-06-25,Stephens Inc,Not Provided,5,overweight,52.0,850.0
851,851,-0.0,M,-2147483648,2012-06-13,Credit Suisse,Not Provided,3,neutral,50.0,851.0
852,852,-0.0,M,-2147483648,2012-06-08,Wells Fargo Securities,Not Provided,3,market perform,-0.0,852.0
853,853,-0.0,M,-2147483648,2012-06-04,Barclays,Not Provided,3,equalwt/neutral,50.0,853.0
854,854,-0.0,M,-2147483648,2012-05-18,J.P. Morgan,6 month,5,overweight,50.0,854.0
855,855,-0.0,M,-2147483648,2012-04-27,Baird,12 month,3,neutral,49.0,855.0
856,856,-0.0,M,-2147483648,2012-04-27,Stifel,12 month,5,buy,53.0,856.0
857,857,-0.0,M,-2147483648,2012-04-26,Goldman Sachs,12 month,5,Buy/Neutral,51.0,857.0
858,858,-0.0,M,-2147483648,2012-04-26,SunTrust Robinson Humphrey,12 month,5,buy,54.0,858.0
859,859,-0.0,M,-2147483648,2012-04-26,Evercore ISI,12 month,3,equalweight,43.0,859.0
860,860,-0.0,D,-2147483648,2012-02-20,EVA Dimensions,Not Provided,3,hold,-0.0,860.0
861,861,-0.0,M,-2147483648,2012-08-01,RBC Capital Markets,12 month,5,outperform,52.0,861.0
862,862,-0.0,M,-2147483648,2012-07-30,Stephens Inc,Not Provided,5,overweight,55.0,862.0
863,863,-0.0,M,-2147483648,2012-07-30,Barclays,Not Provided,3,equalweight,50.0,863.0
864,864,-0.0,M,-2147483648,2012-07-27,J.P. Morgan,Not Provided,5,overweight,52.0,864.0
865,865,-0.0,M,-2147483648,2012-07-27,Baird,12 month,3,neutral,50.0,865.0
866,866,-0.0,M,-2147483648,2012-07-27,Raymond James,12 month,5,outperform,50.0,866.0
867,867,-0.0,D,-2147483648,2012-07-27,Stifel,12 month,3,hold,53.0,867.0
868,868,-0.0,M,-2147483648,2012-07-26,Credit Suisse,Not Provided,3,neutral,50.0,868.0
869,869,-0.0,M,-2147483648,2012-07-26,SunTrust Robinson Humphrey,Not Provided,5,buy,54.0,869.0
870,870,-0.0,M,-2147483648,2012-07-26,Evercore ISI,12 month,3,equalweight,48.0,870.0
871,871,-0.0,M,-2147483648,2012-07-26,Wells Fargo Securities,Not Provided,3,market perform,-0.0,871.0
872,872,-0.0,M,-2147483648,2012-04-26,Goldman Sachs,12 month,5,Buy/Neutral,51.0,872.0
873,873,-0.0,D,-2147483648,2012-02-20,EVA Dimensions,Not Provided,3,hold,-0.0,873.0
874,874,-0.0,M,-2147483648,2012-08-31,RBC Capital Markets,12 month,5,outperform,52.0,874.0
875,875,-0.0,M,-2147483648,2012-08-27,Stephens Inc,Not Provided,5,overweight,55.0,875.0
876,876,-0.0,U,-2147483648,2012-08-11,EVA Dimensions,Not Provided,5,overweight,-0.0,876.0
877,877,-0.0,M,-2147483648,2012-07-30,Barclays,Not Provided,3,equalweight,50.0,877.0
878,878,-0.0,M,-2147483648,2012-07-27,J.P. Morgan,Not Provided,5,overweight,52.0,878.0
879,879,-0.0,M,-2147483648,2012-07-27,Baird,12 month,3,neutral,50.0,879.0
880,880,-0.0,M,-2147483648,2012-07-27,Raymond James,12 month,5,outperform,50.0,880.0
881,881,-0.0,D,-2147483648,2012-07-27,Stifel,12 month,3,hold,53.0,881.0
882,882,-0.0,M,-2147483648,2012-07-26,Credit Suisse,Not Provided,3,neutral,50.0,882.0
883,883,-0.0,M,-2147483648,2012-07-26,SunTrust Robinson Humphrey,Not Provided,5,buy,54.0,883.0
884,884,-0.0,M,-2147483648,2012-07-26,Evercore ISI,12 month,3,equalweight,48.0,884.0
885,885,-0.0,M,-2147483648,2012-07-26,Wells Fargo Securities,Not Provided,3,market perform,-0.0,885.0
886,886,-0.0,M,-2147483648,2012-04-26,Goldman Sachs,12 month,5,Buy/Neutral,51.0,886.0
887,887,-0.0,M,-2147483648,2012-10-01,RBC Capital Markets,12 month,5,outperform,52.0,887.0
888,888,-0.0,M,-2147483648,2012-10-01,Stephens Inc,Not Provided,5,overweight,55.0,888.0
889,889,-0.0,M,-2147483648,2012-09-27,Evercore ISI,12 month,3,equalweight,51.0,889.0
890,890,-0.0,M,-2147483648,2012-09-14,Wells Fargo Securities,Not Provided,3,market perform,-0.0,890.0
891,891,-0.0,M,-2147483648,2012-09-12,Stifel,Not Provided,3,hold,-0.0,891.0
892,892,-0.0,M,-2147483648,2012-09-06,Barclays,Not Provided,3,equalweight,50.0,892.0
893,893,-0.0,M,-2147483648,2012-09-04,Goldman Sachs,12 month,5,Buy/Neutral,56.0,893.0
894,894,-0.0,U,-2147483648,2012-08-11,EVA Dimensions,Not Provided,5,overweight,-0.0,894.0
895,895,-0.0,M,-2147483648,2012-07-27,J.P. Morgan,Not Provided,5,overweight,52.0,895.0
896,896,-0.0,M,-2147483648,2012-07-27,Baird,12 month,3,neutral,50.0,896.0
897,897,-0.0,M,-2147483648,2012-07-27,Raymond James,12 month,5,outperform,50.0,897.0
898,898,-0.0,M,-2147483648,2012-07-26,Credit Suisse,Not Provided,3,neutral,50.0,898.0
899,899,-0.0,M,-2147483648,2012-07-26,SunTrust Robinson Humphrey,Not Provided,5,buy,54.0,899.0
900,900,-0.0,M,-2147483648,2012-11-01,RBC Capital Markets,12 month,5,outperform,54.0,900.0
901,901,-0.0,M,-2147483648,2012-10-31,Stephens Inc,Not Provided,5,overweight,55.0,901.0
902,902,-0.0,M,-2147483648,2012-10-26,Baird,12 month,3,neutral,51.0,902.0
903,903,-0.0,M,-2147483648,2012-10-26,Raymond James,12 month,5,outperform,55.0,903.0
904,904,-0.0,M,-2147483648,2012-10-25,Goldman Sachs,12 month,5,Buy/Neutral,57.0,904.0
905,905,-0.0,M,-2147483648,2012-10-25,Credit Suisse,Not Provided,3,neutral,52.0,905.0
906,906,-0.0,M,-2147483648,2012-10-25,SunTrust Robinson Humphrey,12 month,5,buy,58.0,906.0
907,907,-0.0,M,-2147483648,2012-10-25,J.P. Morgan,12 month,5,overweight,57.0,907.0
908,908,-0.0,M,-2147483648,2012-10-25,Stifel,Not Provided,3,hold,-0.0,908.0
909,909,-0.0,M,-2147483648,2012-10-25,Evercore ISI,12 month,3,equalweight,51.0,909.0
910,910,-0.0,M,-2147483648,2012-10-25,Wells Fargo Securities,Not Provided,3,market perform,-0.0,910.0
911,911,-0.0,M,-2147483648,2012-10-25,Barclays,Not Provided,3,equalweight,52.0,911.0
912,912,-0.0,U,-2147483648,2012-10-25,EVA Dimensions,Not Provided,5,overweight,-0.0,912.0
913,913,-0.0,M,-2147483648,2012-11-30,RBC Capital Markets,12 month,5,outperform,54.0,913.0
914,914,-0.0,M,-2147483648,2012-11-26,Stephens Inc,Not Provided,5,overweight,55.0,914.0
915,915,-0.0,M,-2147483648,2012-11-14,Credit Suisse,Not Provided,3,neutral,52.0,915.0
916,916,-0.0,M,-2147483648,2012-10-26,Baird,12 month,3,neutral,51.0,916.0
917,917,-0.0,M,-2147483648,2012-10-26,Raymond James,12 month,5,outperform,55.0,917.0
918,918,-0.0,M,-2147483648,2012-10-25,Goldman Sachs,12 month,5,Buy/Neutral,57.0,918.0
919,919,-0.0,M,-2147483648,2012-10-25,SunTrust Robinson Humphrey,12 month,5,buy,58.0,919.0
920,920,-0.0,M,-2147483648,2012-10-25,J.P. Morgan,12 month,5,overweight,57.0,920.0
921,921,-0.0,M,-2147483648,2012-10-25,Stifel,Not Provided,3,hold,-0.0,921.0
922,922,-0.0,M,-2147483648,2012-10-25,Evercore ISI,12 month,3,equalweight,51.0,922.0
923,923,-0.0,M,-2147483648,2012-10-25,Wells Fargo Securities,Not Provided,3,market perform,-0.0,923.0
924,924,-0.0,M,-2147483648,2012-10-25,Barclays,Not Provided,3,equalweight,52.0,924.0
925,925,-0.0,U,-2147483648,2012-10-25,EVA Dimensions,Not Provided,5,overweight,-0.0,925.0
926,926,-0.0,M,-2147483648,2012-12-21,RBC Capital Markets,12 month,5,outperform,60.0,926.0
927,927,-0.0,M,-2147483648,2012-12-17,Stephens Inc,Not Provided,5,overweight,60.0,927.0
928,928,-0.0,M,-2147483648,2012-12-17,Raymond James,12 month,5,outperform,55.0,928.0
929,929,-0.0,M,-2147483648,2012-12-14,Wells Fargo Securities,Not Provided,3,market perform,-0.0,929.0
930,930,-0.0,M,-2147483648,2012-12-13,Stifel,Not Provided,3,hold,-0.0,930.0
931,931,-0.0,M,-2147483648,2012-12-07,Baird,12 month,3,neutral,51.0,931.0
932,932,-0.0,M,-2147483648,2012-12-06,Credit Suisse,Not Provided,3,neutral,57.0,932.0
933,933,-0.0,M,-2147483648,2012-12-06,SunTrust Robinson Humphrey,12 month,5,buy,62.0,933.0
934,934,-0.0,M,-2147483648,2012-12-06,J.P. Morgan,12 month,5,overweight,61.0,934.0
935,935,-0.0,M,-2147483648,2012-12-06,Evercore ISI,12 month,3,equalweight,64.0,935.0
936,936,-0.0,M,-2147483648,2012-12-03,Barclays,Not Provided,-2147483648,suspended coverage,-0.0,936.0
937,937,-0.0,M,-2147483648,2012-10-25,Goldman Sachs,12 month,5,Buy/Neutral,57.0,937.0
938,938,-0.0,U,-2147483648,2012-10-25,EVA Dimensions,Not Provided,5,overweight,-0.0,938.0
939,939,-0.0,M,-2147483648,2013-02-01,RBC Capital Markets,12 month,5,outperform,60.0,939.0
940,940,-0.0,M,-2147483648,2013-02-01,Barclays,Not Provided,5,overweight,67.0,940.0
941,941,-0.0,M,-2147483648,2013-01-24,Stephens Inc,12 month,5,overweight,60.0,941.0
942,942,-0.0,M,-2147483648,2013-01-23,Baird,12 month,3,neutral,59.0,942.0
943,943,-0.0,M,-2147483648,2013-01-15,EVA Dimensions,Not Provided,5,overweight,-0.0,943.0
944,944,-0.0,M,-2147483648,2013-01-11,Wells Fargo Securities,Not Provided,3,market perform,-0.0,944.0
945,945,-0.0,M,-2147483648,2013-01-09,Goldman Sachs,12 month,5,Buy/Neutral,63.0,945.0
946,946,-0.0,M,-2147483648,2012-12-17,Raymond James,12 month,5,outperform,55.0,946.0
947,947,-0.0,M,-2147483648,2012-12-13,Stifel,Not Provided,3,hold,-0.0,947.0
948,948,-0.0,M,-2147483648,2012-12-06,Credit Suisse,Not Provided,3,neutral,57.0,948.0
949,949,-0.0,M,-2147483648,2012-12-06,SunTrust Robinson Humphrey,12 month,5,buy,62.0,949.0
950,950,-0.0,M,-2147483648,2012-12-06,J.P. Morgan,12 month,5,overweight,61.0,950.0
951,951,-0.0,M,-2147483648,2012-12-06,Evercore ISI,12 month,3,equalweight,64.0,951.0
952,952,-0.0,M,-2147483648,2013-03-01,RBC Capital Markets,12 month,5,outperform,60.0,952.0
953,953,-0.0,M,-2147483648,2013-02-26,Stephens Inc,Not Provided,5,overweight,68.0,953.0
954,954,-0.0,M,-2147483648,2013-02-19,Stifel,Not Provided,3,hold,-0.0,954.0
955,955,-0.0,U,-2147483648,2013-02-19,Evercore ISI,12 month,5,overweight,64.0,955.0
956,956,-0.0,M,-2147483648,2013-02-15,Wells Fargo Securities,Not Provided,3,market perform,-0.0,956.0
957,957,-0.0,M,-2147483648,2013-02-08,Credit Suisse,Not Provided,3,neutral,57.0,957.0
958,958,-0.0,M,-2147483648,2013-02-08,Baird,12 month,3,neutral,59.0,958.0
959,959,-0.0,M,-2147483648,2013-02-08,Raymond James,12 month,5,outperform,60.0,959.0
960,960,-0.0,M,-2147483648,2013-02-07,SunTrust Robinson Humphrey,12 month,5,buy,62.0,960.0
961,961,-0.0,M,-2147483648,2013-02-07,J.P. Morgan,6 month,5,overweight,64.0,961.0
962,962,-0.0,M,-2147483648,2013-02-07,S&P Capital IQ,Not Provided,5,buy,70.0,962.0
963,963,-0.0,M,-2147483648,2013-02-07,Barclays,Not Provided,5,overweight,67.0,963.0
964,964,-0.0,D,-2147483648,2013-02-07,EVA Dimensions,Not Provided,1,sell,-0.0,964.0
965,965,-0.0,M,-2147483648,2013-02-06,Goldman Sachs,12 month,5,Buy/Neutral,65.0,965.0
966,966,-0.0,M,-2147483648,2013-04-01,RBC Capital Markets,12 month,5,outperform,60.0,966.0
967,967,-0.0,M,-2147483648,2013-04-01,Stephens Inc,Not Provided,5,overweight,68.0,967.0
968,968,-0.0,U,-2147483648,2013-03-27,EVA Dimensions,Not Provided,3,hold,-0.0,968.0
969,969,-0.0,M,-2147483648,2013-03-26,Raymond James,12 month,5,outperform,60.0,969.0
970,970,-0.0,M,-2147483648,2013-03-05,Wells Fargo Securities,Not Provided,3,market perform,-0.0,970.0
971,971,-0.0,M,-2147483648,2013-02-19,Stifel,Not Provided,3,hold,-0.0,971.0
972,972,-0.0,U,-2147483648,2013-02-19,Evercore ISI,12 month,5,overweight,64.0,972.0
973,973,-0.0,M,-2147483648,2013-02-08,Credit Suisse,Not Provided,3,neutral,57.0,973.0
974,974,-0.0,M,-2147483648,2013-02-08,Baird,12 month,3,neutral,59.0,974.0
975,975,-0.0,M,-2147483648,2013-02-07,SunTrust Robinson Humphrey,12 month,5,buy,62.0,975.0
976,976,-0.0,M,-2147483648,2013-02-07,J.P. Morgan,6 month,5,overweight,64.0,976.0
977,977,-0.0,M,-2147483648,2013-02-07,S&P Capital IQ,Not Provided,5,buy,70.0,977.0
978,978,-0.0,M,-2147483648,2013-02-07,Barclays,Not Provided,5,overweight,67.0,978.0
979,979,-0.0,M,-2147483648,2013-02-06,Goldman Sachs,12 month,5,Buy/Neutral,65.0,979.0
980,980,-0.0,M,-2147483648,2013-05-01,RBC Capital Markets,12 month,5,outperform,67.0,980.0
981,981,-0.0,M,-2147483648,2013-04-29,Wells Fargo Securities,Not Provided,3,market perform,-0.0,981.0
982,982,-0.0,M,-2147483648,2013-04-26,J.P. Morgan,3 month,5,overweight,68.0,982.0
983,983,-0.0,M,-2147483648,2013-04-26,Baird,12 month,3,neutral,66.0,983.0
984,984,-0.0,M,-2147483648,2013-04-25,Credit Suisse,Not Provided,3,neutral,63.0,984.0
985,985,-0.0,M,-2147483648,2013-04-25,SunTrust Robinson Humphrey,12 month,5,buy,70.0,985.0
986,986,-0.0,M,-2147483648,2013-04-25,Stephens Inc,12 month,5,overweight,68.0,986.0
987,987,-0.0,M,-2147483648,2013-04-25,Raymond James,12 month,5,outperform,65.0,987.0
988,988,-0.0,M,-2147483648,2013-04-25,Stifel,Not Provided,3,hold,-0.0,988.0
989,989,-0.0,M,-2147483648,2013-04-25,Evercore ISI,12 month,5,overweight,68.0,989.0
990,990,-0.0,M,-2147483648,2013-04-25,Barclays,Not Provided,5,overweight,67.0,990.0
991,991,-0.0,U,-2147483648,2013-03-27,EVA Dimensions,Not Provided,3,hold,-0.0,991.0
992,992,-0.0,M,-2147483648,2013-02-07,S&P Capital IQ,Not Provided,5,buy,70.0,992.0
993,993,-0.0,M,-2147483648,2013-02-06,Goldman Sachs,12 month,5,Buy/Neutral,65.0,993.0
994,994,-0.0,M,-2147483648,2013-05-31,RBC Capital Markets,12 month,5,outperform,67.0,994.0
995,995,-0.0,M,-2147483648,2013-05-31,Barclays,Not Provided,5,overweight,67.0,995.0
996,996,-0.0,M,-2147483648,2013-05-28,Stephens Inc,Not Provided,5,overweight,68.0,996.0
997,997,-0.0,D,-2147483648,2013-05-20,Goldman Sachs,12 month,3,neutral/neutral,65.0,997.0
998,998,-0.0,M,-2147483648,2013-05-03,Wells Fargo Securities,Not Provided,3,market perform,-0.0,998.0
999,999,-0.0,M,-2147483648,2013-04-26,J.P. Morgan,3 month,5,overweight,68.0,999.0
1000,1000,-0.0,M,-2147483648,2013-04-26,Baird,12 month,3,neutral,66.0,1000.0
1001,1001,-0.0,M,-2147483648,2013-04-25,Credit Suisse,Not Provided,3,neutral,63.0,1001.0
1002,1002,-0.0,M,-2147483648,2013-04-25,SunTrust Robinson Humphrey,12 month,5,buy,70.0,1002.0
1003,1003,-0.0,M,-2147483648,2013-04-25,Raymond James,12 month,5,outperform,65.0,1003.0
1004,1004,-0.0,M,-2147483648,2013-04-25,Stifel,Not Provided,3,hold,-0.0,1004.0
1005,1005,-0.0,M,-2147483648,2013-04-25,Evercore ISI,12 month,5,overweight,68.0,1005.0
1006,1006,-0.0,U,-2147483648,2013-03-27,EVA Dimensions,Not Provided,3,hold,-0.0,1006.0
1007,1007,-0.0,M,-2147483648,2013-02-07,S&P Capital IQ,Not Provided,5,buy,70.0,1007.0
1008,1008,-0.0,M,-2147483648,2013-07-01,RBC Capital Markets,12 month,5,outperform,67.0,1008.0
1009,1009,-0.0,M,-2147483648,2013-06-24,Stephens Inc,Not Provided,5,overweight,68.0,1009.0
1010,1010,-0.0,M,-2147483648,2013-06-20,Evercore ISI,12 month,5,overweight,68.0,1010.0
1011,1011,-0.0,M,-2147483648,2013-06-10,Wells Fargo Securities,Not Provided,3,market perform,-0.0,1011.0
1012,1012,-0.0,M,-2147483648,2013-05-31,Barclays,Not Provided,5,overweight,67.0,1012.0
1013,1013,-0.0,D,-2147483648,2013-05-20,Goldman Sachs,12 month,3,neutral/neutral,65.0,1013.0
1014,1014,-0.0,M,-2147483648,2013-04-26,J.P. Morgan,3 month,5,overweight,68.0,1014.0
1015,1015,-0.0,M,-2147483648,2013-04-26,Baird,12 month,3,neutral,66.0,1015.0
1016,1016,-0.0,M,-2147483648,2013-04-25,Credit Suisse,Not Provided,3,neutral,63.0,1016.0
1017,1017,-0.0,M,-2147483648,2013-04-25,SunTrust Robinson Humphrey,12 month,5,buy,70.0,1017.0
1018,1018,-0.0,M,-2147483648,2013-04-25,Raymond James,12 month,5,outperform,65.0,1018.0
1019,1019,-0.0,M,-2147483648,2013-04-25,Stifel,Not Provided,3,hold,-0.0,1019.0
1020,1020,-0.0,U,-2147483648,2013-03-27,EVA Dimensions,Not Provided,3,hold,-0.0,1020.0
1021,1021,-0.0,M,-2147483648,2013-02-07,S&P Capital IQ,Not Provided,5,buy,70.0,1021.0
1022,1022,-0.0,M,-2147483648,2013-08-01,RBC Capital Markets,12 month,5,outperform,67.0,1022.0
1023,1023,-0.0,M,-2147483648,2013-07-31,Evercore ISI,12 month,5,overweight,68.0,1023.0
1024,1024,-0.0,M,-2147483648,2013-07-29,Baird,12 month,3,neutral,66.0,1024.0
1025,1025,-0.0,M,-2147483648,2013-07-29,Stephens Inc,Not Provided,5,overweight,68.0,1025.0
1026,1026,-0.0,M,-2147483648,2013-07-26,Barclays,Not Provided,5,overweight,68.0,1026.0
1027,1027,-0.0,M,-2147483648,2013-07-25,Credit Suisse,Not Provided,3,neutral,65.0,1027.0
1028,1028,-0.0,M,-2147483648,2013-07-25,SunTrust Robinson Humphrey,12 month,5,buy,74.0,1028.0
1029,1029,-0.0,M,-2147483648,2013-07-25,J.P. Morgan,Not Provided,5,overweight,68.0,1029.0
1030,1030,-0.0,M,-2147483648,2013-07-25,Raymond James,12 month,5,outperform,67.0,1030.0
1031,1031,-0.0,M,-2147483648,2013-07-25,Stifel,Not Provided,3,hold,-0.0,1031.0
1032,1032,-0.0,M,-2147483648,2013-07-25,S&P Capital IQ,Not Provided,5,buy,70.0,1032.0
1033,1033,-0.0,M,-2147483648,2013-07-07,Goldman Sachs,12 month,3,neutral/attractive,65.0,1033.0
1034,1034,-0.0,U,-2147483648,2013-03-27,EVA Dimensions,Not Provided,3,hold,-0.0,1034.0
1035,1035,-0.0,M,-2147483648,2013-08-30,RBC Capital Markets,12 month,5,outperform,67.0,1035.0
1036,1036,-0.0,M,-2147483648,2013-08-30,Stifel,Not Provided,3,hold,-0.0,1036.0
1037,1037,-0.0,M,-2147483648,2013-08-23,Baird,12 month,3,neutral,66.0,1037.0
1038,1038,-0.0,M,-2147483648,2013-07-31,Evercore ISI,12 month,5,overweight,68.0,1038.0
1039,1039,-0.0,M,-2147483648,2013-07-26,Barclays,Not Provided,5,overweight,68.0,1039.0
1040,1040,-0.0,M,-2147483648,2013-07-25,Credit Suisse,Not Provided,3,neutral,65.0,1040.0
1041,1041,-0.0,M,-2147483648,2013-07-25,SunTrust Robinson Humphrey,12 month,5,buy,74.0,1041.0
1042,1042,-0.0,M,-2147483648,2013-07-25,J.P. Morgan,Not Provided,5,overweight,68.0,1042.0
1043,1043,-0.0,M,-2147483648,2013-07-25,Raymond James,12 month,5,outperform,67.0,1043.0
1044,1044,-0.0,M,-2147483648,2013-07-25,S&P Capital IQ,Not Provided,5,buy,70.0,1044.0
1045,1045,-0.0,M,-2147483648,2013-07-07,Goldman Sachs,12 month,3,neutral/attractive,65.0,1045.0
1046,1046,-0.0,U,-2147483648,2013-03-27,EVA Dimensions,Not Provided,3,hold,-0.0,1046.0
1047,1047,-0.0,M,-2147483648,2013-10-01,RBC Capital Markets,12 month,3,sector perform,67.0,1047.0
1048,1048,-0.0,M,-2147483648,2013-09-30,Baird,12 month,3,neutral,66.0,1048.0
1049,1049,-0.0,M,-2147483648,2013-09-27,Goldman Sachs,12 month,5,Buy/Neutral,69.0,1049.0
1050,1050,-0.0,M,-2147483648,2013-09-11,Barclays,Not Provided,5,overweight,68.0,1050.0
1051,1051,-0.0,M,-2147483648,2013-08-30,Stifel,Not Provided,3,hold,-0.0,1051.0
1052,1052,-0.0,M,-2147483648,2013-07-31,Evercore ISI,12 month,5,overweight,68.0,1052.0
1053,1053,-0.0,M,-2147483648,2013-07-25,Credit Suisse,Not Provided,3,neutral,65.0,1053.0
1054,1054,-0.0,M,-2147483648,2013-07-25,SunTrust Robinson Humphrey,12 month,5,buy,74.0,1054.0
1055,1055,-0.0,M,-2147483648,2013-07-25,J.P. Morgan,Not Provided,5,overweight,68.0,1055.0
1056,1056,-0.0,M,-2147483648,2013-07-25,Raymond James,12 month,5,outperform,67.0,1056.0
1057,1057,-0.0,M,-2147483648,2013-07-25,S&P Capital IQ,Not Provided,5,buy,70.0,1057.0
1058,1058,-0.0,U,-2147483648,2013-03-27,EVA Dimensions,Not Provided,3,hold,-0.0,1058.0
1059,1059,-0.0,M,-2147483648,2013-11-01,RBC Capital Markets,12 month,3,sector perform,67.0,1059.0
1060,1060,-0.0,M,-2147483648,2013-10-29,Stephens Inc,12 month,5,overweight,71.0,1060.0
1061,1061,-0.0,M,-2147483648,2013-10-25,SunTrust Robinson Humphrey,12 month,5,buy,76.0,1061.0
1062,1062,-0.0,U,-2147483648,2013-10-25,Baird,12 month,5,outperform,74.0,1062.0
1063,1063,-0.0,M,-2147483648,2013-10-24,Credit Suisse,Not Provided,3,neutral,65.0,1063.0
1064,1064,-0.0,M,-2147483648,2013-10-24,J.P. Morgan,9 month,5,overweight,72.0,1064.0
1065,1065,-0.0,M,-2147483648,2013-10-24,Raymond James,12 month,5,outperform,67.0,1065.0
1066,1066,-0.0,M,-2147483648,2013-10-24,Stifel,Not Provided,3,hold,-0.0,1066.0
1067,1067,-0.0,M,-2147483648,2013-10-24,Evercore ISI,12 month,5,overweight,74.0,1067.0
1068,1068,-0.0,M,-2147483648,2013-10-24,Barclays,Not Provided,5,overweight,70.0,1068.0
1069,1069,-0.0,M,-2147483648,2013-09-27,Goldman Sachs,12 month,5,Buy/Neutral,69.0,1069.0
1070,1070,-0.0,M,-2147483648,2013-07-25,S&P Capital IQ,Not Provided,5,buy,70.0,1070.0
1071,1071,-0.0,U,-2147483648,2013-03-27,EVA Dimensions,Not Provided,3,hold,-0.0,1071.0
1072,1072,-0.0,M,-2147483648,2013-11-27,RBC Capital Markets,12 month,3,sector perform,67.0,1072.0
1073,1073,-0.0,M,-2147483648,2013-11-26,Raymond James,12 month,5,outperform,67.0,1073.0
1074,1074,-0.0,M,-2147483648,2013-11-25,Baird,12 month,5,outperform,74.0,1074.0
1075,1075,-0.0,M,-2147483648,2013-11-07,Barclays,Not Provided,5,overweight,70.0,1075.0
1076,1076,-0.0,M,-2147483648,2013-10-29,Stephens Inc,12 month,5,overweight,71.0,1076.0
1077,1077,-0.0,M,-2147483648,2013-10-25,SunTrust Robinson Humphrey,12 month,5,buy,76.0,1077.0
1078,1078,-0.0,M,-2147483648,2013-10-24,Credit Suisse,Not Provided,3,neutral,65.0,1078.0
1079,1079,-0.0,M,-2147483648,2013-10-24,J.P. Morgan,9 month,5,overweight,72.0,1079.0
1080,1080,-0.0,M,-2147483648,2013-10-24,Stifel,Not Provided,3,hold,-0.0,1080.0
1081,1081,-0.0,M,-2147483648,2013-10-24,Evercore ISI,12 month,5,overweight,74.0,1081.0
1082,1082,-0.0,M,-2147483648,2013-09-27,Goldman Sachs,12 month,5,Buy/Neutral,69.0,1082.0
1083,1083,-0.0,M,-2147483648,2013-07-25,S&P Capital IQ,Not Provided,5,buy,70.0,1083.0
1084,1084,-0.0,U,-2147483648,2013-03-27,EVA Dimensions,Not Provided,3,hold,-0.0,1084.0
1085,1085,-0.0,M,-2147483648,2013-12-23,Baird,12 month,5,outperform,74.0,1085.0
1086,1086,-0.0,M,-2147483648,2013-12-20,RBC Capital Markets,12 month,3,sector perform,67.0,1086.0
1087,1087,-0.0,M,-2147483648,2013-12-16,Barclays,Not Provided,5,overweight,75.0,1087.0
1088,1088,-0.0,M,-2147483648,2013-11-26,Raymond James,12 month,5,outperform,67.0,1088.0
1089,1089,-0.0,M,-2147483648,2013-10-29,Stephens Inc,12 month,5,overweight,71.0,1089.0
1090,1090,-0.0,M,-2147483648,2013-10-25,SunTrust Robinson Humphrey,12 month,5,buy,76.0,1090.0
1091,1091,-0.0,M,-2147483648,2013-10-24,Credit Suisse,Not Provided,3,neutral,65.0,1091.0
1092,1092,-0.0,M,-2147483648,2013-10-24,J.P. Morgan,9 month,5,overweight,72.0,1092.0
1093,1093,-0.0,M,-2147483648,2013-10-24,Stifel,Not Provided,3,hold,-0.0,1093.0
1094,1094,-0.0,M,-2147483648,2013-10-24,Evercore ISI,12 month,5,overweight,74.0,1094.0
1095,1095,-0.0,M,-2147483648,2013-09-27,Goldman Sachs,12 month,5,Buy/Neutral,69.0,1095.0
1096,1096,-0.0,M,-2147483648,2013-07-25,S&P Capital IQ,Not Provided,5,buy,70.0,1096.0
1097,1097,-0.0,U,-2147483648,2013-03-27,EVA Dimensions,Not Provided,3,hold,-0.0,1097.0
1098,1098,-0.0,M,-2147483648,2014-01-31,RBC Capital Markets,12 month,3,sector perform,76.0,1098.0
1099,1099,-0.0,M,-2147483648,2014-01-27,Baird,12 month,5,outperform,74.0,1099.0
1100,1100,-0.0,M,-2147483648,2014-01-17,Barclays,Not Provided,5,overweight,80.0,1100.0
1101,1101,-0.0,D,-2147483648,2014-01-16,Goldman Sachs,12 month,3,neutral/neutral,66.0,1101.0
1102,1102,-0.0,M,-2147483648,2014-01-16,Credit Suisse,Not Provided,3,neutral,65.0,1102.0
1103,1103,-0.0,M,-2147483648,2014-01-16,SunTrust Robinson Humphrey,12 month,5,buy,81.0,1103.0
1104,1104,-0.0,M,-2147483648,2014-01-16,Raymond James,12 month,5,outperform,67.0,1104.0
1105,1105,-0.0,M,-2147483648,2014-01-16,Stifel,Not Provided,3,hold,-0.0,1105.0
1106,1106,-0.0,M,-2147483648,2014-01-06,S&P Capital IQ,Not Provided,5,buy,77.0,1106.0
1107,1107,-0.0,M,-2147483648,2014-01-05,Evercore ISI,12 month,5,overweight,74.0,1107.0
1108,1108,-0.0,M,-2147483648,2013-10-29,Stephens Inc,12 month,5,overweight,71.0,1108.0
1109,1109,-0.0,M,-2147483648,2013-10-24,J.P. Morgan,9 month,5,overweight,72.0,1109.0
1110,1110,-0.0,U,-2147483648,2013-03-27,EVA Dimensions,Not Provided,3,hold,-0.0,1110.0
1111,1111,-0.0,M,-2147483648,2014-02-28,Baird,12 month,5,outperform,77.0,1111.0
1112,1112,-0.0,M,-2147483648,2014-02-27,RBC Capital Markets,12 month,3,sector perform,74.0,1112.0
1113,1113,-0.0,M,-2147483648,2014-02-18,J.P. Morgan,6 month,5,overweight,75.0,1113.0
1114,1114,-0.0,D,-2147483648,2014-02-18,Raymond James,Not Provided,3,market perform,-0.0,1114.0
1115,1115,-0.0,M,-2147483648,2014-02-18,Evercore ISI,12 month,5,overweight,77.0,1115.0
1116,1116,-0.0,M,-2147483648,2014-02-16,Stifel,Not Provided,3,hold,-0.0,1116.0
1117,1117,-0.0,M,-2147483648,2014-02-14,Credit Suisse,Not Provided,3,neutral,65.0,1117.0
1118,1118,-0.0,M,-2147483648,2014-02-14,SunTrust Robinson Humphrey,12 month,5,buy,81.0,1118.0
1119,1119,-0.0,M,-2147483648,2014-02-14,Stephens Inc,12 month,5,overweight,80.0,1119.0
1120,1120,-0.0,M,-2147483648,2014-02-14,Wells Fargo Securities,Not Provided,3,market perform,-0.0,1120.0
1121,1121,-0.0,M,-2147483648,2014-02-14,Barclays,Not Provided,5,overweight,80.0,1121.0
1122,1122,-0.0,D,-2147483648,2014-01-16,Goldman Sachs,12 month,3,neutral/neutral,66.0,1122.0
1123,1123,-0.0,M,-2147483648,2014-01-06,S&P Capital IQ,Not Provided,5,buy,77.0,1123.0
1124,1124,-0.0,U,-2147483648,2013-03-27,EVA Dimensions,Not Provided,3,hold,-0.0,1124.0
1125,1125,-0.0,M,-2147483648,2014-04-01,EVA Dimensions,Not Provided,3,hold,-0.0,1125.0
1126,1126,-0.0,M,-2147483648,2014-03-31,RBC Capital Markets,12 month,3,sector perform,74.0,1126.0
1127,1127,-0.0,M,-2147483648,2014-03-31,Baird,12 month,5,outperform,77.0,1127.0
1128,1128,-0.0,M,-2147483648,2014-03-25,Evercore ISI,12 month,5,overweight,77.0,1128.0
1129,1129,-0.0,M,-2147483648,2014-03-07,Barclays,Not Provided,5,overweight,80.0,1129.0
1130,1130,-0.0,M,-2147483648,2014-02-18,J.P. Morgan,6 month,5,overweight,75.0,1130.0
1131,1131,-0.0,D,-2147483648,2014-02-18,Raymond James,Not Provided,3,market perform,-0.0,1131.0
1132,1132,-0.0,M,-2147483648,2014-02-16,Stifel,Not Provided,3,hold,-0.0,1132.0
1133,1133,-0.0,M,-2147483648,2014-02-14,Credit Suisse,Not Provided,3,neutral,65.0,1133.0
1134,1134,-0.0,M,-2147483648,2014-02-14,SunTrust Robinson Humphrey,12 month,5,buy,81.0,1134.0
1135,1135,-0.0,M,-2147483648,2014-02-14,Stephens Inc,12 month,5,overweight,80.0,1135.0
1136,1136,-0.0,M,-2147483648,2014-02-14,Wells Fargo Securities,Not Provided,3,market perform,-0.0,1136.0
1137,1137,-0.0,D,-2147483648,2014-01-16,Goldman Sachs,12 month,3,neutral/neutral,66.0,1137.0
1138,1138,-0.0,M,-2147483648,2014-01-06,S&P Capital IQ,Not Provided,5,buy,77.0,1138.0
1139,1139,-0.0,M,-2147483648,2014-04-30,RBC Capital Markets,12 month,3,sector perform,74.0,1139.0
1140,1140,-0.0,M,-2147483648,2014-04-30,EVA Dimensions,Not Provided,3,hold,-0.0,1140.0
1141,1141,-0.0,M,-2147483648,2014-04-28,SunTrust Robinson Humphrey,12 month,5,buy,81.0,1141.0
1142,1142,-0.0,M,-2147483648,2014-04-28,Wells Fargo Securities,Not Provided,3,market perform,-0.0,1142.0
1143,1143,-0.0,M,-2147483648,2014-04-28,"Morningstar, Inc",Not Provided,3,hold,-0.0,1143.0
1144,1144,-0.0,M,-2147483648,2014-04-25,Baird,12 month,5,outperform,77.0,1144.0
1145,1145,-0.0,M,-2147483648,2014-04-24,Credit Suisse,Not Provided,5,outperform,80.0,1145.0
1146,1146,-0.0,M,-2147483648,2014-04-24,J.P. Morgan,3 month,5,overweight,77.0,1146.0
1147,1147,-0.0,M,-2147483648,2014-04-24,Stephens Inc,12 month,5,overweight,80.0,1147.0
1148,1148,-0.0,M,-2147483648,2014-04-24,Raymond James,Not Provided,3,market perform,-0.0,1148.0
1149,1149,-0.0,M,-2147483648,2014-04-24,Stifel,Not Provided,3,hold,-0.0,1149.0
1150,1150,-0.0,M,-2147483648,2014-04-24,Evercore ISI,12 month,5,overweight,77.0,1150.0
1151,1151,-0.0,M,-2147483648,2014-04-24,Barclays,Not Provided,5,overweight,80.0,1151.0
1152,1152,-0.0,D,-2147483648,2014-01-16,Goldman Sachs,12 month,3,neutral/neutral,66.0,1152.0
1153,1153,-0.0,M,-2147483648,2014-01-06,S&P Capital IQ,Not Provided,5,buy,77.0,1153.0
1154,1154,-0.0,M,-2147483648,2014-05-30,RBC Capital Markets,12 month,3,sector perform,74.0,1154.0
1155,1155,-0.0,M,-2147483648,2014-05-30,Barclays,Not Provided,5,overweight,80.0,1155.0
1156,1156,-0.0,M,-2147483648,2014-05-28,Baird,12 month,5,outperform,77.0,1156.0
1157,1157,-0.0,M,-2147483648,2014-05-23,Raymond James,Not Provided,3,market perform,-0.0,1157.0
1158,1158,-0.0,M,-2147483648,2014-04-30,EVA Dimensions,Not Provided,3,hold,-0.0,1158.0
1159,1159,-0.0,M,-2147483648,2014-04-28,SunTrust Robinson Humphrey,12 month,5,buy,81.0,1159.0
1160,1160,-0.0,M,-2147483648,2014-04-28,Wells Fargo Securities,Not Provided,3,market perform,-0.0,1160.0
1161,1161,-0.0,M,-2147483648,2014-04-28,"Morningstar, Inc",Not Provided,3,hold,-0.0,1161.0
1162,1162,-0.0,M,-2147483648,2014-04-24,Credit Suisse,Not Provided,5,outperform,80.0,1162.0
1163,1163,-0.0,M,-2147483648,2014-04-24,J.P. Morgan,3 month,5,overweight,77.0,1163.0
1164,1164,-0.0,M,-2147483648,2014-04-24,Stephens Inc,12 month,5,overweight,80.0,1164.0
1165,1165,-0.0,M,-2147483648,2014-04-24,Stifel,Not Provided,3,hold,-0.0,1165.0
1166,1166,-0.0,M,-2147483648,2014-04-24,Evercore ISI,12 month,5,overweight,77.0,1166.0
1167,1167,-0.0,D,-2147483648,2014-01-16,Goldman Sachs,12 month,3,neutral/neutral,66.0,1167.0
1168,1168,-0.0,M,-2147483648,2014-01-06,S&P Capital IQ,Not Provided,5,buy,77.0,1168.0
1169,1169,-0.0,M,-2147483648,2014-07-01,RBC Capital Markets,12 month,3,sector perform,74.0,1169.0
1170,1170,-0.0,M,-2147483648,2014-06-30,Baird,Not Provided,5,outperform,77.0,1170.0
1171,1171,-0.0,M,-2147483648,2014-06-30,Evercore ISI,12 month,5,overweight,77.0,1171.0
1172,1172,-0.0,M,-2147483648,2014-06-24,Credit Suisse,Not Provided,5,outperform,80.0,1172.0
1173,1173,-0.0,M,-2147483648,2014-05-30,Barclays,Not Provided,5,overweight,80.0,1173.0
1174,1174,-0.0,M,-2147483648,2014-05-23,Raymond James,Not Provided,3,market perform,-0.0,1174.0
1175,1175,-0.0,M,-2147483648,2014-04-30,EVA Dimensions,Not Provided,3,hold,-0.0,1175.0
1176,1176,-0.0,M,-2147483648,2014-04-28,SunTrust Robinson Humphrey,12 month,5,buy,81.0,1176.0
1177,1177,-0.0,M,-2147483648,2014-04-28,Wells Fargo Securities,Not Provided,3,market perform,-0.0,1177.0
1178,1178,-0.0,M,-2147483648,2014-04-28,"Morningstar, Inc",Not Provided,3,hold,-0.0,1178.0
1179,1179,-0.0,M,-2147483648,2014-04-24,J.P. Morgan,3 month,5,overweight,77.0,1179.0
1180,1180,-0.0,M,-2147483648,2014-04-24,Stephens Inc,12 month,5,overweight,80.0,1180.0
1181,1181,-0.0,M,-2147483648,2014-04-24,Stifel,Not Provided,3,hold,-0.0,1181.0
1182,1182,-0.0,D,-2147483648,2014-01-16,Goldman Sachs,12 month,3,neutral/neutral,66.0,1182.0
1183,1183,-0.0,M,-2147483648,2014-01-06,S&P Capital IQ,Not Provided,5,buy,77.0,1183.0
1184,1184,-0.0,M,-2147483648,2014-08-01,RBC Capital Markets,12 month,3,sector perform,78.0,1184.0
1185,1185,-0.0,M,-2147483648,2014-07-28,Baird,12 month,5,outperform,85.0,1185.0
1186,1186,-0.0,M,-2147483648,2014-07-25,Goldman Sachs,12 month,3,neutral/neutral,68.0,1186.0
1187,1187,-0.0,M,-2147483648,2014-07-25,Barclays,Not Provided,5,overweight,87.0,1187.0
1188,1188,-0.0,D,-2147483648,2014-07-25,EVA Dimensions,Not Provided,1,underweight,-0.0,1188.0
1189,1189,-0.0,M,-2147483648,2014-07-24,Credit Suisse,Not Provided,5,outperform,85.0,1189.0
1190,1190,-0.0,M,-2147483648,2014-07-24,SunTrust Robinson Humphrey,12 month,5,buy,87.0,1190.0
1191,1191,-0.0,M,-2147483648,2014-07-24,J.P. Morgan,Not Provided,5,overweight,85.0,1191.0
1192,1192,-0.0,M,-2147483648,2014-07-24,Stephens Inc,12 month,5,overweight,80.0,1192.0
1193,1193,-0.0,M,-2147483648,2014-07-24,Raymond James,Not Provided,3,market perform,-0.0,1193.0
1194,1194,-0.0,M,-2147483648,2014-07-24,Stifel,Not Provided,3,hold,-0.0,1194.0
1195,1195,-0.0,M,-2147483648,2014-07-24,Evercore ISI,12 month,5,overweight,78.0,1195.0
1196,1196,-0.0,M,-2147483648,2014-07-24,Wells Fargo Securities,Not Provided,3,market perform,-0.0,1196.0
1197,1197,-0.0,M,-2147483648,2014-07-24,"Morningstar, Inc",Not Provided,3,hold,-0.0,1197.0
1198,1198,-0.0,M,-2147483648,2014-01-06,S&P Capital IQ,Not Provided,5,buy,77.0,1198.0
1199,1199,-0.0,M,-2147483648,2014-08-29,RBC Capital Markets,12 month,3,sector perform,78.0,1199.0
1200,1200,-0.0,M,-2147483648,2014-08-27,"Morningstar, Inc",Not Provided,3,hold,-0.0,1200.0
1201,1201,-0.0,M,-2147483648,2014-08-18,Baird,Not Provided,5,outperform,85.0,1201.0
1202,1202,-0.0,U,-2147483648,2014-08-06,EVA Dimensions,Not Provided,3,hold,-0.0,1202.0
1203,1203,-0.0,M,-2147483648,2014-07-25,Goldman Sachs,12 month,3,neutral/neutral,68.0,1203.0
1204,1204,-0.0,M,-2147483648,2014-07-25,Barclays,Not Provided,5,overweight,87.0,1204.0
1205,1205,-0.0,M,-2147483648,2014-07-24,Credit Suisse,Not Provided,5,outperform,85.0,1205.0
1206,1206,-0.0,M,-2147483648,2014-07-24,SunTrust Robinson Humphrey,12 month,5,buy,87.0,1206.0
1207,1207,-0.0,M,-2147483648,2014-07-24,J.P. Morgan,Not Provided,5,overweight,85.0,1207.0
1208,1208,-0.0,M,-2147483648,2014-07-24,Stephens Inc,12 month,5,overweight,80.0,1208.0
1209,1209,-0.0,M,-2147483648,2014-07-24,Raymond James,Not Provided,3,market perform,-0.0,1209.0
1210,1210,-0.0,M,-2147483648,2014-07-24,Stifel,Not Provided,3,hold,-0.0,1210.0
1211,1211,-0.0,M,-2147483648,2014-07-24,Evercore ISI,12 month,5,overweight,78.0,1211.0
1212,1212,-0.0,M,-2147483648,2014-07-24,Wells Fargo Securities,Not Provided,3,market perform,-0.0,1212.0
1213,1213,-0.0,M,-2147483648,2014-01-06,S&P Capital IQ,Not Provided,5,buy,77.0,1213.0
1214,1214,-0.0,M,-2147483648,2014-10-01,RBC Capital Markets,12 month,3,sector perform,78.0,1214.0
1215,1215,-0.0,M,-2147483648,2014-09-29,Baird,12 month,5,outperform,85.0,1215.0
1216,1216,-0.0,M,-2147483648,2014-09-29,Evercore ISI,12 month,5,overweight,86.0,1216.0
1217,1217,-0.0,M,-2147483648,2014-09-24,Barclays,Not Provided,5,overweight,90.0,1217.0
1218,1218,-0.0,M,-2147483648,2014-09-23,Stifel,Not Provided,3,hold,-0.0,1218.0
1219,1219,-0.0,M,-2147483648,2014-09-10,Raymond James,Not Provided,3,market perform,-0.0,1219.0
1220,1220,-0.0,M,-2147483648,2014-08-27,"Morningstar, Inc",Not Provided,3,hold,-0.0,1220.0
1221,1221,-0.0,U,-2147483648,2014-08-06,EVA Dimensions,Not Provided,3,hold,-0.0,1221.0
1222,1222,-0.0,M,-2147483648,2014-07-25,Goldman Sachs,12 month,3,neutral/neutral,68.0,1222.0
1223,1223,-0.0,M,-2147483648,2014-07-24,Credit Suisse,Not Provided,5,outperform,85.0,1223.0
1224,1224,-0.0,M,-2147483648,2014-07-24,SunTrust Robinson Humphrey,12 month,5,buy,87.0,1224.0
1225,1225,-0.0,M,-2147483648,2014-07-24,J.P. Morgan,Not Provided,5,overweight,85.0,1225.0
1226,1226,-0.0,M,-2147483648,2014-07-24,Stephens Inc,12 month,5,overweight,80.0,1226.0
1227,1227,-0.0,M,-2147483648,2014-07-24,Wells Fargo Securities,Not Provided,3,market perform,-0.0,1227.0
1228,1228,-0.0,M,-2147483648,2014-01-06,S&P Capital IQ,Not Provided,5,buy,77.0,1228.0
1229,1229,-0.0,M,-2147483648,2014-10-31,RBC Capital Markets,12 month,3,sector perform,78.0,1229.0
1230,1230,-0.0,M,-2147483648,2014-10-28,Goldman Sachs,12 month,3,neutral/neutral,68.0,1230.0
1231,1231,-0.0,M,-2147483648,2014-10-27,Baird,Not Provided,5,outperform,83.0,1231.0
1232,1232,-0.0,M,-2147483648,2014-10-24,J.P. Morgan,Not Provided,5,overweight,85.0,1232.0
1233,1233,-0.0,M,-2147483648,2014-10-24,Stifel,Not Provided,3,hold,-0.0,1233.0
1234,1234,-0.0,M,-2147483648,2014-10-23,Credit Suisse,Not Provided,5,outperform,85.0,1234.0
1235,1235,-0.0,M,-2147483648,2014-10-23,SunTrust Robinson Humphrey,12 month,5,buy,87.0,1235.0
1236,1236,-0.0,M,-2147483648,2014-10-23,Stephens Inc,12 month,5,overweight,80.0,1236.0
1237,1237,-0.0,M,-2147483648,2014-10-23,Raymond James,Not Provided,3,market perform,-0.0,1237.0
1238,1238,-0.0,M,-2147483648,2014-10-23,Evercore ISI,12 month,5,buy,86.0,1238.0
1239,1239,-0.0,M,-2147483648,2014-10-23,Wells Fargo Securities,Not Provided,3,market perform,-0.0,1239.0
1240,1240,-0.0,M,-2147483648,2014-10-23,"Morningstar, Inc",Not Provided,3,hold,-0.0,1240.0
1241,1241,-0.0,M,-2147483648,2014-10-23,Barclays,Not Provided,5,overweight,88.0,1241.0
1242,1242,-0.0,U,-2147483648,2014-08-06,EVA Dimensions,Not Provided,3,hold,-0.0,1242.0
1243,1243,-0.0,M,-2147483648,2014-01-06,S&P Capital IQ,Not Provided,5,buy,77.0,1243.0
1244,1244,-0.0,M,-2147483648,2014-11-26,RBC Capital Markets,12 month,3,sector perform,78.0,1244.0
1245,1245,-0.0,M,-2147483648,2014-11-24,Baird,Not Provided,5,outperform,83.0,1245.0
1246,1246,-0.0,M,-2147483648,2014-11-14,"Morningstar, Inc",Not Provided,3,hold,-0.0,1246.0
1247,1247,-0.0,M,-2147483648,2014-11-12,Raymond James,Not Provided,3,market perform,-0.0,1247.0
1248,1248,-0.0,M,-2147483648,2014-10-28,Goldman Sachs,12 month,3,neutral/neutral,68.0,1248.0
1249,1249,-0.0,M,-2147483648,2014-10-24,J.P. Morgan,Not Provided,5,overweight,85.0,1249.0
1250,1250,-0.0,M,-2147483648,2014-10-24,Stifel,Not Provided,3,hold,-0.0,1250.0
1251,1251,-0.0,M,-2147483648,2014-10-23,Credit Suisse,Not Provided,5,outperform,85.0,1251.0
1252,1252,-0.0,M,-2147483648,2014-10-23,SunTrust Robinson Humphrey,12 month,5,buy,87.0,1252.0
1253,1253,-0.0,M,-2147483648,2014-10-23,Stephens Inc,12 month,5,overweight,80.0,1253.0
1254,1254,-0.0,M,-2147483648,2014-10-23,Evercore ISI,12 month,5,buy,86.0,1254.0
1255,1255,-0.0,M,-2147483648,2014-10-23,Wells Fargo Securities,Not Provided,3,market perform,-0.0,1255.0
1256,1256,-0.0,M,-2147483648,2014-10-23,Barclays,Not Provided,5,overweight,88.0,1256.0
1257,1257,-0.0,U,-2147483648,2014-08-06,EVA Dimensions,Not Provided,3,hold,-0.0,1257.0
1258,1258,-0.0,M,-2147483648,2014-01-06,S&P Capital IQ,Not Provided,5,buy,77.0,1258.0
1259,1259,-0.0,M,-2147483648,2014-12-23,Credit Suisse,Not Provided,5,outperform,85.0,1259.0
1260,1260,-0.0,M,-2147483648,2014-12-19,RBC Capital Markets,12 month,3,sector perform,85.0,1260.0
1261,1261,-0.0,M,-2147483648,2014-12-08,Baird,Not Provided,5,outperform,83.0,1261.0
1262,1262,-0.0,M,-2147483648,2014-12-05,Stifel,Not Provided,3,hold,-0.0,1262.0
1263,1263,-0.0,M,-2147483648,2014-11-14,"Morningstar, Inc",Not Provided,3,hold,-0.0,1263.0
1264,1264,-0.0,M,-2147483648,2014-11-12,Raymond James,Not Provided,3,market perform,-0.0,1264.0
1265,1265,-0.0,M,-2147483648,2014-10-28,Goldman Sachs,12 month,3,neutral/neutral,68.0,1265.0
1266,1266,-0.0,M,-2147483648,2014-10-24,J.P. Morgan,Not Provided,5,overweight,85.0,1266.0
1267,1267,-0.0,M,-2147483648,2014-10-23,SunTrust Robinson Humphrey,12 month,5,buy,87.0,1267.0
1268,1268,-0.0,M,-2147483648,2014-10-23,Stephens Inc,12 month,5,overweight,80.0,1268.0
1269,1269,-0.0,M,-2147483648,2014-10-23,Evercore ISI,12 month,5,buy,86.0,1269.0
1270,1270,-0.0,M,-2147483648,2014-10-23,Wells Fargo Securities,Not Provided,3,market perform,-0.0,1270.0
1271,1271,-0.0,M,-2147483648,2014-10-23,Barclays,Not Provided,5,overweight,88.0,1271.0
1272,1272,-0.0,U,-2147483648,2014-08-06,EVA Dimensions,Not Provided,3,hold,-0.0,1272.0
1273,1273,-0.0,M,-2147483648,2014-01-06,S&P Capital IQ,Not Provided,5,buy,77.0,1273.0
1274,1274,-0.0,M,-2147483648,2015-02-01,Goldman Sachs,12 month,3,neutral/neutral,77.0,1274.0
1275,1275,-0.0,M,-2147483648,2015-01-30,RBC Capital Markets,12 month,3,sector perform,85.0,1275.0
1276,1276,-0.0,M,-2147483648,2015-01-29,SunTrust Robinson Humphrey,Not Provided,5,buy,87.0,1276.0
1277,1277,-0.0,M,-2147483648,2015-01-21,Barclays,Not Provided,5,overweight,94.0,1277.0
1278,1278,-0.0,M,-2147483648,2015-01-07,Credit Suisse,Not Provided,5,outperform,90.0,1278.0
1279,1279,-0.0,M,-2147483648,2015-01-07,Evercore ISI,12 month,5,buy,86.0,1279.0
1280,1280,-0.0,M,-2147483648,2015-01-05,"Morningstar, Inc",Not Provided,3,hold,-0.0,1280.0
1281,1281,-0.0,M,-2147483648,2014-12-08,Baird,Not Provided,5,outperform,83.0,1281.0
1282,1282,-0.0,M,-2147483648,2014-12-05,Stifel,Not Provided,3,hold,-0.0,1282.0
1283,1283,-0.0,M,-2147483648,2014-11-12,Raymond James,Not Provided,3,market perform,-0.0,1283.0
1284,1284,-0.0,M,-2147483648,2014-10-24,J.P. Morgan,Not Provided,5,overweight,85.0,1284.0
1285,1285,-0.0,M,-2147483648,2014-10-23,Stephens Inc,12 month,5,overweight,80.0,1285.0
1286,1286,-0.0,M,-2147483648,2014-10-23,Wells Fargo Securities,Not Provided,3,market perform,-0.0,1286.0
1287,1287,-0.0,U,-2147483648,2014-08-06,EVA Dimensions,Not Provided,3,hold,-0.0,1287.0
1288,1288,-0.0,M,-2147483648,2014-01-06,S&P Capital IQ,Not Provided,5,buy,77.0,1288.0
1289,1289,-0.0,M,-2147483648,2015-02-27,RBC Capital Markets,12 month,3,sector perform,96.0,1289.0
1290,1290,-0.0,M,-2147483648,2015-02-27,Barclays,Not Provided,5,overweight,105.0,1290.0
1291,1291,-0.0,M,-2147483648,2015-02-20,Goldman Sachs,12 month,3,neutral/neutral,87.0,1291.0
1292,1292,-0.0,M,-2147483648,2015-02-13,J.P. Morgan,12 month,5,overweight,102.0,1292.0
1293,1293,-0.0,M,-2147483648,2015-02-13,Baird,12 month,5,outperform,101.0,1293.0
1294,1294,-0.0,M,-2147483648,2015-02-13,Stephens Inc,12 month,5,overweight,102.0,1294.0
1295,1295,-0.0,M,-2147483648,2015-02-13,Wells Fargo Securities,Not Provided,3,market perform,-0.0,1295.0
1296,1296,-0.0,D,-2147483648,2015-02-13,EVA Dimensions,Not Provided,1,underweight,-0.0,1296.0
1297,1297,-0.0,M,-2147483648,2015-02-12,Credit Suisse,Not Provided,5,outperform,100.0,1297.0
1298,1298,-0.0,M,-2147483648,2015-02-12,SunTrust Robinson Humphrey,12 month,5,buy,105.0,1298.0
1299,1299,-0.0,M,-2147483648,2015-02-12,Raymond James,Not Provided,3,market perform,-0.0,1299.0
1300,1300,-0.0,M,-2147483648,2015-02-12,Stifel,Not Provided,3,hold,-0.0,1300.0
1301,1301,-0.0,M,-2147483648,2015-02-12,Evercore ISI,12 month,5,buy,105.0,1301.0
1302,1302,-0.0,M,-2147483648,2015-02-12,"Morningstar, Inc",Not Provided,3,hold,-0.0,1302.0
1303,1303,-0.0,M,-2147483648,2014-01-06,S&P Capital IQ,Not Provided,5,buy,77.0,1303.0
1304,1304,-0.0,M,-2147483648,2015-04-01,RBC Capital Markets,12 month,3,sector perform,96.0,1304.0
1305,1305,-0.0,M,-2147483648,2015-03-24,Raymond James,Not Provided,3,market perform,-0.0,1305.0
1306,1306,-0.0,M,-2147483648,2015-03-12,Wells Fargo Securities,Not Provided,3,market perform,-0.0,1306.0
1307,1307,-0.0,M,-2147483648,2015-03-09,Stephens Inc,12 month,5,overweight,102.0,1307.0
1308,1308,-0.0,M,-2147483648,2015-03-04,Credit Suisse,Not Provided,5,outperform,100.0,1308.0
1309,1309,-0.0,M,-2147483648,2015-02-27,Barclays,Not Provided,5,overweight,105.0,1309.0
1310,1310,-0.0,M,-2147483648,2015-02-20,Goldman Sachs,12 month,3,neutral/neutral,87.0,1310.0
1311,1311,-0.0,M,-2147483648,2015-02-13,J.P. Morgan,12 month,5,overweight,102.0,1311.0
1312,1312,-0.0,M,-2147483648,2015-02-13,Baird,12 month,5,outperform,101.0,1312.0
1313,1313,-0.0,D,-2147483648,2015-02-13,EVA Dimensions,Not Provided,1,underweight,-0.0,1313.0
1314,1314,-0.0,M,-2147483648,2015-02-12,SunTrust Robinson Humphrey,12 month,5,buy,105.0,1314.0
1315,1315,-0.0,M,-2147483648,2015-02-12,Stifel,Not Provided,3,hold,-0.0,1315.0
1316,1316,-0.0,M,-2147483648,2015-02-12,Evercore ISI,12 month,5,buy,105.0,1316.0
1317,1317,-0.0,M,-2147483648,2015-02-12,"Morningstar, Inc",Not Provided,3,hold,-0.0,1317.0
1318,1318,-0.0,M,-2147483648,2015-05-01,RBC Capital Markets,12 month,3,sector perform,100.0,1318.0
1319,1319,-0.0,M,-2147483648,2015-04-27,Goldman Sachs,12 month,3,neutral/neutral,92.0,1319.0
1320,1320,-0.0,U,-2147483648,2015-04-27,EVA Dimensions,Not Provided,3,hold,-0.0,1320.0
1321,1321,-0.0,M,-2147483648,2015-04-24,SunTrust Robinson Humphrey,Not Provided,5,buy,115.0,1321.0
1322,1322,-0.0,M,-2147483648,2015-04-24,Baird,12 month,5,outperform,108.0,1322.0
1323,1323,-0.0,M,-2147483648,2015-04-24,Stephens Inc,12 month,5,overweight,105.0,1323.0
1324,1324,-0.0,M,-2147483648,2015-04-24,Stifel,Not Provided,3,hold,-0.0,1324.0
1325,1325,-0.0,M,-2147483648,2015-04-24,Barclays,Not Provided,5,overweight,110.0,1325.0
1326,1326,-0.0,M,-2147483648,2015-04-23,Credit Suisse,Not Provided,5,outperform,109.0,1326.0
1327,1327,-0.0,M,-2147483648,2015-04-23,J.P. Morgan,9 month,5,overweight,108.0,1327.0
1328,1328,-0.0,M,-2147483648,2015-04-23,Raymond James,Not Provided,3,market perform,-0.0,1328.0
1329,1329,-0.0,M,-2147483648,2015-04-23,Evercore ISI,Not Provided,5,buy,107.0,1329.0
1330,1330,-0.0,M,-2147483648,2015-04-23,Wells Fargo Securities,Not Provided,3,market perform,-0.0,1330.0
1331,1331,-0.0,M,-2147483648,2015-04-23,"Morningstar, Inc",Not Provided,3,hold,-0.0,1331.0
1332,1332,-0.0,M,-2147483648,2015-06-01,RBC Capital Markets,12 month,3,sector perform,100.0,1332.0
1333,1333,-0.0,M,-2147483648,2015-05-15,Raymond James,Not Provided,3,market perform,-0.0,1333.0
1334,1334,-0.0,M,-2147483648,2015-05-13,Goldman Sachs,12 month,3,neutral/neutral,95.0,1334.0
1335,1335,-0.0,M,-2147483648,2015-05-13,Baird,Not Provided,5,outperform,108.0,1335.0
1336,1336,-0.0,M,-2147483648,2015-05-12,Stephens Inc,12 month,5,overweight,105.0,1336.0
1337,1337,-0.0,U,-2147483648,2015-04-27,EVA Dimensions,Not Provided,3,hold,-0.0,1337.0
1338,1338,-0.0,M,-2147483648,2015-04-24,SunTrust Robinson Humphrey,Not Provided,5,buy,115.0,1338.0
1339,1339,-0.0,M,-2147483648,2015-04-24,Stifel,Not Provided,3,hold,-0.0,1339.0
1340,1340,-0.0,M,-2147483648,2015-04-24,Barclays,Not Provided,5,overweight,110.0,1340.0
1341,1341,-0.0,M,-2147483648,2015-04-23,Credit Suisse,Not Provided,5,outperform,109.0,1341.0
1342,1342,-0.0,M,-2147483648,2015-04-23,J.P. Morgan,9 month,5,overweight,108.0,1342.0
1343,1343,-0.0,M,-2147483648,2015-04-23,Evercore ISI,Not Provided,5,buy,107.0,1343.0
1344,1344,-0.0,M,-2147483648,2015-04-23,Wells Fargo Securities,Not Provided,3,market perform,-0.0,1344.0
1345,1345,-0.0,M,-2147483648,2015-04-23,"Morningstar, Inc",Not Provided,3,hold,-0.0,1345.0
1346,1346,-0.0,M,-2147483648,2015-06-30,RBC Capital Markets,12 month,3,sector perform,100.0,1346.0
1347,1347,-0.0,M,-2147483648,2015-06-30,Evercore ISI,12 month,5,buy,107.0,1347.0
1348,1348,-0.0,M,-2147483648,2015-06-26,Barclays,Not Provided,5,overweight,110.0,1348.0
1349,1349,-0.0,M,-2147483648,2015-06-05,Stifel,Not Provided,3,hold,-0.0,1349.0
1350,1350,-0.0,M,-2147483648,2015-05-15,Raymond James,Not Provided,3,market perform,-0.0,1350.0
1351,1351,-0.0,M,-2147483648,2015-05-13,Goldman Sachs,12 month,3,neutral/neutral,95.0,1351.0
1352,1352,-0.0,M,-2147483648,2015-05-13,Baird,Not Provided,5,outperform,108.0,1352.0
1353,1353,-0.0,M,-2147483648,2015-05-12,Stephens Inc,12 month,5,overweight,105.0,1353.0
1354,1354,-0.0,U,-2147483648,2015-04-27,EVA Dimensions,Not Provided,3,hold,-0.0,1354.0
1355,1355,-0.0,M,-2147483648,2015-04-24,SunTrust Robinson Humphrey,Not Provided,5,buy,115.0,1355.0
1356,1356,-0.0,M,-2147483648,2015-04-23,J.P. Morgan,9 month,5,overweight,108.0,1356.0
1357,1357,-0.0,M,-2147483648,2015-04-23,Wells Fargo Securities,Not Provided,3,market perform,-0.0,1357.0
1358,1358,-0.0,M,-2147483648,2015-04-23,"Morningstar, Inc",Not Provided,3,hold,-0.0,1358.0
1359,1359,-0.0,M,-2147483648,2015-07-27,Goldman Sachs,12 month,3,neutral/neutral,95.0,1359.0
1360,1360,-0.0,M,-2147483648,2015-07-27,Barclays,Not Provided,5,overweight,115.0,1360.0
1361,1361,-0.0,D,-2147483648,2015-07-24,Baird,12 month,3,neutral,108.0,1361.0
1362,1362,-0.0,M,-2147483648,2015-07-23,SunTrust Robinson Humphrey,12 month,5,buy,125.0,1362.0
1363,1363,-0.0,M,-2147483648,2015-07-23,J.P. Morgan,6 month,5,overweight,108.0,1363.0
1364,1364,-0.0,M,-2147483648,2015-07-23,Stephens Inc,12 month,5,overweight,107.0,1364.0
1365,1365,-0.0,M,-2147483648,2015-07-23,Raymond James,Not Provided,3,market perform,-0.0,1365.0
1366,1366,-0.0,M,-2147483648,2015-07-23,Stifel,Not Provided,3,hold,-0.0,1366.0
1367,1367,-0.0,M,-2147483648,2015-07-23,Wells Fargo Securities,Not Provided,3,market perform,-0.0,1367.0
1368,1368,-0.0,M,-2147483648,2015-07-23,"Morningstar, Inc",Not Provided,3,hold,-0.0,1368.0
1369,1369,-0.0,M,-2147483648,2015-07-22,Evercore ISI,12 month,5,buy,119.0,1369.0
1370,1370,-0.0,U,-2147483648,2015-04-27,EVA Dimensions,Not Provided,3,hold,-0.0,1370.0
1371,1371,-0.0,M,-2147483648,2015-08-28,SunTrust Robinson Humphrey,12 month,5,buy,125.0,1371.0
1372,1372,-0.0,M,-2147483648,2015-08-25,RBC Capital Markets,12 month,5,outperform,117.0,1372.0
1373,1373,-0.0,M,-2147483648,2015-07-27,Goldman Sachs,12 month,3,neutral/neutral,95.0,1373.0
1374,1374,-0.0,M,-2147483648,2015-07-27,Barclays,Not Provided,5,overweight,115.0,1374.0
1375,1375,-0.0,D,-2147483648,2015-07-24,Baird,12 month,3,neutral,108.0,1375.0
1376,1376,-0.0,M,-2147483648,2015-07-23,J.P. Morgan,6 month,5,overweight,108.0,1376.0
1377,1377,-0.0,M,-2147483648,2015-07-23,Stephens Inc,12 month,5,overweight,107.0,1377.0
1378,1378,-0.0,M,-2147483648,2015-07-23,Raymond James,Not Provided,3,market perform,-0.0,1378.0
1379,1379,-0.0,M,-2147483648,2015-07-23,Stifel,Not Provided,3,hold,-0.0,1379.0
1380,1380,-0.0,M,-2147483648,2015-07-23,Wells Fargo Securities,Not Provided,3,market perform,-0.0,1380.0
1381,1381,-0.0,M,-2147483648,2015-07-23,"Morningstar, Inc",Not Provided,3,hold,-0.0,1381.0
1382,1382,-0.0,M,-2147483648,2015-07-22,Evercore ISI,12 month,5,buy,119.0,1382.0
1383,1383,-0.0,U,-2147483648,2015-04-27,EVA Dimensions,Not Provided,3,hold,-0.0,1383.0
1384,1384,-0.0,M,-2147483648,2015-09-29,Evercore ISI,12 month,5,buy,119.0,1384.0
1385,1385,-0.0,M,-2147483648,2015-09-27,Barclays,Not Provided,5,overweight,115.0,1385.0
1386,1386,-0.0,M,-2147483648,2015-09-21,Baird,12 month,3,neutral,108.0,1386.0
1387,1387,-0.0,M,-2147483648,2015-09-18,RBC Capital Markets,12 month,5,outperform,117.0,1387.0
1388,1388,-0.0,M,-2147483648,2015-09-18,SunTrust Robinson Humphrey,12 month,5,buy,125.0,1388.0
1389,1389,-0.0,M,-2147483648,2015-09-18,Stephens Inc,12 month,5,overweight,107.0,1389.0
1390,1390,-0.0,M,-2147483648,2015-09-18,Stifel,Not Provided,3,hold,-0.0,1390.0
1391,1391,-0.0,M,-2147483648,2015-09-18,Wells Fargo Securities,Not Provided,3,market perform,-0.0,1391.0
1392,1392,-0.0,M,-2147483648,2015-09-18,"Morningstar, Inc",Not Provided,3,hold,-0.0,1392.0
1393,1393,-0.0,M,-2147483648,2015-07-27,Goldman Sachs,12 month,3,neutral/neutral,95.0,1393.0
1394,1394,-0.0,M,-2147483648,2015-07-23,J.P. Morgan,6 month,5,overweight,108.0,1394.0
1395,1395,-0.0,M,-2147483648,2015-07-23,Raymond James,Not Provided,3,market perform,-0.0,1395.0
1396,1396,-0.0,U,-2147483648,2015-04-27,EVA Dimensions,Not Provided,3,hold,-0.0,1396.0
1397,1397,-0.0,M,-2147483648,2015-10-28,Barclays,Not Provided,5,overweight,115.0,1397.0
1398,1398,-0.0,M,-2147483648,2015-10-23,RBC Capital Markets,12 month,5,outperform,117.0,1398.0
1399,1399,-0.0,M,-2147483648,2015-10-23,Baird,12 month,3,neutral,108.0,1399.0
1400,1400,-0.0,M,-2147483648,2015-10-23,Stephens Inc,12 month,5,overweight,111.0,1400.0
1401,1401,-0.0,M,-2147483648,2015-10-22,SunTrust Robinson Humphrey,12 month,5,buy,125.0,1401.0
1402,1402,-0.0,M,-2147483648,2015-10-22,J.P. Morgan,12 month,5,overweight,120.0,1402.0
1403,1403,-0.0,U,-2147483648,2015-10-22,Stifel,12 month,5,buy,120.0,1403.0
1404,1404,-0.0,M,-2147483648,2015-10-22,Wells Fargo Securities,Not Provided,3,market perform,-0.0,1404.0
1405,1405,-0.0,M,-2147483648,2015-10-22,"Morningstar, Inc",Not Provided,3,hold,-0.0,1405.0
1406,1406,-0.0,M,-2147483648,2015-10-21,Evercore ISI,12 month,5,buy,119.0,1406.0
1407,1407,-0.0,M,-2147483648,2015-07-27,Goldman Sachs,12 month,3,neutral/neutral,95.0,1407.0
1408,1408,-0.0,U,-2147483648,2015-04-27,EVA Dimensions,Not Provided,3,hold,-0.0,1408.0
1409,1409,-0.0,M,-2147483648,2015-11-23,SunTrust Robinson Humphrey,12 month,5,buy,125.0,1409.0
1410,1410,-0.0,M,-2147483648,2015-11-23,Baird,12 month,3,neutral,111.0,1410.0
1411,1411,-0.0,M,-2147483648,2015-11-23,Stephens Inc,12 month,5,overweight,111.0,1411.0
1412,1412,-0.0,M,-2147483648,2015-11-23,Wells Fargo Securities,Not Provided,3,market perform,-0.0,1412.0
1413,1413,-0.0,M,-2147483648,2015-11-23,Barclays,Not Provided,5,overweight,125.0,1413.0
1414,1414,-0.0,M,-2147483648,2015-11-02,Goldman Sachs,12 month,3,neutral/neutral,103.0,1414.0
1415,1415,-0.0,M,-2147483648,2015-10-23,RBC Capital Markets,12 month,5,outperform,117.0,1415.0
1416,1416,-0.0,M,-2147483648,2015-10-22,J.P. Morgan,12 month,5,overweight,120.0,1416.0
1417,1417,-0.0,U,-2147483648,2015-10-22,Stifel,12 month,5,buy,120.0,1417.0
1418,1418,-0.0,M,-2147483648,2015-10-22,"Morningstar, Inc",Not Provided,3,hold,-0.0,1418.0
1419,1419,-0.0,M,-2147483648,2015-10-21,Evercore ISI,12 month,5,buy,119.0,1419.0
1420,1420,-0.0,U,-2147483648,2015-04-27,EVA Dimensions,Not Provided,3,hold,-0.0,1420.0
1421,1421,-0.0,M,-2147483648,2015-12-29,Barclays,Not Provided,5,overweight,125.0,1421.0
1422,1422,-0.0,M,-2147483648,2015-12-22,RBC Capital Markets,12 month,5,outperform,126.0,1422.0
1423,1423,-0.0,M,-2147483648,2015-11-23,SunTrust Robinson Humphrey,12 month,5,buy,125.0,1423.0
1424,1424,-0.0,M,-2147483648,2015-11-23,Baird,12 month,3,neutral,111.0,1424.0
1425,1425,-0.0,M,-2147483648,2015-11-23,Stephens Inc,12 month,5,overweight,111.0,1425.0
1426,1426,-0.0,M,-2147483648,2015-11-23,Wells Fargo Securities,Not Provided,3,market perform,-0.0,1426.0
1427,1427,-0.0,M,-2147483648,2015-11-02,Goldman Sachs,12 month,3,neutral/neutral,103.0,1427.0
1428,1428,-0.0,M,-2147483648,2015-10-22,J.P. Morgan,12 month,5,overweight,120.0,1428.0
1429,1429,-0.0,U,-2147483648,2015-10-22,Stifel,12 month,5,buy,120.0,1429.0
1430,1430,-0.0,M,-2147483648,2015-10-22,"Morningstar, Inc",Not Provided,3,hold,-0.0,1430.0
1431,1431,-0.0,M,-2147483648,2015-10-21,Evercore ISI,12 month,5,buy,119.0,1431.0
1432,1432,-0.0,U,-2147483648,2015-04-27,EVA Dimensions,Not Provided,3,hold,-0.0,1432.0
1433,1433,-0.0,M,-2147483648,2016-01-29,Barclays,Not Provided,5,overweight,125.0,1433.0
1434,1434,-0.0,M,-2147483648,2016-01-25,"Morningstar, Inc",Not Provided,3,hold,-0.0,1434.0
1435,1435,-0.0,M,-2147483648,2016-01-11,SunTrust Robinson Humphrey,Not Provided,5,buy,125.0,1435.0
1436,1436,-0.0,M,-2147483648,2016-01-04,Evercore ISI,12 month,5,buy,119.0,1436.0
1437,1437,-0.0,M,-2147483648,2015-12-22,RBC Capital Markets,12 month,5,outperform,126.0,1437.0
1438,1438,-0.0,M,-2147483648,2015-11-23,Baird,12 month,3,neutral,111.0,1438.0
1439,1439,-0.0,M,-2147483648,2015-11-23,Stephens Inc,12 month,5,overweight,111.0,1439.0
1440,1440,-0.0,M,-2147483648,2015-11-23,Wells Fargo Securities,Not Provided,3,market perform,-0.0,1440.0
1441,1441,-0.0,M,-2147483648,2015-11-02,Goldman Sachs,12 month,3,neutral/neutral,103.0,1441.0
1442,1442,-0.0,M,-2147483648,2015-10-22,J.P. Morgan,12 month,5,overweight,120.0,1442.0
1443,1443,-0.0,U,-2147483648,2015-10-22,Stifel,12 month,5,buy,120.0,1443.0
1444,1444,-0.0,U,-2147483648,2015-04-27,EVA Dimensions,Not Provided,3,hold,-0.0,1444.0
1445,1445,-0.0,M,-2147483648,2016-03-01,Goldman Sachs,12 month,3,neutral/attractive,102.0,1445.0
1446,1446,-0.0,N,-2147483648,2016-02-23,Morgan Stanley,12 month,5,Overwt/In-Line,118.0,1446.0
1447,1447,-0.0,M,-2147483648,2016-02-19,Barclays,Not Provided,5,overweight,115.0,1447.0
1448,1448,-0.0,M,-2147483648,2016-02-17,Stephens Inc,12 month,5,overweight,111.0,1448.0
1449,1449,-0.0,M,-2147483648,2016-02-16,Wells Fargo Securities,Not Provided,3,market perform,-0.0,1449.0
1450,1450,-0.0,M,-2147483648,2016-02-15,RBC Capital Markets,12 month,5,outperform,125.0,1450.0
1451,1451,-0.0,M,-2147483648,2016-02-12,Baird,12 month,3,neutral,100.0,1451.0
1452,1452,-0.0,M,-2147483648,2016-02-12,"Morningstar, Inc",Not Provided,3,hold,-0.0,1452.0
1453,1453,-0.0,M,-2147483648,2016-02-11,SunTrust Robinson Humphrey,12 month,5,buy,125.0,1453.0
1454,1454,-0.0,M,-2147483648,2016-02-11,J.P. Morgan,12 month,5,overweight,120.0,1454.0
1455,1455,-0.0,M,-2147483648,2016-02-11,Stifel,12 month,5,buy,120.0,1455.0
1456,1456,-0.0,M,-2147483648,2016-02-11,Evercore ISI,12 month,5,buy,123.0,1456.0
1457,1457,-0.0,U,-2147483648,2015-04-27,EVA Dimensions,Not Provided,3,hold,-0.0,1457.0
1458,1458,-0.0,M,-2147483648,2016-04-01,Baird,12 month,3,neutral,120.0,1458.0
1459,1459,-0.0,N,-2147483648,2016-03-30,Cowen,12 month,5,outperform,126.0,1459.0
1460,1460,-0.0,M,-2147483648,2016-03-18,Barclays,Not Provided,5,overweight,125.0,1460.0
1461,1461,-0.0,M,-2147483648,2016-03-13,Evercore ISI,12 month,5,buy,123.0,1461.0
1462,1462,-0.0,M,-2147483648,2016-03-08,Stifel,12 month,5,buy,120.0,1462.0
1463,1463,-0.0,M,-2147483648,2016-03-02,Stephens Inc,12 month,5,overweight,111.0,1463.0
1464,1464,-0.0,M,-2147483648,2016-03-01,Goldman Sachs,12 month,3,neutral/attractive,102.0,1464.0
1465,1465,-0.0,N,-2147483648,2016-02-23,Morgan Stanley,12 month,5,Overwt/In-Line,118.0,1465.0
1466,1466,-0.0,M,-2147483648,2016-02-16,Wells Fargo Securities,Not Provided,3,market perform,-0.0,1466.0
1467,1467,-0.0,M,-2147483648,2016-02-15,RBC Capital Markets,12 month,5,outperform,125.0,1467.0
1468,1468,-0.0,M,-2147483648,2016-02-12,"Morningstar, Inc",Not Provided,3,hold,-0.0,1468.0
1469,1469,-0.0,M,-2147483648,2016-02-11,SunTrust Robinson Humphrey,12 month,5,buy,125.0,1469.0
1470,1470,-0.0,M,-2147483648,2016-02-11,J.P. Morgan,12 month,5,overweight,120.0,1470.0
1471,1471,-0.0,U,-2147483648,2015-04-27,EVA Dimensions,Not Provided,3,hold,-0.0,1471.0
1472,1472,-0.0,M,-2147483648,2016-04-29,Morgan Stanley,12 month,5,Overwt/In-Line,128.0,1472.0
1473,1473,-0.0,M,-2147483648,2016-04-29,Baird,12 month,3,neutral,130.0,1473.0
1474,1474,-0.0,M,-2147483648,2016-04-29,Stephens Inc,12 month,5,overweight,125.0,1474.0
1475,1475,-0.0,M,-2147483648,2016-04-29,Wells Fargo Securities,Not Provided,3,market perform,-0.0,1475.0
1476,1476,-0.0,M,-2147483648,2016-04-28,SunTrust Robinson Humphrey,12 month,5,buy,145.0,1476.0
1477,1477,-0.0,M,-2147483648,2016-04-28,J.P. Morgan,9 month,5,overweight,133.0,1477.0
1478,1478,-0.0,M,-2147483648,2016-04-28,William Blair & Co,Not Provided,5,outperform,-0.0,1478.0
1479,1479,-0.0,M,-2147483648,2016-04-28,Stifel,12 month,5,buy,131.0,1479.0
1480,1480,-0.0,M,-2147483648,2016-04-28,Evercore ISI,12 month,5,buy,129.0,1480.0
1481,1481,-0.0,M,-2147483648,2016-04-28,Cowen,12 month,5,outperform,132.0,1481.0
1482,1482,-0.0,M,-2147483648,2016-04-28,"Morningstar, Inc",Not Provided,1,sell,-0.0,1482.0
1483,1483,-0.0,M,-2147483648,2016-04-28,Barclays,Not Provided,5,overweight,135.0,1483.0
1484,1484,-0.0,D,-2147483648,2016-04-28,EVA Dimensions,Not Provided,1,underweight,-0.0,1484.0
1485,1485,-0.0,M,-2147483648,2016-04-27,RBC Capital Markets,12 month,5,outperform,126.0,1485.0
1486,1486,-0.0,M,-2147483648,2016-03-01,Goldman Sachs,12 month,3,neutral/attractive,102.0,1486.0
1487,1487,-0.0,M,-2147483648,2016-05-27,Barclays,Not Provided,5,overweight,135.0,1487.0
1488,1488,-0.0,M,-2147483648,2016-05-23,William Blair & Co,Not Provided,5,outperform,-0.0,1488.0
1489,1489,-0.0,M,-2147483648,2016-05-13,Wells Fargo Securities,Not Provided,3,market perform,-0.0,1489.0
1490,1490,-0.0,M,-2147483648,2016-05-10,"Morningstar, Inc",Not Provided,1,sell,-0.0,1490.0
1491,1491,-0.0,N,-2147483648,2016-05-09,Jefferies,12 month,3,hold,128.0,1491.0
1492,1492,-0.0,M,-2147483648,2016-05-03,Goldman Sachs,12 month,3,neutral/attractive,111.0,1492.0
1493,1493,-0.0,M,-2147483648,2016-05-02,RBC Capital Markets,12 month,5,outperform,133.0,1493.0
1494,1494,-0.0,M,-2147483648,2016-04-29,Morgan Stanley,12 month,5,Overwt/In-Line,128.0,1494.0
1495,1495,-0.0,M,-2147483648,2016-04-29,Baird,12 month,3,neutral,130.0,1495.0
1496,1496,-0.0,M,-2147483648,2016-04-29,Stephens Inc,12 month,5,overweight,125.0,1496.0
1497,1497,-0.0,M,-2147483648,2016-04-28,SunTrust Robinson Humphrey,12 month,5,buy,145.0,1497.0
1498,1498,-0.0,M,-2147483648,2016-04-28,J.P. Morgan,9 month,5,overweight,133.0,1498.0
1499,1499,-0.0,M,-2147483648,2016-04-28,Stifel,12 month,5,buy,131.0,1499.0
1500,1500,-0.0,M,-2147483648,2016-04-28,Evercore ISI,12 month,5,buy,129.0,1500.0
1501,1501,-0.0,M,-2147483648,2016-04-28,Cowen,12 month,5,outperform,132.0,1501.0
1502,1502,-0.0,D,-2147483648,2016-04-28,EVA Dimensions,Not Provided,1,underweight,-0.0,1502.0
1503,1503,-0.0,M,-2147483648,2016-07-01,Barclays,Not Provided,5,overweight,135.0,1503.0
1504,1504,-0.0,M,-2147483648,2016-06-30,RBC Capital Markets,12 month,5,outperform,136.0,1504.0
1505,1505,-0.0,M,-2147483648,2016-06-29,Goldman Sachs,12 month,3,neutral/attractive,110.0,1505.0
1506,1506,-0.0,M,-2147483648,2016-06-29,"Morningstar, Inc",Not Provided,1,sell,-0.0,1506.0
1507,1507,-0.0,M,-2147483648,2016-06-24,William Blair & Co,Not Provided,5,outperform,-0.0,1507.0
1508,1508,-0.0,M,-2147483648,2016-06-21,Baird,Not Provided,3,neutral,132.0,1508.0
1509,1509,-0.0,M,-2147483648,2016-06-10,Cowen,Not Provided,5,outperform,132.0,1509.0
1510,1510,-0.0,M,-2147483648,2016-06-09,Stephens Inc,12 month,5,overweight,125.0,1510.0
1511,1511,-0.0,M,-2147483648,2016-06-06,SunTrust Robinson Humphrey,12 month,5,buy,155.0,1511.0
1512,1512,-0.0,M,-2147483648,2016-05-13,Wells Fargo Securities,Not Provided,3,market perform,-0.0,1512.0
1513,1513,-0.0,N,-2147483648,2016-05-09,Jefferies,12 month,3,hold,128.0,1513.0
1514,1514,-0.0,M,-2147483648,2016-04-29,Morgan Stanley,12 month,5,Overwt/In-Line,128.0,1514.0
1515,1515,-0.0,M,-2147483648,2016-04-28,J.P. Morgan,9 month,5,overweight,133.0,1515.0
1516,1516,-0.0,M,-2147483648,2016-04-28,Stifel,12 month,5,buy,131.0,1516.0
1517,1517,-0.0,M,-2147483648,2016-04-28,Evercore ISI,12 month,5,buy,129.0,1517.0
1518,1518,-0.0,D,-2147483648,2016-04-28,EVA Dimensions,Not Provided,1,underweight,-0.0,1518.0
1519,1519,-0.0,M,-2147483648,2016-08-01,RBC Capital Markets,12 month,5,outperform,142.0,1519.0
1520,1520,-0.0,M,-2147483648,2016-08-01,Stephens Inc,12 month,5,overweight,140.0,1520.0
1521,1521,-0.0,M,-2147483648,2016-07-29,Morgan Stanley,12 month,5,Overwt/In-Line,145.0,1521.0
1522,1522,-0.0,M,-2147483648,2016-07-29,Baird,12 month,3,neutral,146.0,1522.0
1523,1523,-0.0,M,-2147483648,2016-07-29,Wells Fargo Securities,Not Provided,3,market perform,-0.0,1523.0
1524,1524,-0.0,M,-2147483648,2016-07-28,SunTrust Robinson Humphrey,12 month,5,buy,155.0,1524.0
1525,1525,-0.0,M,-2147483648,2016-07-28,J.P. Morgan,18 month,5,overweight,155.0,1525.0
1526,1526,-0.0,M,-2147483648,2016-07-28,William Blair & Co,Not Provided,5,outperform,-0.0,1526.0
1527,1527,-0.0,M,-2147483648,2016-07-28,Stifel,12 month,5,buy,143.0,1527.0
1528,1528,-0.0,M,-2147483648,2016-07-28,Evercore ISI,12 month,5,buy,154.0,1528.0
1529,1529,-0.0,M,-2147483648,2016-07-28,Cowen,12 month,5,outperform,146.0,1529.0
1530,1530,-0.0,M,-2147483648,2016-07-28,"Morningstar, Inc",Not Provided,1,sell,-0.0,1530.0
1531,1531,-0.0,M,-2147483648,2016-07-28,Barclays,Not Provided,5,overweight,140.0,1531.0
1532,1532,-0.0,M,-2147483648,2016-07-27,Jefferies,12 month,3,hold,128.0,1532.0
1533,1533,-0.0,M,-2147483648,2016-06-29,Goldman Sachs,12 month,3,neutral/attractive,110.0,1533.0
1534,1534,-0.0,D,-2147483648,2016-04-28,EVA Dimensions,Not Provided,1,underweight,-0.0,1534.0
1535,1535,-0.0,M,-2147483648,2016-09-01,William Blair & Co,Not Provided,5,outperform,-0.0,1535.0
1536,1536,-0.0,M,-2147483648,2016-08-12,Barclays,Not Provided,5,overweight,140.0,1536.0
1537,1537,-0.0,M,-2147483648,2016-08-10,Cowen,Not Provided,5,outperform,146.0,1537.0
1538,1538,-0.0,M,-2147483648,2016-08-05,Stephens Inc,12 month,5,overweight,140.0,1538.0
1539,1539,-0.0,M,-2147483648,2016-08-04,Goldman Sachs,12 month,3,neutral/attractive,115.0,1539.0
1540,1540,-0.0,M,-2147483648,2016-08-03,Jefferies,12 month,3,hold,131.0,1540.0
1541,1541,-0.0,M,-2147483648,2016-08-01,RBC Capital Markets,12 month,5,outperform,142.0,1541.0
1542,1542,-0.0,M,-2147483648,2016-07-29,Morgan Stanley,12 month,5,Overwt/In-Line,145.0,1542.0
1543,1543,-0.0,M,-2147483648,2016-07-29,Baird,12 month,3,neutral,146.0,1543.0
1544,1544,-0.0,M,-2147483648,2016-07-29,Wells Fargo Securities,Not Provided,3,market perform,-0.0,1544.0
1545,1545,-0.0,M,-2147483648,2016-07-28,SunTrust Robinson Humphrey,12 month,5,buy,155.0,1545.0
1546,1546,-0.0,M,-2147483648,2016-07-28,J.P. Morgan,18 month,5,overweight,155.0,1546.0
1547,1547,-0.0,M,-2147483648,2016-07-28,Stifel,12 month,5,buy,143.0,1547.0
1548,1548,-0.0,M,-2147483648,2016-07-28,Evercore ISI,12 month,5,buy,154.0,1548.0
1549,1549,-0.0,M,-2147483648,2016-07-28,"Morningstar, Inc",Not Provided,1,sell,-0.0,1549.0
1550,1550,-0.0,D,-2147483648,2016-04-28,EVA Dimensions,Not Provided,1,underweight,-0.0,1550.0
1551,1551,-0.0,M,-2147483648,2016-09-29,"Morningstar, Inc",Not Provided,1,sell,-0.0,1551.0
1552,1552,-0.0,M,-2147483648,2016-09-28,Stifel,Not Provided,5,buy,143.0,1552.0
1553,1553,-0.0,M,-2147483648,2016-09-23,Jefferies,Not Provided,3,hold,131.0,1553.0
1554,1554,-0.0,M,-2147483648,2016-09-22,Cowen,Not Provided,5,outperform,146.0,1554.0
1555,1555,-0.0,M,-2147483648,2016-09-21,Barclays,Not Provided,5,overweight,150.0,1555.0
1556,1556,-0.0,M,-2147483648,2016-09-16,Morgan Stanley,12 month,5,Overwt/In-Line,145.0,1556.0
1557,1557,-0.0,M,-2147483648,2016-09-09,J.P. Morgan,Not Provided,5,overweight,155.0,1557.0
1558,1558,-0.0,M,-2147483648,2016-09-01,William Blair & Co,Not Provided,5,outperform,-0.0,1558.0
1559,1559,-0.0,M,-2147483648,2016-08-05,Stephens Inc,12 month,5,overweight,140.0,1559.0
1560,1560,-0.0,M,-2147483648,2016-08-04,Goldman Sachs,12 month,3,neutral/attractive,115.0,1560.0
1561,1561,-0.0,M,-2147483648,2016-08-01,RBC Capital Markets,12 month,5,outperform,142.0,1561.0
1562,1562,-0.0,M,-2147483648,2016-07-29,Baird,12 month,3,neutral,146.0,1562.0
1563,1563,-0.0,M,-2147483648,2016-07-29,Wells Fargo Securities,Not Provided,3,market perform,-0.0,1563.0
1564,1564,-0.0,M,-2147483648,2016-07-28,SunTrust Robinson Humphrey,12 month,5,buy,155.0,1564.0
1565,1565,-0.0,M,-2147483648,2016-07-28,Evercore ISI,12 month,5,buy,154.0,1565.0
1566,1566,-0.0,D,-2147483648,2016-04-28,EVA Dimensions,Not Provided,1,underweight,-0.0,1566.0
1567,1567,-0.0,M,-2147483648,2016-10-31,Morgan Stanley,12 month,5,Overwt/In-Line,150.0,1567.0
1568,1568,-0.0,M,-2147483648,2016-10-31,Goldman Sachs,12 month,3,neutral/attractive,116.0,1568.0
1569,1569,-0.0,M,-2147483648,2016-10-31,Jefferies,12 month,3,hold,131.0,1569.0
1570,1570,-0.0,M,-2147483648,2016-10-28,RBC Capital Markets,12 month,5,outperform,146.0,1570.0
1571,1571,-0.0,M,-2147483648,2016-10-28,Baird,12 month,3,neutral,135.0,1571.0
1572,1572,-0.0,M,-2147483648,2016-10-27,SunTrust Robinson Humphrey,12 month,5,buy,155.0,1572.0
1573,1573,-0.0,M,-2147483648,2016-10-27,J.P. Morgan,18 month,5,overweight,155.0,1573.0
1574,1574,-0.0,M,-2147483648,2016-10-27,William Blair & Co,Not Provided,5,outperform,-0.0,1574.0
1575,1575,-0.0,M,-2147483648,2016-10-27,Stifel,12 month,5,buy,143.0,1575.0
1576,1576,-0.0,M,-2147483648,2016-10-27,Wells Fargo Securities,Not Provided,3,market perform,-0.0,1576.0
1577,1577,-0.0,M,-2147483648,2016-10-27,Cowen,12 month,5,outperform,146.0,1577.0
1578,1578,-0.0,M,-2147483648,2016-10-27,"Morningstar, Inc",Not Provided,3,hold,-0.0,1578.0
1579,1579,-0.0,M,-2147483648,2016-10-27,Barclays,Not Provided,5,overweight,150.0,1579.0
1580,1580,-0.0,M,-2147483648,2016-10-26,Stephens Inc,12 month,5,overweight,140.0,1580.0
1581,1581,-0.0,M,-2147483648,2016-10-26,Evercore ISI,12 month,5,buy,156.0,1581.0
1582,1582,-0.0,D,-2147483648,2016-04-28,EVA Dimensions,Not Provided,1,underweight,-0.0,1582.0
1583,1583,-0.0,M,-2147483648,2016-12-01,Wells Fargo Securities,Not Provided,3,market perform,-0.0,1583.0
1584,1584,-0.0,M,-2147483648,2016-11-30,William Blair & Co,Not Provided,5,outperform,-0.0,1584.0
1585,1585,-0.0,M,-2147483648,2016-11-17,Stephens Inc,12 month,5,overweight,133.0,1585.0
1586,1586,-0.0,M,-2147483648,2016-11-14,SunTrust Robinson Humphrey,12 month,5,buy,140.0,1586.0
1587,1587,-0.0,M,-2147483648,2016-11-14,Barclays,Not Provided,5,overweight,150.0,1587.0
1588,1588,-0.0,M,-2147483648,2016-11-13,RBC Capital Markets,12 month,5,outperform,146.0,1588.0
1589,1589,-0.0,M,-2147483648,2016-11-10,Morgan Stanley,12 month,5,Overwt/In-Line,145.0,1589.0
1590,1590,-0.0,M,-2147483648,2016-11-10,Stifel,12 month,5,buy,131.0,1590.0
1591,1591,-0.0,M,-2147483648,2016-11-10,Cowen,12 month,5,outperform,146.0,1591.0
1592,1592,-0.0,M,-2147483648,2016-10-31,Goldman Sachs,12 month,3,neutral/attractive,116.0,1592.0
1593,1593,-0.0,M,-2147483648,2016-10-31,Jefferies,12 month,3,hold,131.0,1593.0
1594,1594,-0.0,M,-2147483648,2016-10-28,Baird,12 month,3,neutral,135.0,1594.0
1595,1595,-0.0,M,-2147483648,2016-10-27,J.P. Morgan,18 month,5,overweight,155.0,1595.0
1596,1596,-0.0,M,-2147483648,2016-10-27,"Morningstar, Inc",Not Provided,3,hold,-0.0,1596.0
1597,1597,-0.0,M,-2147483648,2016-10-26,Evercore ISI,12 month,5,buy,156.0,1597.0
1598,1598,-0.0,D,-2147483648,2016-04-28,EVA Dimensions,Not Provided,1,underweight,-0.0,1598.0
1599,1599,-0.0,M,-2147483648,2016-12-19,Morgan Stanley,12 month,5,Overwt/In-Line,145.0,1599.0
1600,1600,-0.0,M,-2147483648,2016-12-17,EVA Dimensions,Not Provided,1,sell,-0.0,1600.0
1601,1601,-0.0,M,-2147483648,2016-12-16,Wells Fargo Securities,Not Provided,3,market perform,-0.0,1601.0
1602,1602,-0.0,M,-2147483648,2016-12-15,Stifel,12 month,5,buy,131.0,1602.0
1603,1603,-0.0,M,-2147483648,2016-12-15,Evercore ISI,12 month,5,buy,156.0,1603.0
1604,1604,-0.0,M,-2147483648,2016-12-08,Stephens Inc,12 month,5,overweight,133.0,1604.0
1605,1605,-0.0,U,-2147483648,2016-12-05,Baird,12 month,5,outperform,130.0,1605.0
1606,1606,-0.0,M,-2147483648,2016-11-30,William Blair & Co,Not Provided,5,outperform,-0.0,1606.0
1607,1607,-0.0,M,-2147483648,2016-11-14,SunTrust Robinson Humphrey,12 month,5,buy,140.0,1607.0
1608,1608,-0.0,M,-2147483648,2016-11-14,Barclays,Not Provided,5,overweight,150.0,1608.0
1609,1609,-0.0,M,-2147483648,2016-11-13,RBC Capital Markets,12 month,5,outperform,146.0,1609.0
1610,1610,-0.0,M,-2147483648,2016-11-10,Cowen,12 month,5,outperform,146.0,1610.0
1611,1611,-0.0,M,-2147483648,2016-10-31,Goldman Sachs,12 month,3,neutral/attractive,116.0,1611.0
1612,1612,-0.0,M,-2147483648,2016-10-31,Jefferies,12 month,3,hold,131.0,1612.0
1613,1613,-0.0,M,-2147483648,2016-10-27,J.P. Morgan,18 month,5,overweight,155.0,1613.0
1614,1614,-0.0,M,-2147483648,2016-10-27,"Morningstar, Inc",Not Provided,3,hold,-0.0,1614.0
1615,1615,-0.0,M,-2147483648,2017-02-01,Stifel,12 month,5,buy,131.0,1615.0
1616,1616,-0.0,M,-2147483648,2017-01-23,Stephens Inc,12 month,5,overweight,133.0,1616.0
1617,1617,-0.0,M,-2147483648,2017-01-23,William Blair & Co,Not Provided,5,outperform,-0.0,1617.0
1618,1618,-0.0,M,-2147483648,2017-01-20,RBC Capital Markets,12 month,5,outperform,142.0,1618.0
1619,1619,-0.0,D,-2147483648,2017-01-19,Goldman Sachs,12 month,1,sell/attractive,100.0,1619.0
1620,1620,-0.0,D,-2147483648,2017-01-18,Morgan Stanley,12 month,3,Equalwt/In-Line,137.0,1620.0
1621,1621,-0.0,M,-2147483648,2017-01-11,Cowen,Not Provided,5,outperform,146.0,1621.0
1622,1622,-0.0,M,-2147483648,2017-01-10,Barclays,Not Provided,5,overweight,140.0,1622.0
1623,1623,-0.0,M,-2147483648,2017-01-09,Evercore ISI,12 month,5,buy,156.0,1623.0
1624,1624,-0.0,M,-2147483648,2016-12-17,EVA Dimensions,Not Provided,1,sell,-0.0,1624.0
1625,1625,-0.0,M,-2147483648,2016-12-16,Wells Fargo Securities,Not Provided,3,market perform,-0.0,1625.0
1626,1626,-0.0,U,-2147483648,2016-12-05,Baird,12 month,5,outperform,130.0,1626.0
1627,1627,-0.0,M,-2147483648,2016-11-14,SunTrust Robinson Humphrey,12 month,5,buy,140.0,1627.0
1628,1628,-0.0,M,-2147483648,2016-10-31,Jefferies,12 month,3,hold,131.0,1628.0
1629,1629,-0.0,M,-2147483648,2016-10-27,J.P. Morgan,18 month,5,overweight,155.0,1629.0
1630,1630,-0.0,M,-2147483648,2016-10-27,"Morningstar, Inc",Not Provided,3,hold,-0.0,1630.0
1631,1631,-0.0,D,-2147483648,2017-03-01,"Morningstar, Inc",Not Provided,1,sell,-0.0,1631.0
1632,1632,-0.0,M,-2147483648,2017-02-20,Stephens Inc,Not Provided,5,overweight,138.0,1632.0
1633,1633,-0.0,M,-2147483648,2017-02-13,Morgan Stanley,12 month,3,Equalwt/In-Line,140.0,1633.0
1634,1634,-0.0,M,-2147483648,2017-02-10,Goldman Sachs,12 month,1,sell/attractive,100.0,1634.0
1635,1635,-0.0,M,-2147483648,2017-02-10,J.P. Morgan,12 month,5,overweight,155.0,1635.0
1636,1636,-0.0,M,-2147483648,2017-02-10,Barclays,Not Provided,5,overweight,150.0,1636.0
1637,1637,-0.0,M,-2147483648,2017-02-09,RBC Capital Markets,12 month,5,outperform,144.0,1637.0
1638,1638,-0.0,M,-2147483648,2017-02-09,SunTrust Robinson Humphrey,12 month,5,buy,150.0,1638.0
1639,1639,-0.0,M,-2147483648,2017-02-09,Jefferies,12 month,3,hold,131.0,1639.0
1640,1640,-0.0,M,-2147483648,2017-02-09,Baird,12 month,5,outperform,147.0,1640.0
1641,1641,-0.0,M,-2147483648,2017-02-09,William Blair & Co,Not Provided,5,outperform,-0.0,1641.0
1642,1642,-0.0,M,-2147483648,2017-02-09,Stifel,12 month,5,buy,144.0,1642.0
1643,1643,-0.0,M,-2147483648,2017-02-09,Evercore ISI,12 month,5,buy,156.0,1643.0
1644,1644,-0.0,M,-2147483648,2017-02-09,Wells Fargo Securities,Not Provided,3,market perform,-0.0,1644.0
1645,1645,-0.0,M,-2147483648,2017-02-09,Cowen,12 month,5,outperform,146.0,1645.0
1646,1646,-0.0,M,-2147483648,2016-12-17,EVA Dimensions,Not Provided,1,sell,-0.0,1646.0
1647,1647,-0.0,M,-2147483648,2017-03-30,Cowen,12 month,5,outperform,146.0,1647.0
1648,1648,-0.0,N,-2147483648,2017-03-23,Atlantic Equities LLP,12 month,5,overweight,156.0,1648.0
1649,1649,-0.0,M,-2147483648,2017-03-22,Stifel,12 month,5,buy,149.0,1649.0
1650,1650,-0.0,M,-2147483648,2017-03-14,"Morningstar, Inc",Not Provided,3,hold,-0.0,1650.0
1651,1651,-0.0,M,-2147483648,2017-03-07,Baird,12 month,5,outperform,147.0,1651.0
1652,1652,-0.0,M,-2147483648,2017-03-03,William Blair & Co,Not Provided,5,outperform,-0.0,1652.0
1653,1653,-0.0,M,-2147483648,2017-02-20,Stephens Inc,Not Provided,5,overweight,138.0,1653.0
1654,1654,-0.0,M,-2147483648,2017-02-13,Morgan Stanley,12 month,3,Equalwt/In-Line,140.0,1654.0
1655,1655,-0.0,M,-2147483648,2017-02-10,Goldman Sachs,12 month,1,sell/attractive,100.0,1655.0
1656,1656,-0.0,M,-2147483648,2017-02-10,J.P. Morgan,12 month,5,overweight,155.0,1656.0
1657,1657,-0.0,M,-2147483648,2017-02-10,Barclays,Not Provided,5,overweight,150.0,1657.0
1658,1658,-0.0,M,-2147483648,2017-02-09,RBC Capital Markets,12 month,5,outperform,144.0,1658.0
1659,1659,-0.0,M,-2147483648,2017-02-09,SunTrust Robinson Humphrey,12 month,5,buy,150.0,1659.0
1660,1660,-0.0,M,-2147483648,2017-02-09,Jefferies,12 month,3,hold,131.0,1660.0
1661,1661,-0.0,M,-2147483648,2017-02-09,Evercore ISI,12 month,5,buy,156.0,1661.0
1662,1662,-0.0,M,-2147483648,2017-02-09,Wells Fargo Securities,Not Provided,3,market perform,-0.0,1662.0
1663,1663,-0.0,M,-2147483648,2016-12-17,EVA Dimensions,Not Provided,1,sell,-0.0,1663.0
1664,1664,19.69,M,2,2017-04-26,RBC Capital Markets,12 month,5,outperform,144.0,1664.0
1665,1665,19.69,M,2,2017-04-26,William Blair & Co,Not Provided,5,outperform,-0.0,1665.0
1666,1666,0.0,M,5,2017-04-26,Wells Fargo Securities,Not Provided,3,market perform,-0.0,1666.0
1667,1667,19.69,M,2,2017-04-26,Cowen,12 month,5,outperform,146.0,1667.0
1668,1668,19.69,M,2,2017-04-26,Barclays,Not Provided,5,overweight,150.0,1668.0
1669,1669,-16.57,M,7,2017-04-18,EVA Dimensions,Not Provided,1,sell,-0.0,1669.0
1670,1670,19.69,M,2,2017-04-13,Stephens Inc,12 month,5,overweight,138.0,1670.0
1671,1671,19.69,M,2,2017-04-10,Evercore ISI,12 month,5,buy,156.0,1671.0
1672,1672,-0.0,N,-2147483648,2017-03-23,Atlantic Equities LLP,12 month,5,overweight,156.0,1672.0
1673,1673,19.69,M,2,2017-03-22,Stifel,12 month,5,buy,149.0,1673.0
1674,1674,0.41,M,4,2017-03-14,"Morningstar, Inc",Not Provided,3,hold,-0.0,1674.0
1675,1675,21.71,M,1,2017-03-07,Baird,12 month,5,outperform,147.0,1675.0
1676,1676,3.44,M,3,2017-02-13,Morgan Stanley,12 month,3,Equalwt/In-Line,140.0,1676.0
1677,1677,-15.78,M,6,2017-02-10,Goldman Sachs,12 month,1,sell/attractive,100.0,1677.0
1678,1678,19.69,M,2,2017-02-10,J.P. Morgan,12 month,5,overweight,155.0,1678.0
1679,1679,19.69,M,2,2017-02-09,SunTrust Robinson Humphrey,12 month,5,buy,150.0,1679.0
1680,1680,19.69,M,2,2017-04-26,RBC Capital Markets,12 month,5,outperform,144.0,1680.0
1681,1681,19.69,M,2,2017-04-26,William Blair & Co,Not Provided,5,outperform,-0.0,1681.0
1682,1682,0.0,M,5,2017-04-26,Wells Fargo Securities,Not Provided,3,market perform,-0.0,1682.0
1683,1683,19.69,M,2,2017-04-26,Cowen,12 month,5,outperform,146.0,1683.0
1684,1684,19.69,M,2,2017-04-26,Barclays,Not Provided,5,overweight,150.0,1684.0
1685,1685,-16.57,M,7,2017-04-18,EVA Dimensions,Not Provided,1,sell,-0.0,1685.0
1686,1686,19.69,M,2,2017-04-13,Stephens Inc,12 month,5,overweight,138.0,1686.0
1687,1687,19.69,M,2,2017-04-10,Evercore ISI,12 month,5,buy,156.0,1687.0
1688,1688,-0.0,N,-2147483648,2017-03-23,Atlantic Equities LLP,12 month,5,overweight,156.0,1688.0
1689,1689,19.69,M,2,2017-03-22,Stifel,12 month,5,buy,149.0,1689.0
1690,1690,0.41,M,4,2017-03-14,"Morningstar, Inc",Not Provided,3,hold,-0.0,1690.0
1691,1691,21.71,M,1,2017-03-07,Baird,12 month,5,outperform,147.0,1691.0
1692,1692,3.44,M,3,2017-02-13,Morgan Stanley,12 month,3,Equalwt/In-Line,140.0,1692.0
1693,1693,-15.78,M,6,2017-02-10,Goldman Sachs,12 month,1,sell/attractive,100.0,1693.0
1694,1694,19.69,M,2,2017-02-10,J.P. Morgan,12 month,5,overweight,155.0,1694.0
1695,1695,19.69,M,2,2017-02-09,SunTrust Robinson Humphrey,12 month,5,buy,150.0,1695.0
1696,1696,19.69,M,2,2017-04-26,RBC Capital Markets,12 month,5,outperform,144.0,1696.0
1697,1697,19.69,M,2,2017-04-26,William Blair & Co,Not Provided,5,outperform,-0.0,1697.0
1698,1698,0.0,M,5,2017-04-26,Wells Fargo Securities,Not Provided,3,market perform,-0.0,1698.0
1699,1699,19.69,M,2,2017-04-26,Cowen,12 month,5,outperform,146.0,1699.0
1700,1700,19.69,M,2,2017-04-26,Barclays,Not Provided,5,overweight,150.0,1700.0
1701,1701,-16.57,M,7,2017-04-18,EVA Dimensions,Not Provided,1,sell,-0.0,1701.0
1702,1702,19.69,M,2,2017-04-13,Stephens Inc,12 month,5,overweight,138.0,1702.0
1703,1703,19.69,M,2,2017-04-10,Evercore ISI,12 month,5,buy,156.0,1703.0
1704,1704,-0.0,N,-2147483648,2017-03-23,Atlantic Equities LLP,12 month,5,overweight,156.0,1704.0
1705,1705,19.69,M,2,2017-03-22,Stifel,12 month,5,buy,149.0,1705.0
1706,1706,0.41,M,4,2017-03-14,"Morningstar, Inc",Not Provided,3,hold,-0.0,1706.0
1707,1707,21.71,M,1,2017-03-07,Baird,12 month,5,outperform,147.0,1707.0
1708,1708,3.44,M,3,2017-02-13,Morgan Stanley,12 month,3,Equalwt/In-Line,140.0,1708.0
1709,1709,-15.78,M,6,2017-02-10,Goldman Sachs,12 month,1,sell/attractive,100.0,1709.0
1710,1710,19.69,M,2,2017-02-10,J.P. Morgan,12 month,5,overweight,155.0,1710.0
1711,1711,19.69,M,2,2017-02-09,SunTrust Robinson Humphrey,12 month,5,buy,150.0,1711.0
1712,1712,19.69,M,2,2017-04-26,RBC Capital Markets,12 month,5,outperform,144.0,1712.0
1713,1713,19.69,M,2,2017-04-26,William Blair & Co,Not Provided,5,outperform,-0.0,1713.0
1714,1714,0.0,M,5,2017-04-26,Wells Fargo Securities,Not Provided,3,market perform,-0.0,1714.0
1715,1715,19.69,M,2,2017-04-26,Cowen,12 month,5,outperform,146.0,1715.0
1716,1716,19.69,M,2,2017-04-26,Barclays,Not Provided,5,overweight,150.0,1716.0
1717,1717,-16.57,M,7,2017-04-18,EVA Dimensions,Not Provided,1,sell,-0.0,1717.0
1718,1718,19.69,M,2,2017-04-13,Stephens Inc,12 month,5,overweight,138.0,1718.0
1719,1719,19.69,M,2,2017-04-10,Evercore ISI,12 month,5,buy,156.0,1719.0
1720,1720,-0.0,N,-2147483648,2017-03-23,Atlantic Equities LLP,12 month,5,overweight,156.0,1720.0
1721,1721,19.69,M,2,2017-03-22,Stifel,12 month,5,buy,149.0,1721.0
1722,1722,0.41,M,4,2017-03-14,"Morningstar, Inc",Not Provided,3,hold,-0.0,1722.0
1723,1723,21.71,M,1,2017-03-07,Baird,12 month,5,outperform,147.0,1723.0
1724,1724,3.44,M,3,2017-02-13,Morgan Stanley,12 month,3,Equalwt/In-Line,140.0,1724.0
1725,1725,-15.78,M,6,2017-02-10,Goldman Sachs,12 month,1,sell/attractive,100.0,1725.0
1726,1726,19.69,M,2,2017-02-10,J.P. Morgan,12 month,5,overweight,155.0,1726.0
1727,1727,19.69,M,2,2017-02-09,SunTrust Robinson Humphrey,12 month,5,buy,150.0,1727.0
1728,1728,19.69,M,2,2017-04-26,RBC Capital Markets,12 month,5,outperform,144.0,1728.0
1729,1729,19.69,M,2,2017-04-26,William Blair & Co,Not Provided,5,outperform,-0.0,1729.0
1730,1730,0.0,M,5,2017-04-26,Wells Fargo Securities,Not Provided,3,market perform,-0.0,1730.0
1731,1731,19.69,M,2,2017-04-26,Cowen,12 month,5,outperform,146.0,1731.0
1732,1732,19.69,M,2,2017-04-26,Barclays,Not Provided,5,overweight,150.0,1732.0
1733,1733,-16.57,M,7,2017-04-18,EVA Dimensions,Not Provided,1,sell,-0.0,1733.0
1734,1734,19.69,M,2,2017-04-13,Stephens Inc,12 month,5,overweight,138.0,1734.0
1735,1735,19.69,M,2,2017-04-10,Evercore ISI,12 month,5,buy,156.0,1735.0
1736,1736,-0.0,N,-2147483648,2017-03-23,Atlantic Equities LLP,12 month,5,overweight,156.0,1736.0
1737,1737,19.69,M,2,2017-03-22,Stifel,12 month,5,buy,149.0,1737.0
1738,1738,0.41,M,4,2017-03-14,"Morningstar, Inc",Not Provided,3,hold,-0.0,1738.0
1739,1739,21.71,M,1,2017-03-07,Baird,12 month,5,outperform,147.0,1739.0
1740,1740,3.44,M,3,2017-02-13,Morgan Stanley,12 month,3,Equalwt/In-Line,140.0,1740.0
1741,1741,-15.78,M,6,2017-02-10,Goldman Sachs,12 month,1,sell/attractive,100.0,1741.0
1742,1742,19.69,M,2,2017-02-10,J.P. Morgan,12 month,5,overweight,155.0,1742.0
1743,1743,19.69,M,2,2017-02-09,SunTrust Robinson Humphrey,12 month,5,buy,150.0,1743.0
1744,1744,19.69,M,2,2017-04-26,RBC Capital Markets,12 month,5,outperform,144.0,1744.0
1745,1745,19.69,M,2,2017-04-26,William Blair & Co,Not Provided,5,outperform,-0.0,1745.0
1746,1746,0.0,M,5,2017-04-26,Wells Fargo Securities,Not Provided,3,market perform,-0.0,1746.0
1747,1747,19.69,M,2,2017-04-26,Cowen,12 month,5,outperform,146.0,1747.0
1748,1748,19.69,M,2,2017-04-26,Barclays,Not Provided,5,overweight,150.0,1748.0
1749,1749,-16.57,M,7,2017-04-18,EVA Dimensions,Not Provided,1,sell,-0.0,1749.0
1750,1750,19.69,M,2,2017-04-13,Stephens Inc,12 month,5,overweight,138.0,1750.0
1751,1751,19.69,M,2,2017-04-10,Evercore ISI,12 month,5,buy,156.0,1751.0
1752,1752,-0.0,N,-2147483648,2017-03-23,Atlantic Equities LLP,12 month,5,overweight,156.0,1752.0
1753,1753,19.69,M,2,2017-03-22,Stifel,12 month,5,buy,149.0,1753.0
1754,1754,0.41,M,4,2017-03-14,"Morningstar, Inc",Not Provided,3,hold,-0.0,1754.0
1755,1755,21.71,M,1,2017-03-07,Baird,12 month,5,outperform,147.0,1755.0
1756,1756,3.44,M,3,2017-02-13,Morgan Stanley,12 month,3,Equalwt/In-Line,140.0,1756.0
1757,1757,-15.78,M,6,2017-02-10,Goldman Sachs,12 month,1,sell/attractive,100.0,1757.0
1758,1758,19.69,M,2,2017-02-10,J.P. Morgan,12 month,5,overweight,155.0,1758.0
1759,1759,19.69,M,2,2017-02-09,SunTrust Robinson Humphrey,12 month,5,buy,150.0,1759.0
1760,1760,19.69,M,2,2017-04-26,RBC Capital Markets,12 month,5,outperform,144.0,1760.0
1761,1761,19.69,M,2,2017-04-26,William Blair & Co,Not Provided,5,outperform,-0.0,1761.0
1762,1762,0.0,M,5,2017-04-26,Wells Fargo Securities,Not Provided,3,market perform,-0.0,1762.0
1763,1763,19.69,M,2,2017-04-26,Cowen,12 month,5,outperform,146.0,1763.0
1764,1764,19.69,M,2,2017-04-26,Barclays,Not Provided,5,overweight,150.0,1764.0
1765,1765,-16.57,M,7,2017-04-18,EVA Dimensions,Not Provided,1,sell,-0.0,1765.0
1766,1766,19.69,M,2,2017-04-13,Stephens Inc,12 month,5,overweight,138.0,1766.0
1767,1767,19.69,M,2,2017-04-10,Evercore ISI,12 month,5,buy,156.0,1767.0
1768,1768,-0.0,N,-2147483648,2017-03-23,Atlantic Equities LLP,12 month,5,overweight,156.0,1768.0
1769,1769,19.69,M,2,2017-03-22,Stifel,12 month,5,buy,149.0,1769.0
1770,1770,0.41,M,4,2017-03-14,"Morningstar, Inc",Not Provided,3,hold,-0.0,1770.0
1771,1771,21.71,M,1,2017-03-07,Baird,12 month,5,outperform,147.0,1771.0
1772,1772,3.44,M,3,2017-02-13,Morgan Stanley,12 month,3,Equalwt/In-Line,140.0,1772.0
1773,1773,-15.78,M,6,2017-02-10,Goldman Sachs,12 month,1,sell/attractive,100.0,1773.0
1774,1774,19.69,M,2,2017-02-10,J.P. Morgan,12 month,5,overweight,155.0,1774.0
1775,1775,19.69,M,2,2017-02-09,SunTrust Robinson Humphrey,12 month,5,buy,150.0,1775.0
1776,1776,19.69,M,2,2017-04-26,RBC Capital Markets,12 month,5,outperform,144.0,1776.0
1777,1777,19.69,M,2,2017-04-26,William Blair & Co,Not Provided,5,outperform,-0.0,1777.0
1778,1778,0.0,M,5,2017-04-26,Wells Fargo Securities,Not Provided,3,market perform,-0.0,1778.0
1779,1779,19.69,M,2,2017-04-26,Cowen,12 month,5,outperform,146.0,1779.0
1780,1780,19.69,M,2,2017-04-26,Barclays,Not Provided,5,overweight,150.0,1780.0
1781,1781,-16.57,M,7,2017-04-18,EVA Dimensions,Not Provided,1,sell,-0.0,1781.0
1782,1782,19.69,M,2,2017-04-13,Stephens Inc,12 month,5,overweight,138.0,1782.0
1783,1783,19.69,M,2,2017-04-10,Evercore ISI,12 month,5,buy,156.0,1783.0
1784,1784,-0.0,N,-2147483648,2017-03-23,Atlantic Equities LLP,12 month,5,overweight,156.0,1784.0
1785,1785,19.69,M,2,2017-03-22,Stifel,12 month,5,buy,149.0,1785.0
1786,1786,0.41,M,4,2017-03-14,"Morningstar, Inc",Not Provided,3,hold,-0.0,1786.0
1787,1787,21.71,M,1,2017-03-07,Baird,12 month,5,outperform,147.0,1787.0
1788,1788,3.44,M,3,2017-02-13,Morgan Stanley,12 month,3,Equalwt/In-Line,140.0,1788.0
1789,1789,-15.78,M,6,2017-02-10,Goldman Sachs,12 month,1,sell/attractive,100.0,1789.0
1790,1790,19.69,M,2,2017-02-10,J.P. Morgan,12 month,5,overweight,155.0,1790.0
1791,1791,19.69,M,2,2017-02-09,SunTrust Robinson Humphrey,12 month,5,buy,150.0,1791.0
1792,1792,-0.000000,M,-2147483648,2017-03-30,Cowen,12 month,5,outperform,146.000000,
1793,1793,-0.000000,N,-2147483648,2017-03-23,Atlantic Equities LLP,12 month,5,overweight,156.000000,
1794,1794,-0.000000,M,-2147483648,2017-03-22,Stifel,12 month,5,buy,149.000000,
1795,1795,-0.000000,M,-2147483648,2017-03-14,"Morningstar, Inc",Not Provided,3,hold,-0.000000,
1796,1796,-0.000000,M,-2147483648,2017-03-07,Baird,12 month,5,outperform,147.000000,
1797,1797,-0.000000,M,-2147483648,2017-03-03,William Blair & Co,Not Provided,5,outperform,-0.000000,
1798,1798,-0.000000,M,-2147483648,2017-02-20,Stephens Inc,Not Provided,5,overweight,138.000000,
1799,1799,-0.000000,M,-2147483648,2017-02-13,Morgan Stanley,12 month,3,Equalwt/In-Line,140.000000,
1800,1800,-0.000000,M,-2147483648,2017-02-10,Goldman Sachs,12 month,1,sell/attractive,100.000000,
1801,1801,-0.000000,M,-2147483648,2017-02-10,J.P. Morgan,12 month,5,overweight,155.000000,
1802,1802,-0.000000,M,-2147483648,2017-02-10,Barclays,Not Provided,5,overweight,150.000000,
1803,1803,-0.000000,M,-2147483648,2017-02-09,RBC Capital Markets,12 month,5,outperform,144.000000,
1804,1804,-0.000000,M,-2147483648,2017-02-09,SunTrust Robinson Humphrey,12 month,5,buy,150.000000,
1805,1805,-0.000000,M,-2147483648,2017-02-09,Jefferies,12 month,3,hold,131.000000,
1806,1806,-0.000000,M,-2147483648,2017-02-09,Evercore ISI,12 month,5,buy,156.000000,
1807,1807,-0.000000,M,-2147483648,2017-02-09,Wells Fargo Securities,Not Provided,3,market perform,-0.000000,
1808,1808,-0.000000,M,-2147483648,2016-12-17,EVA Dimensions,Not Provided,1,sell,-0.000000,
1809,1809,-0.000000,M,-2147483648,2017-05-01,Goldman Sachs,12 month,1,sell/attractive,108.000000,
1810,1810,-0.000000,M,-2147483648,2017-05-01,RBC Capital Markets,12 month,5,outperform,149.000000,
1811,1811,-0.000000,M,-2147483648,2017-04-28,Morgan Stanley,12 month,3,Equalwt/In-Line,142.000000,
1812,1812,-0.000000,D,-2147483648,2017-04-28,Stephens Inc,12 month,3,equalweight,138.000000,
1813,1813,-0.000000,M,-2147483648,2017-04-28,Barclays,Not Provided,5,overweight,150.000000,
1814,1814,-0.000000,M,-2147483648,2017-04-27,SunTrust Robinson Humphrey,12 month,5,buy,155.000000,
1815,1815,-0.000000,M,-2147483648,2017-04-27,J.P. Morgan,9 month,5,overweight,155.000000,
1816,1816,-0.000000,M,-2147483648,2017-04-27,Baird,12 month,5,outperform,149.000000,
1817,1817,-0.000000,M,-2147483648,2017-04-27,William Blair & Co,Not Provided,5,outperform,-0.000000,
1818,1818,-0.000000,M,-2147483648,2017-04-27,Stifel,12 month,5,buy,149.000000,
1819,1819,-0.000000,M,-2147483648,2017-04-27,Evercore ISI,12 month,5,buy,156.000000,
1820,1820,-0.000000,M,-2147483648,2017-04-27,Wells Fargo Securities,Not Provided,3,market perform,-0.000000,
1821,1821,-0.000000,M,-2147483648,2017-04-27,Cowen,12 month,5,outperform,146.000000,
1822,1822,-0.000000,M,-2147483648,2017-04-27,"Morningstar, Inc",Not Provided,3,hold,-0.000000,
1823,1823,-0.000000,M,-2147483648,2017-04-27,Atlantic Equities LLP,12 month,5,overweight,156.000000,
1824,1824,-0.000000,U,-2147483648,2017-04-27,EVA Dimensions,Not Provided,3,hold,-0.000000,
1825,1825,-0.000000,M,-2147483648,2017-05-02,Atlantic Equities LLP,12 month,5,overweight,156.000000,
1826,1826,-13.900000,M,8,2017-05-01,Goldman Sachs,12 month,1,sell/attractive,108.000000,
1827,1827,13.820000,M,2,2017-05-01,RBC Capital Markets,12 month,5,outperform,149.000000,
1828,1828,0.000000,M,6,2017-04-28,Morgan Stanley,12 month,3,Equalwt/In-Line,142.000000,
1829,1829,12.840000,D,3,2017-04-28,Stephens Inc,12 month,3,equalweight,138.000000,
1830,1830,13.820000,M,2,2017-04-28,Barclays,Not Provided,5,overweight,150.000000,
1831,1831,13.820000,M,2,2017-04-27,SunTrust Robinson Humphrey,12 month,5,buy,155.000000,
1832,1832,13.820000,M,2,2017-04-27,J.P. Morgan,9 month,5,overweight,155.000000,
1833,1833,19.720000,M,1,2017-04-27,Baird,12 month,5,outperform,149.000000,
1834,1834,13.820000,M,2,2017-04-27,William Blair & Co,Not Provided,5,outperform,-0.000000,
1835,1835,13.820000,M,2,2017-04-27,Stifel,12 month,5,buy,149.000000,
1836,1836,13.820000,M,2,2017-04-27,Evercore ISI,12 month,5,buy,156.000000,
1837,1837,0.000000,M,5,2017-04-27,Wells Fargo Securities,Not Provided,3,market perform,-0.000000,
1838,1838,13.820000,M,2,2017-04-27,Cowen,12 month,5,outperform,146.000000,
1839,1839,1.160000,M,4,2017-04-27,"Morningstar, Inc",Not Provided,3,hold,-0.000000,
1840,1840,-13.570000,U,7,2017-04-27,EVA Dimensions,Not Provided,3,hold,-0.000000,
