Date,Firm Name,Period,Rating,Recommendation,Target Price
2004-11-12,Argus Research Corp,Not Provided,5.0,buy,-0.0
2005-04-27,Bear Stearns & Co,Not Provided,3.0,peerperform,-0.0
2005-07-07,Barclays,Not Provided,3.0,equalwt/neutral,35.85
2005-07-12,Goldman Sachs,Not Provided,3.0,in-line,-0.0
2005-07-20,Edward Jones,Not Provided,5.0,buy,-0.0
2005-07-29,A.G. Edwards & Sons Inc,12 month,5.0,buy,34.06
2005-08-04,First Global Stockbroking,Not Provided,3.0,market perform,-0.0
2005-08-09,"Ameriprise Advisor Services, Inc",Not Provided,5.0,buy,-0.0
2005-08-22,EVA Dimensions,Not Provided,5.0,strong buy,-0.0
2005-08-26,Gleacher & Company,Not Provided,5.0,buy,-0.0
2005-09-05,HSBC,Not Provided,3.0,neutral,-0.0
2005-10-03,CIBC World Markets,Not Provided,3.0,sector perform,-0.0
2005-10-13,Buckingham Research Group,Not Provided,3.0,neutral,34.06
2005-10-27,Thomas Weisel Partners,Not Provided,3.0,peerperform,-0.0
2005-10-28,Cowen,Not Provided,-2147483648.0,no rating system,-0.0
2005-10-28,Credit Suisse,12 month,3.0,neutral,31.37
2005-10-28,Raymond James,Not Provided,3.0,market perform,-0.0
2005-10-28,Morgan Stanley,Not Provided,3.0,Equalwt/Cautious,32.27
2005-10-31,Atlantic Equities LLP,Not Provided,5.0,overweight,36.75
2005-11-02,Dresdner Kleinwort,Not Provided,5.0,buy,36.3
2005-11-14,Bernstein,Not Provided,5.0,outperform,34.96
2005-11-18,UBS,12 month,5.0,buy 1,32.27
2005-11-18,Soleil Securities,Not Provided,5.0,buy,34.06
2005-12-01,Stifel,Not Provided,3.0,hold,-0.0
2005-12-05,RBC Capital Markets,12 month,5.0,outperform,35.85
2005-12-05,FBR Capital Markets,12 month,5.0,outperform,35.85
2005-12-05,Wells Fargo Securities,Not Provided,3.0,market perform,-0.0
2005-12-05,BMO Capital Markets,12 month,3.0,market perform,30.48
2005-12-06,J.P. Morgan,Not Provided,3.0,neutral,-0.0
2005-12-06,Prudential Equity Group Inc,Not Provided,3.0,neutral weight,34.06
2005-12-07,Baird,Not Provided,3.0,neutral,31.37
2005-12-12,Davenport & Co,Not Provided,5.0,buy,35.85
2006-01-05,EVA Dimensions,Not Provided,5.0,strong buy,-0.0
2006-01-06,BMO Capital Markets,12 month,3.0,market perform,30.48
2006-01-06,Prudential Equity Group Inc,Not Provided,3.0,neutral weight,34.06
2006-01-10,Bear Stearns & Co,Not Provided,5.0,outperform,34.06
2006-01-10,Wells Fargo Securities,Not Provided,3.0,market perform,-0.0
2006-01-11,UBS,12 month,5.0,buy 1,32.27
2006-01-12,Morgan Stanley,Not Provided,3.0,Equalwt/Cautious,32.27
2006-01-17,Bernstein,Not Provided,5.0,outperform,34.96
2006-01-23,Cowen,Not Provided,-2147483648.0,no rating system,-0.0
2006-01-24,Morgan Stanley,Not Provided,3.0,Equalwt/Cautious,32.27
2006-01-24,BMO Capital Markets,12 month,3.0,market perform,30.48
2006-01-24,Wells Fargo Securities,Not Provided,3.0,market perform,-0.0
2006-01-24,Stifel,Not Provided,3.0,hold,-0.0
2006-01-26,Prudential Equity Group Inc,Not Provided,3.0,neutral weight,34.06
2006-01-26,Barclays,Not Provided,3.0,equalwt/neutral,33.16
2006-01-26,Dresdner Kleinwort,Not Provided,5.0,buy,33.61
2006-01-27,UBS,12 month,5.0,buy 1,33.16
2006-01-27,Stifel,Not Provided,3.0,hold,-0.0
2006-01-27,FBR Capital Markets,12 month,5.0,outperform,35.85
2006-01-27,Raymond James,Not Provided,3.0,market perform,-0.0
2006-01-27,RBC Capital Markets,12 month,5.0,outperform,35.85
2006-01-27,Morgan Stanley,Not Provided,3.0,Equalwt/Cautious,32.27
2006-01-27,Thomas Weisel Partners,Not Provided,3.0,peerperform,-0.0
2006-01-30,Rochdale Securities,Not Provided,5.0,buy,38.12
2006-01-31,Wells Fargo Securities,Not Provided,3.0,market perform,-0.0
2006-02-01,Credit Suisse,12 month,3.0,neutral,32.27
2006-02-02,Atlantic Equities LLP,Not Provided,3.0,neutral,-0.0
2006-02-07,CRT Capital Group,18 month,5.0,buy,35.85
2006-02-15,Rochdale Securities,Not Provided,5.0,buy,38.12
2006-02-16,Cowen,Not Provided,-2147483648.0,no rating system,-0.0
2006-02-21,Cowen,Not Provided,3.0,neutral,-0.0
2006-02-21,HSBC,12 month,5.0,overweight,34.96
2006-02-28,BMO Capital Markets,12 month,3.0,market perform,30.48
2006-02-28,CRT Capital Group,18 month,5.0,buy,35.85
2006-02-28,Morgan Stanley,Not Provided,3.0,Equalwt/Cautious,32.27
2006-02-28,Baird,Not Provided,3.0,neutral,31.37
2006-03-01,UBS,12 month,5.0,buy 1,33.16
2006-03-02,Bernstein,Not Provided,5.0,outperform,35.85
2006-03-06,Raymond James,12 month,5.0,outperform,33.16
2006-03-07,HSBC,Not Provided,5.0,overweight,34.96
2006-03-07,BMO Capital Markets,12 month,3.0,market perform,30.48
2006-03-09,UBS,12 month,5.0,buy 1,34.96
2006-03-16,Cowen,Not Provided,5.0,outperform,-0.0
2006-03-24,EVA Dimensions,Not Provided,5.0,strong buy,-0.0
2006-03-30,CRT Capital Group,18 month,5.0,buy,35.85
2006-03-31,FBR Capital Markets,12 month,5.0,outperform,35.85
2006-04-03,BMO Capital Markets,12 month,3.0,market perform,32.27
2006-04-05,Stifel,Not Provided,3.0,hold,-0.0
2006-04-07,Bernstein,Not Provided,5.0,outperform,35.85
2006-04-11,Rochdale Securities,Not Provided,5.0,buy,38.54
2006-04-11,Cowen,Not Provided,5.0,outperform,-0.0
2006-04-12,Stifel,Not Provided,3.0,hold,-0.0
2006-04-19,CIBC World Markets,Not Provided,3.0,sector perform,-0.0
2006-05-02,BMO Capital Markets,12 month,3.0,market perform,32.27
2006-05-02,Wells Fargo Securities,Not Provided,3.0,market perform,-0.0
2006-05-02,Atlantic Equities LLP,Not Provided,3.0,neutral,-0.0
2006-05-02,Stifel,Not Provided,3.0,hold,-0.0
2006-05-03,RBC Capital Markets,12 month,5.0,outperform,35.85
2006-05-03,Thomas Weisel Partners,Not Provided,3.0,peerperform,-0.0
2006-05-03,Cowen,Not Provided,5.0,outperform,-0.0
2006-05-03,FBR Capital Markets,12 month,5.0,outperform,35.85
2006-05-03,Baird,Not Provided,3.0,neutral,31.37
2006-05-04,Credit Suisse,12 month,3.0,neutral,33.16
2006-05-05,A.G. Edwards & Sons Inc,Not Provided,5.0,buy,34.06
2006-05-11,Credit Suisse,12 month,3.0,neutral,33.16
2006-05-15,Atlantic Equities LLP,Not Provided,3.0,neutral,-0.0
2006-05-16,Raymond James,12 month,5.0,outperform,33.16
2006-05-22,EVA Dimensions,Not Provided,5.0,strong buy,-0.0
2006-05-24,Bernstein,Not Provided,5.0,outperform,35.85
2006-05-25,Cowen,Not Provided,5.0,outperform,-0.0
2006-06-07,Davenport & Co,Not Provided,5.0,buy,35.85
2006-06-08,UBS,12 month,5.0,buy 1,34.96
2006-06-12,Bernstein,Not Provided,5.0,outperform,35.85
2006-06-12,Gleacher & Company,Not Provided,5.0,buy,-0.0
2006-06-13,Rochdale Securities,Not Provided,5.0,buy,36.75
2006-06-14,HSBC,Not Provided,5.0,overweight,34.96
2006-06-20,UBS,12 month,5.0,buy 1,34.96
2006-06-21,BMO Capital Markets,12 month,3.0,market perform,31.37
2006-06-26,Goldman Sachs,Not Provided,3.0,neutral/neutral,32.27
2006-06-29,Soleil Securities,Not Provided,5.0,buy,34.06
2006-07-07,Bernstein,Not Provided,5.0,outperform,35.85
2006-07-07,Stifel,Not Provided,3.0,hold,-0.0
2006-07-10,BMO Capital Markets,12 month,3.0,market perform,31.37
2006-07-18,Prudential Equity Group Inc,12 month,1.0,underweight,27.79
2006-07-19,Cowen,Not Provided,5.0,outperform,-0.0
2006-07-21,Buckingham Research Group,Not Provided,4.0,accumulate,34.06
2006-07-24,Credit Suisse,12 month,3.0,neutral,33.16
2006-07-28,RBC Capital Markets,12 month,5.0,outperform,35.85
2006-08-01,Gleacher & Company,Not Provided,5.0,buy,-0.0
2006-08-01,Thomas Weisel Partners,Not Provided,3.0,peerperform,-0.0
2006-08-01,Credit Suisse,12 month,3.0,neutral,33.16
2006-08-02,Prudential Equity Group Inc,12 month,1.0,underweight,27.79
2006-08-02,BMO Capital Markets,12 month,3.0,market perform,31.37
2006-08-02,Cowen,Not Provided,5.0,outperform,-0.0
2006-08-02,Stifel,Not Provided,3.0,hold,-0.0
2006-08-02,UBS,12 month,5.0,buy 1,34.96
2006-08-02,Wells Fargo Securities,Not Provided,3.0,market perform,-0.0
2006-08-02,Soleil Securities,Not Provided,5.0,buy,34.06
2006-08-02,Atlantic Equities LLP,Not Provided,3.0,neutral,-0.0
2006-08-02,Raymond James,12 month,5.0,outperform,31.37
2006-08-07,Stifel,Not Provided,3.0,hold,-0.0
2006-08-10,Edward Jones,Not Provided,5.0,buy,-0.0
2006-08-10,EVA Dimensions,Not Provided,5.0,strong buy,-0.0
2006-08-14,Bernstein,Not Provided,5.0,outperform,35.85
2006-08-16,Hilliard Lyons,Not Provided,3.0,neutral,-0.0
2006-08-21,UBS,12 month,5.0,buy 1,35.85
2006-08-25,Bernstein,Not Provided,5.0,outperform,35.85
2006-08-28,Gleacher & Company,Not Provided,5.0,buy,-0.0
2006-09-14,Prudential Equity Group Inc,12 month,1.0,underweight,27.79
2006-09-18,UBS,12 month,5.0,buy 1,35.85
2006-09-20,Bernstein,Not Provided,5.0,outperform,35.85
2006-09-26,A.G. Edwards & Sons Inc,Not Provided,3.0,hold,-0.0
2006-09-27,Stifel,Not Provided,3.0,hold,-0.0
2006-09-27,Cowen,Not Provided,5.0,outperform,-0.0
2006-09-28,Credit Suisse,12 month,3.0,neutral,33.16
2006-09-28,UBS,12 month,5.0,buy 1,36.75
2006-09-28,Baird,Not Provided,3.0,neutral,33.16
2006-09-28,BMO Capital Markets,12 month,3.0,market perform,33.16
2006-09-28,Gleacher & Company,Not Provided,5.0,buy,-0.0
2006-09-28,Atlantic Equities LLP,Not Provided,3.0,neutral,-0.0
2006-09-28,Soleil Securities,Not Provided,5.0,buy,34.06
2006-09-29,Wells Fargo Securities,Not Provided,5.0,outperform,-0.0
2006-09-29,Barclays,Not Provided,3.0,equalwt/neutral,33.16
2006-10-04,RBC Capital Markets,Not Provided,3.0,sector perform,34.06
2006-10-09,HSBC,Not Provided,5.0,overweight,38.54
2006-10-13,UBS,12 month,5.0,buy 1,36.75
2006-10-18,Prudential Equity Group Inc,12 month,1.0,underweight,30.48
2006-10-19,Barclays,Not Provided,5.0,overwt/positive,36.75
2006-10-19,Raymond James,12 month,5.0,outperform,34.96
2006-10-19,Baird,Not Provided,3.0,neutral,33.16
2006-10-20,Atlantic Equities LLP,Not Provided,3.0,neutral,-0.0
2006-10-20,Cowen,Not Provided,5.0,outperform,-0.0
2006-10-30,BMO Capital Markets,12 month,3.0,market perform,34.96
2006-10-30,Cowen,Not Provided,5.0,outperform,-0.0
2006-10-30,Atlantic Equities LLP,Not Provided,3.0,neutral,-0.0
2006-10-30,Thomas Weisel Partners,Not Provided,3.0,peerperform,-0.0
2006-10-30,Prudential Equity Group Inc,12 month,1.0,underweight,30.48
2006-10-30,Stifel,Not Provided,3.0,hold,-0.0
2006-10-31,Raymond James,Not Provided,3.0,market perform,-0.0
2006-10-31,Credit Suisse,12 month,3.0,neutral,34.06
2006-10-31,UBS,Not Provided,3.0,neutral 1,35.85
2006-10-31,Wells Fargo Securities,Not Provided,5.0,outperform,-0.0
2006-11-01,RBC Capital Markets,Not Provided,3.0,sector perform,34.06
2006-11-01,Baird,Not Provided,3.0,neutral,33.16
2006-11-07,Prudential Equity Group Inc,12 month,1.0,underweight,30.48
2006-11-08,Bernstein,Not Provided,3.0,market perform,34.06
2006-11-08,EVA Dimensions,Not Provided,5.0,strong buy,-0.0
2006-11-10,Soleil Securities,Not Provided,5.0,buy,36.75
2006-11-14,Atlantic Equities LLP,Not Provided,3.0,neutral,-0.0
2006-11-16,Thomas Weisel Partners,Not Provided,3.0,market weight,-0.0
2006-11-17,Soleil Securities,Not Provided,5.0,buy,31.37
2006-11-17,UBS,Not Provided,3.0,neutral 1,34.06
2006-11-20,Stifel,Not Provided,3.0,hold,-0.0
2006-11-20,RBC Capital Markets,Not Provided,3.0,sector perform,33.49
2006-11-20,BMO Capital Markets,12 month,3.0,market perform,33.49
2006-11-20,Barclays,Not Provided,5.0,overwt/positive,37.21
2006-11-20,Baird,Not Provided,3.0,neutral,32.56
2006-11-20,Prudential Equity Group Inc,12 month,1.0,underweight,29.77
2006-11-21,Credit Suisse,12 month,5.0,outperform,40.0
2006-11-21,Bear Stearns & Co,Not Provided,5.0,outperform,36.28
2006-11-28,Bernstein,Not Provided,3.0,market perform,35.35
2006-11-29,A.G. Edwards & Sons Inc,Not Provided,5.0,buy,38.14
2006-12-06,UBS,Not Provided,3.0,neutral 1,35.35
2006-12-07,Bernstein,Not Provided,3.0,market perform,35.35
2006-12-19,Credit Suisse,12 month,5.0,outperform,40.0
2006-12-20,BMO Capital Markets,12 month,3.0,market perform,33.49
2006-12-22,HSBC,Not Provided,5.0,overweight,38.14
2006-12-27,Gleacher & Company,Not Provided,5.0,buy,-0.0
2007-01-16,Atlantic Equities LLP,Not Provided,3.0,neutral,-0.0
2007-01-16,Stifel,Not Provided,3.0,hold,-0.0
2007-01-16,Raymond James,Not Provided,3.0,market perform,-0.0
2007-01-16,Credit Suisse,12 month,5.0,outperform,40.0
2007-01-17,Baird,Not Provided,3.0,neutral,32.56
2007-01-18,BMO Capital Markets,12 month,3.0,market perform,35.35
2007-01-23,Credit Suisse,12 month,5.0,outperform,40.0
2007-01-24,Morgan Stanley,Not Provided,3.0,Equalwt/In-Line,33.49
2007-01-24,Cowen,Not Provided,5.0,outperform,-0.0
2007-01-29,UBS,Not Provided,3.0,neutral 1,36.28
2007-01-29,Wells Fargo Securities,12 month,3.0,market perform,33.75
2007-01-29,Prudential Equity Group Inc,12 month,1.0,underweight,29.77
2007-01-29,Thomas Weisel Partners,Not Provided,3.0,market weight,-0.0
2007-01-29,Stifel,Not Provided,3.0,hold,-0.0
2007-01-29,Credit Suisse,12 month,5.0,outperform,40.0
2007-01-30,Goldman Sachs,Not Provided,3.0,neutral/neutral,35.35
2007-01-30,Raymond James,Not Provided,3.0,market perform,-0.0
2007-01-30,Baird,Not Provided,3.0,neutral,36.28
2007-01-30,Bear Stearns & Co,Not Provided,5.0,outperform,40.0
2007-01-30,Cowen,Not Provided,5.0,outperform,-0.0
2007-01-30,Gleacher & Company,Not Provided,5.0,buy,-0.0
2007-01-30,BMO Capital Markets,12 month,3.0,market perform,38.14
2007-01-30,Soleil Securities,Not Provided,5.0,buy,39.07
2007-01-30,S&P Capital IQ,12 month,3.0,hold,36.28
2007-01-31,HSBC,Not Provided,5.0,overweight,38.14
2007-02-01,Atlantic Equities LLP,Not Provided,3.0,neutral,-0.0
2007-02-05,Cowen,Not Provided,5.0,outperform,-0.0
2007-02-09,EVA Dimensions,Not Provided,5.0,strong buy,-0.0
2007-02-12,Soleil Securities,Not Provided,5.0,buy,39.07
2007-02-13,BMO Capital Markets,12 month,3.0,market perform,38.14
2007-02-13,Credit Suisse,12 month,5.0,outperform,40.0
2007-02-13,Stifel,Not Provided,3.0,hold,-0.0
2007-02-21,HSBC,Not Provided,5.0,overweight,38.14
2007-02-22,Hilliard Lyons,Not Provided,3.0,neutral,-0.0
2007-03-02,BMO Capital Markets,12 month,3.0,market perform,38.14
2007-03-09,BMO Capital Markets,12 month,3.0,market perform,38.14
2007-03-16,Atlantic Equities LLP,Not Provided,3.0,neutral,-0.0
2007-03-23,BMO Capital Markets,12 month,3.0,market perform,38.14
2007-04-12,HSBC,Not Provided,5.0,overweight,40.0
2007-04-19,Soleil Securities,Not Provided,5.0,buy,39.07
2007-04-23,Prudential Equity Group Inc,12 month,1.0,underweight,29.77
2007-04-30,Soleil Securities,Not Provided,3.0,hold,32.56
2007-04-30,Thomas Weisel Partners,Not Provided,3.0,market weight,-0.0
2007-04-30,J.P. Morgan,Not Provided,3.0,neutral,-0.0
2007-04-30,Stifel,Not Provided,3.0,hold,-0.0
2007-04-30,Atlantic Equities LLP,Not Provided,3.0,neutral,-0.0
2007-04-30,Prudential Equity Group Inc,12 month,1.0,underweight,29.77
2007-04-30,BMO Capital Markets,12 month,3.0,market perform,38.14
2007-04-30,UBS,Not Provided,3.0,neutral 1,36.28
2007-04-30,Wells Fargo Securities,Not Provided,3.0,market perform,35.35
2007-05-01,Gleacher & Company,Not Provided,5.0,buy,-0.0
2007-05-01,Prudential Equity Group Inc,Not Provided,3.0,neutral weight,34.42
2007-05-01,Goldman Sachs,Not Provided,3.0,neutral/neutral,37.21
2007-05-01,Credit Suisse,12 month,5.0,outperform,40.0
2007-05-01,Baird,Not Provided,3.0,neutral,36.28
2007-05-01,RBC Capital Markets,Not Provided,3.0,sector perform,35.35
2007-05-02,Soleil Securities,Not Provided,5.0,buy,39.07
2007-05-02,Atlantic Equities LLP,Not Provided,3.0,neutral,-0.0
2007-05-03,EVA Dimensions,Not Provided,5.0,strong buy,-0.0
2007-05-03,A.G. Edwards & Sons Inc,Not Provided,5.0,buy,41.86
2007-05-07,Raymond James,Not Provided,3.0,market perform,35.33
2007-05-07,BMO Capital Markets,12 month,3.0,market perform,41.3
2007-05-07,HSBC,Not Provided,5.0,overweight,40.0
2007-05-15,Davenport & Co,Not Provided,5.0,buy,41.86
2007-05-17,EVA Dimensions,Not Provided,5.0,strong buy,-0.0
2007-05-21,Gleacher & Company,Not Provided,5.0,buy,-0.0
2007-05-29,Argus Research Corp,Not Provided,3.0,hold,-0.0
2007-05-31,Buckingham Research Group,Not Provided,3.0,neutral,38.14
2007-06-07,Barclays,Not Provided,5.0,overwt/positive,42.79
2007-06-07,Davenport & Co,Not Provided,5.0,buy,44.65
2007-06-11,CIBC World Markets,Not Provided,3.0,sector perform,-0.0
2007-06-14,HSBC,Not Provided,5.0,overweight,46.51
2007-06-14,Bear Stearns & Co,Not Provided,5.0,outperform,43.72
2007-06-14,Cowen,Not Provided,5.0,outperform,-0.0
2007-06-19,UBS,Not Provided,3.0,neutral 1,40.93
2007-06-22,Davenport & Co,Not Provided,3.0,neutral,40.93
2007-06-26,Soleil Securities,Not Provided,1.0,sell,32.56
2007-06-28,A.G. Edwards & Sons Inc,Not Provided,5.0,buy,41.86
2007-07-11,A.G. Edwards & Sons Inc,Not Provided,5.0,buy,41.86
2007-07-13,"Ameriprise Advisor Services, Inc",Not Provided,5.0,buy,-0.0
2007-07-16,Atlantic Equities LLP,Not Provided,3.0,neutral,-0.0
2007-07-17,BMO Capital Markets,12 month,3.0,market perform,40.93
2007-07-19,Atlantic Equities LLP,Not Provided,3.0,neutral,-0.0
2007-07-19,Credit Suisse,12 month,5.0,outperform,40.0
2007-07-20,Raymond James,Not Provided,1.0,underperform,-0.0
2007-07-20,J.P. Morgan,Not Provided,3.0,neutral,-0.0
2007-07-23,BMO Capital Markets,12 month,3.0,market perform,40.93
2007-07-23,RBC Capital Markets,Not Provided,3.0,sector perform,35.35
2007-07-30,HSBC,Not Provided,5.0,overweight,46.51
2007-07-30,Wells Fargo Securities,Not Provided,3.0,market perform,36.74
2007-07-30,Soleil Securities,Not Provided,1.0,sell,40.93
2007-07-30,Goldman Sachs,Not Provided,3.0,neutral/neutral,40.93
2007-07-30,Atlantic Equities LLP,Not Provided,5.0,overweight,-0.0
2007-07-31,Raymond James,Not Provided,1.0,underperform,-0.0
2007-07-31,Thomas Weisel Partners,Not Provided,3.0,market weight,44.65
2007-07-31,BMO Capital Markets,12 month,3.0,market perform,40.93
2007-07-31,A.G. Edwards & Sons Inc,Not Provided,5.0,buy,41.86
2007-07-31,UBS,Not Provided,5.0,buy,44.65
2007-07-31,Credit Suisse,12 month,5.0,outperform,41.86
2007-07-31,Baird,Not Provided,3.0,neutral,39.07
2007-08-01,RBC Capital Markets,Not Provided,3.0,sector perform,38.14
2007-08-06,Atlantic Equities LLP,Not Provided,3.0,neutral,-0.0
2007-08-07,A.G. Edwards & Sons Inc,Not Provided,5.0,buy,41.86
2007-08-08,BMO Capital Markets,12 month,3.0,market perform,40.93
2007-08-10,EVA Dimensions,Not Provided,5.0,strong buy,-0.0
2007-08-15,Buckingham Research Group,Not Provided,3.0,neutral,39.07
2007-08-15,A.G. Edwards & Sons Inc,Not Provided,5.0,buy,41.86
2007-09-06,A.G. Edwards & Sons Inc,Not Provided,5.0,buy,41.86
2007-09-06,Edward Jones,Not Provided,5.0,buy,-0.0
2007-09-07,Edward Jones,Not Provided,5.0,buy,-0.0
2007-09-12,UBS,12 month,5.0,buy,44.65
2007-09-20,BMO Capital Markets,12 month,3.0,market perform,40.93
2007-09-21,Buckingham Research Group,Not Provided,4.0,accumulate,46.51
2007-10-04,Argus Research Corp,Not Provided,3.0,hold,-0.0
2007-10-09,Bear Stearns & Co,Not Provided,5.0,outperform,47.44
2007-10-09,EVA Dimensions,Not Provided,5.0,strong buy,-0.0
2007-10-10,UBS,12 month,5.0,buy,47.44
2007-10-15,BMO Capital Markets,12 month,3.0,market perform,44.65
2007-10-16,Goldman Sachs,Not Provided,3.0,neutral/neutral,42.79
2007-10-17,Bernstein,Not Provided,3.0,market perform,40.93
2007-10-19,J.P. Morgan,Not Provided,3.0,neutral,-0.0
2007-10-25,Morgan Stanley,Not Provided,3.0,Equalwt/In-Line,33.49
2007-10-29,Thomas Weisel Partners,Not Provided,3.0,market weight,44.65
2007-10-29,Soleil Securities,Not Provided,1.0,sell,37.21
2007-10-29,Davenport & Co,Not Provided,3.0,neutral,46.51
2007-10-29,Stifel,Not Provided,3.0,hold,-0.0
2007-10-29,Credit Suisse,12 month,5.0,outperform,48.37
2007-10-29,Morgan Stanley,Not Provided,3.0,Equalwt/In-Line,33.49
2007-10-29,Wells Fargo Securities,Not Provided,3.0,market perform,42.79
2007-10-30,Baird,Not Provided,3.0,neutral,43.72
2007-10-30,Hilliard Lyons,Not Provided,3.0,neutral,-0.0
2007-10-30,BMO Capital Markets,12 month,3.0,market perform,44.65
2007-10-30,RBC Capital Markets,Not Provided,3.0,sector perform,40.93
2007-10-30,Atlantic Equities LLP,Not Provided,3.0,neutral,-0.0
2007-10-30,Raymond James,Not Provided,3.0,market perform,-0.0
2007-10-30,Barclays,Not Provided,5.0,overwt/positive,46.51
2007-10-30,HSBC,Not Provided,5.0,overweight,46.51
2007-11-06,Bernstein,Not Provided,3.0,market perform,40.93
2007-11-07,Morgan Stanley,Not Provided,3.0,Equalwt/In-Line,-0.0
2007-11-19,Bernstein,Not Provided,3.0,market perform,40.93
2007-11-23,UBS,12 month,5.0,buy,47.44
2007-11-27,Edward Jones,Not Provided,5.0,buy,-0.0
2007-11-29,Raymond James,Not Provided,3.0,market perform,-0.0
2007-11-29,Bernstein,Not Provided,3.0,market perform,40.93
2007-11-30,UBS,12 month,5.0,buy,47.44
2007-12-03,BMO Capital Markets,12 month,3.0,market perform,44.65
2007-12-05,Edward Jones,Not Provided,5.0,buy,-0.0
2007-12-18,Edward Jones,Not Provided,5.0,buy,-0.0
2007-12-21,EVA Dimensions,Not Provided,5.0,strong buy,-0.0
2008-01-11,Davenport & Co,Not Provided,5.0,buy,47.44
2008-01-14,Oppenheimer & Co,Not Provided,3.0,market perform,-0.0
2008-01-14,Bernstein,Not Provided,3.0,market perform,40.93
2008-01-17,Raymond James,Not Provided,3.0,market perform,-0.0
2008-01-18,Bernstein,Not Provided,3.0,market perform,38.14
2008-01-28,Raymond James,Not Provided,3.0,market perform,-0.0
2008-01-28,Atlantic Equities LLP,Not Provided,3.0,neutral,-0.0
2008-01-28,Stifel,Not Provided,3.0,hold,-0.0
2008-01-28,Oppenheimer & Co,Not Provided,3.0,market perform,-0.0
2008-01-28,Morgan Stanley,Not Provided,3.0,Equalwt/In-Line,-0.0
2008-01-29,Davenport & Co,Not Provided,5.0,buy,47.44
2008-01-29,RBC Capital Markets,Not Provided,3.0,sector perform,40.0
2008-01-29,Wells Fargo Securities,Not Provided,3.0,market perform,38.14
2008-01-29,BMO Capital Markets,12 month,3.0,market perform,41.86
2008-01-29,Baird,Not Provided,3.0,neutral,37.21
2008-01-29,UBS,12 month,5.0,buy,47.44
2008-01-29,Credit Suisse,12 month,5.0,outperform,48.37
2008-01-31,Atlantic Equities LLP,Not Provided,3.0,neutral,-0.0
2008-02-01,Bernstein,Not Provided,3.0,market perform,38.14
2008-02-07,Bernstein,Not Provided,3.0,market perform,38.14
2008-02-07,Hilliard Lyons,Not Provided,3.0,neutral,-0.0
2008-02-08,Cowen,Not Provided,5.0,outperform,-0.0
2008-02-14,HSBC,12 month,5.0,overweight,46.51
2008-02-15,Bernstein,Not Provided,3.0,market perform,38.14
2008-02-19,Edward Jones,Not Provided,5.0,buy,-0.0
2008-02-19,UBS,12 month,5.0,buy,38.14
2008-02-20,Raymond James,Not Provided,3.0,market perform,-0.0
2008-02-20,Credit Suisse,12 month,3.0,neutral,37.21
2008-02-22,Bernstein,Not Provided,3.0,market perform,38.14
2008-02-25,BMO Capital Markets,12 month,3.0,market perform,41.86
2008-02-26,Edward Jones,Not Provided,5.0,buy,-0.0
2008-02-27,Cowen,Not Provided,5.0,outperform,-0.0
2008-03-05,"Ameriprise Advisor Services, Inc",Not Provided,5.0,buy,-0.0
2008-03-11,Bear Stearns & Co,Not Provided,5.0,outperform,47.44
2008-03-25,Edward Jones,Not Provided,5.0,buy,-0.0
2008-03-25,Bernstein,Not Provided,3.0,market perform,38.14
2008-04-01,EVA Dimensions,Not Provided,5.0,strong buy,-0.0
2008-04-01,Edward Jones,Not Provided,5.0,buy,-0.0
2008-04-02,Raymond James,Not Provided,3.0,market perform,-0.0
2008-04-04,Bernstein,Not Provided,3.0,market perform,34.57
2008-04-04,Thomas Weisel Partners,Not Provided,3.0,market weight,44.85
2008-04-04,BMO Capital Markets,12 month,3.0,market perform,39.24
2008-04-07,Barclays,Not Provided,5.0,overwt/positive,44.85
2008-04-08,Wells Fargo Securities,Not Provided,3.0,market perform,38.31
2008-04-08,Edward Jones,Not Provided,5.0,buy,-0.0
2008-04-09,Bernstein,Not Provided,3.0,market perform,34.57
2008-04-09,Raymond James,Not Provided,3.0,market perform,-0.0
2008-04-09,Soleil Securities,Not Provided,5.0,buy,42.98
2008-04-15,BMO Capital Markets,12 month,3.0,market perform,39.24
2008-04-18,RBC Capital Markets,Not Provided,3.0,sector perform,40.18
2008-04-21,RBC Capital Markets,Not Provided,3.0,sector perform,40.18
2008-04-23,Morgan Stanley,Not Provided,3.0,Equalwt/In-Line,-0.0
2008-04-28,Oppenheimer & Co,Not Provided,3.0,market perform,-0.0
2008-04-28,Davenport & Co,Not Provided,5.0,buy,47.65
2008-04-28,Stifel,Not Provided,5.0,buy,42.05
2008-04-28,BMO Capital Markets,12 month,3.0,market perform,39.24
2008-04-29,J.P. Morgan,Not Provided,3.0,neutral,-0.0
2008-04-29,Cowen,Not Provided,5.0,outperform,-0.0
2008-04-29,Morgan Stanley,Not Provided,3.0,Equalwt/In-Line,-0.0
2008-04-29,Raymond James,Not Provided,3.0,market perform,-0.0
2008-04-29,Wells Fargo Securities,Not Provided,3.0,market perform,38.31
2008-04-29,RBC Capital Markets,Not Provided,3.0,sector perform,40.18
2008-04-29,Hilliard Lyons,Not Provided,3.0,neutral,-0.0
2008-04-29,Soleil Securities,Not Provided,5.0,buy,42.98
2008-04-29,Bear Stearns & Co,Not Provided,5.0,outperform,43.92
2008-04-29,Credit Suisse,12 month,3.0,neutral,37.38
2008-04-29,Baird,Not Provided,3.0,neutral,37.38
2008-05-02,Bernstein,Not Provided,3.0,market perform,34.57
2008-05-02,Atlantic Equities LLP,Not Provided,5.0,overweight,42.98
2008-05-07,Edward Jones,Not Provided,5.0,buy,-0.0
2008-05-09,Bernstein,Not Provided,3.0,market perform,34.57
2008-05-15,HSBC,12 month,5.0,overweight,46.72
2008-06-02,J.P. Morgan,Not Provided,5.0,overweight,42.98
2008-06-04,Bernstein,Not Provided,3.0,market perform,34.57
2008-06-05,J.P. Morgan,Not Provided,5.0,overweight,42.98
2008-06-05,Edward Jones,Not Provided,5.0,buy,-0.0
2008-06-05,Atlantic Equities LLP,Not Provided,5.0,overweight,-0.0
2008-06-05,Thomas Weisel Partners,12 month,3.0,market weight,44.85
2008-06-05,Goldman Sachs,Not Provided,-2147483648.0,not rated,-0.0
2008-06-05,UBS,12 month,5.0,buy,38.31
2008-06-05,Morgan Stanley,Not Provided,-2147483648.0,restricted,-0.0
2008-06-06,Cowen,Not Provided,5.0,outperform,-0.0
2008-06-06,Oppenheimer & Co,Not Provided,3.0,market perform,-0.0
2008-06-06,Wells Fargo Securities,Not Provided,3.0,market perform,38.31
2008-06-06,BMO Capital Markets,Not Provided,5.0,outperform,42.05
2008-06-06,Argus Research Corp,Not Provided,5.0,buy,-0.0
2008-06-06,Baird,Not Provided,3.0,neutral,39.24
2008-06-06,Stifel,Not Provided,5.0,buy,42.05
2008-06-06,Credit Suisse,12 month,3.0,neutral,37.38
2008-06-06,Raymond James,Not Provided,3.0,market perform,-0.0
2008-06-14,Bernstein,Not Provided,3.0,market perform,41.11
2008-06-16,Cowen,Not Provided,5.0,outperform,-0.0
2008-06-16,UBS,12 month,3.0,neutral,37.38
2008-06-25,J.P. Morgan,Not Provided,5.0,overweight,42.98
2008-07-01,Edward Jones,Not Provided,5.0,buy,-0.0
2008-07-03,Credit Suisse,12 month,3.0,neutral,37.38
2008-07-07,Oppenheimer & Co,Not Provided,3.0,market perform,-0.0
2008-07-10,Barclays,Not Provided,5.0,overwt/positive,41.11
2008-07-15,Atlantic Equities LLP,Not Provided,5.0,overweight,-0.0
2008-07-16,Oppenheimer & Co,Not Provided,3.0,market perform,-0.0
2008-07-22,Credit Suisse,12 month,3.0,neutral,37.38
2008-07-22,BMO Capital Markets,Not Provided,5.0,outperform,42.05
2008-07-25,Bernstein,Not Provided,3.0,market perform,34.57
2008-07-28,Credit Suisse,12 month,3.0,neutral,37.38
2008-07-28,Soleil Securities,Not Provided,5.0,buy,42.98
2008-07-28,BMO Capital Markets,Not Provided,5.0,outperform,42.05
2008-07-28,Thomas Weisel Partners,12 month,3.0,market weight,36.44
2008-07-28,Atlantic Equities LLP,Not Provided,5.0,overweight,-0.0
2008-07-28,Stifel,Not Provided,5.0,buy,40.18
2008-07-28,Davenport & Co,Not Provided,5.0,buy,47.65
2008-07-28,Oppenheimer & Co,Not Provided,3.0,market perform,-0.0
2008-07-28,Edward Jones,Not Provided,5.0,buy,-0.0
2008-07-29,J.P. Morgan,Not Provided,5.0,overweight,40.18
2008-07-29,RBC Capital Markets,Not Provided,3.0,sector perform,34.57
2008-07-29,Wells Fargo Securities,Not Provided,3.0,market perform,-0.0
2008-07-29,Raymond James,Not Provided,3.0,market perform,-0.0
2008-07-29,Baird,Not Provided,3.0,neutral,36.44
2008-07-30,Bernstein,Not Provided,3.0,market perform,34.57
2008-07-31,Atlantic Equities LLP,Not Provided,5.0,overweight,-0.0
2008-07-31,BMO Capital Markets,Not Provided,5.0,outperform,42.05
2008-07-31,Hilliard Lyons,Not Provided,3.0,neutral,-0.0
2008-08-01,EVA Dimensions,Not Provided,5.0,strong buy,-0.0
2008-08-06,Bernstein,Not Provided,3.0,market perform,34.57
2008-08-11,Credit Suisse,12 month,3.0,neutral,37.38
2008-08-11,UBS,12 month,3.0,neutral,34.57
2008-08-15,Soleil Securities,Not Provided,3.0,hold,34.57
2008-08-25,Edward Jones,Not Provided,5.0,buy,-0.0
2008-09-10,J.P. Morgan,Not Provided,5.0,overweight,40.18
2008-09-12,BMO Capital Markets,Not Provided,5.0,outperform,40.18
2008-09-12,Credit Suisse,12 month,3.0,neutral,37.38
2008-09-17,Atlantic Equities LLP,Not Provided,5.0,overweight,-0.0
2008-09-18,Raymond James,Not Provided,3.0,market perform,-0.0
2008-09-19,Bernstein,Not Provided,3.0,market perform,34.57
2008-09-19,BMO Capital Markets,Not Provided,5.0,outperform,40.18
2008-09-22,UBS,12 month,3.0,neutral,34.57
2008-09-22,Soleil Securities,Not Provided,5.0,buy,37.38
2008-09-24,Barclays,Not Provided,5.0,overwt/positive,41.11
2008-09-29,HSBC,Not Provided,5.0,overweight,39.24
2008-09-29,Oppenheimer & Co,Not Provided,3.0,market perform,-0.0
2008-10-01,Stifel,Not Provided,5.0,buy,-0.0
2008-10-06,Stifel,Not Provided,5.0,buy,-0.0
2008-10-07,Credit Suisse,12 month,3.0,neutral,37.38
2008-10-08,Bernstein,Not Provided,3.0,market perform,29.9
2008-10-08,RBC Capital Markets,Not Provided,3.0,sector perform,28.97
2008-10-09,Soleil Securities,Not Provided,5.0,buy,-0.0
2008-10-10,Atlantic Equities LLP,Not Provided,5.0,overweight,31.77
2008-10-10,Bernstein,Not Provided,3.0,market perform,34.57
2008-10-14,Oppenheimer & Co,18 month,3.0,market perform,27.03
2008-10-15,J.P. Morgan,Not Provided,5.0,overweight,-0.0
2008-10-16,EVA Dimensions,Not Provided,5.0,buy,-0.0
2008-10-16,J.P. Morgan,Not Provided,5.0,overweight,36.44
2008-10-16,Macquarie,Not Provided,3.0,neutral,28.03
2008-10-20,Stifel,Not Provided,5.0,buy,-0.0
2008-10-22,Oppenheimer & Co,Not Provided,3.0,market perform,-0.0
2008-10-27,Stifel,Not Provided,5.0,buy,40.18
2008-10-27,Davenport & Co,Not Provided,5.0,buy,39.24
2008-10-27,Thomas Weisel Partners,12 month,3.0,market weight,34.57
2008-10-27,Soleil Securities,Not Provided,5.0,buy,33.64
2008-10-28,RBC Capital Markets,Not Provided,3.0,sector perform,28.03
2008-10-28,Bernstein,Not Provided,3.0,market perform,29.9
2008-10-28,Macquarie,Not Provided,3.0,neutral,28.03
2008-10-28,Wells Fargo Securities,Not Provided,3.0,market perform,-0.0
2008-10-28,BMO Capital Markets,Not Provided,5.0,outperform,32.7
2008-10-28,Raymond James,Not Provided,3.0,market perform,-0.0
2008-10-28,Baird,Not Provided,3.0,neutral,28.97
2008-10-28,UBS,12 month,3.0,neutral,34.57
2008-10-28,Barclays,Not Provided,5.0,overwt/positive,37.38
2008-10-28,Credit Suisse,Not Provided,3.0,neutral,30.83
2008-10-29,Atlantic Equities LLP,Not Provided,5.0,overweight,-0.0
2008-10-29,Oppenheimer & Co,Not Provided,3.0,market perform,-0.0
2008-10-30,Hilliard Lyons,Not Provided,3.0,neutral,-0.0
2008-11-03,Wells Fargo Securities,Not Provided,3.0,market perform,-0.0
2008-11-04,UBS,Not Provided,3.0,neutral,31.77
2008-11-04,Oppenheimer & Co,Not Provided,3.0,market perform,-0.0
2008-11-04,Soleil Securities,Not Provided,5.0,buy,-0.0
2008-11-05,J.P. Morgan,Not Provided,5.0,overweight,-0.0
2008-11-06,BMO Capital Markets,Not Provided,5.0,outperform,32.7
2008-11-12,Bernstein,Not Provided,3.0,market perform,29.9
2008-11-18,Bernstein,Not Provided,3.0,market perform,29.9
2008-11-20,Davenport & Co,Not Provided,5.0,buy,39.24
2008-11-21,Wells Fargo Securities,Not Provided,3.0,market perform,-0.0
2008-11-24,Stifel,Not Provided,5.0,buy,-0.0
2008-11-26,Bernstein,Not Provided,3.0,market perform,29.9
2008-12-02,J.P. Morgan,3 month,5.0,overweight,36.44
2008-12-08,Oppenheimer & Co,Not Provided,3.0,market perform,-0.0
2008-12-08,J.P. Morgan,3 month,5.0,overweight,36.44
2008-12-08,BMO Capital Markets,Not Provided,5.0,outperform,34.57
2008-12-10,FBR Capital Markets,12 month,5.0,outperform,38.31
2008-12-11,Macquarie,Not Provided,3.0,neutral,33.64
2008-12-11,Bernstein,Not Provided,3.0,market perform,29.9
2008-12-17,EVA Dimensions,Not Provided,3.0,hold,-0.0
2008-12-31,J.P. Morgan,Not Provided,5.0,overweight,-0.0
2009-01-05,Bernstein,Not Provided,1.0,underperform,25.23
2009-01-08,Soleil Securities,Not Provided,5.0,buy,33.64
2009-01-09,Morgan Stanley,Not Provided,-2147483648.0,not rated,-0.0
2009-01-10,Edward Jones,Not Provided,5.0,buy,-0.0
2009-01-12,BMO Capital Markets,Not Provided,5.0,outperform,34.57
2009-01-12,Gabelli & Co,Not Provided,5.0,buy,-0.0
2009-01-13,HSBC,Not Provided,5.0,overweight,35.51
2009-01-16,Bernstein,Not Provided,1.0,underperform,25.23
2009-01-20,Soleil Securities,Not Provided,5.0,buy,33.64
2009-01-20,Stifel,Not Provided,5.0,buy,40.18
2009-01-22,Morgan Stanley,Not Provided,3.0,Equalwt/Attractive,-0.0
2009-01-27,Soleil Securities,Not Provided,5.0,buy,33.64
2009-01-27,Bernstein,Not Provided,1.0,underperform,25.23
2009-01-27,Stifel,Not Provided,5.0,buy,40.18
2009-01-27,BMO Capital Markets,Not Provided,5.0,outperform,34.57
2009-01-27,Thomas Weisel Partners,12 month,3.0,market weight,31.77
2009-01-27,Macquarie,Not Provided,3.0,neutral,33.64
2009-01-27,Atlantic Equities LLP,Not Provided,5.0,overweight,-0.0
2009-01-27,Davenport & Co,Not Provided,5.0,buy,36.44
2009-01-27,Oppenheimer & Co,Not Provided,3.0,market perform,-0.0
2009-01-28,RBC Capital Markets,Not Provided,3.0,sector perform,28.03
2009-01-28,Gabelli & Co,Not Provided,5.0,buy,-0.0
2009-01-28,J.P. Morgan,9 month,5.0,overweight,33.64
2009-01-28,UBS,Not Provided,3.0,neutral,31.77
2009-01-28,Wells Fargo Securities,Not Provided,3.0,market perform,-0.0
2009-01-28,BMO Capital Markets,Not Provided,5.0,outperform,32.7
2009-01-28,Argus Research Corp,Not Provided,5.0,buy,-0.0
2009-01-28,Raymond James,Not Provided,3.0,market perform,-0.0
2009-01-28,Baird,Not Provided,3.0,neutral,28.03
2009-01-29,Macquarie,Not Provided,3.0,neutral,33.64
2009-01-30,Soleil Securities,Not Provided,5.0,buy,33.64
2009-01-30,McAdams Wright Ragen Inc,Not Provided,5.0,buy,37.38
2009-01-30,Bernstein,Not Provided,1.0,underperform,25.23
2009-02-01,Goldman Sachs,12 month,3.0,neutral/neutral,30.83
2009-02-02,Stifel,Not Provided,5.0,buy,40.18
2009-02-05,Soleil Securities,Not Provided,5.0,buy,33.64
2009-02-05,Bernstein,Not Provided,1.0,underperform,25.23
2009-02-09,Stifel,Not Provided,5.0,buy,40.18
2009-02-09,Edward Jones,Not Provided,5.0,buy,-0.0
2009-02-09,Atlantic Equities LLP,Not Provided,5.0,overweight,33.64
2009-02-11,UBS,Not Provided,3.0,neutral,31.77
2009-02-12,Soleil Securities,Not Provided,5.0,buy,33.64
2009-02-13,Bernstein,Not Provided,1.0,underperform,25.23
2009-02-18,Stifel,Not Provided,5.0,buy,40.18
2009-02-18,Hudson Square Research,Not Provided,3.0,hold,-0.0
2009-02-19,Goldman Sachs,12 month,5.0,Buy/Neutral,30.83
2009-02-19,Soleil Securities,Not Provided,5.0,buy,33.64
2009-02-20,Wells Fargo Securities,Not Provided,3.0,market perform,-0.0
2009-02-23,Stifel,Not Provided,5.0,buy,40.18
2009-02-23,Davenport & Co,Not Provided,5.0,buy,36.44
2009-02-24,Macquarie,12 month,3.0,neutral,33.64
2009-02-24,Edward Jones,Not Provided,5.0,buy,-0.0
2009-02-27,RBC Capital Markets,Not Provided,5.0,outperform,31.77
2009-02-27,Soleil Securities,Not Provided,5.0,buy,33.64
2009-03-02,Stifel,Not Provided,5.0,buy,40.18
2009-03-05,UBS,Not Provided,5.0,buy,31.77
2009-03-05,Bernstein,Not Provided,1.0,underperform,25.23
2009-03-09,Stifel,Not Provided,5.0,buy,40.18
2009-03-14,Macquarie,12 month,3.0,neutral,33.64
2009-03-16,Edward Jones,Not Provided,5.0,buy,-0.0
2009-03-17,Stifel,Not Provided,5.0,buy,-0.0
2009-03-18,Bernstein,Not Provided,1.0,underperform,25.23
2009-03-23,Stifel,Not Provided,5.0,buy,-0.0
2009-03-23,Soleil Securities,Not Provided,5.0,buy,-0.0
2009-03-24,Oppenheimer & Co,Not Provided,3.0,market perform,-0.0
2009-03-25,Bernstein,12 month,1.0,underperform,25.23
2009-03-30,Stifel,Not Provided,5.0,buy,-0.0
2009-03-31,Soleil Securities,Not Provided,5.0,buy,-0.0
2009-04-06,Stifel,12 month,5.0,buy,40.18
2009-04-06,Bernstein,12 month,1.0,underperform,25.23
2009-04-06,Wells Fargo Securities,Not Provided,3.0,market perform,-0.0
2009-04-13,Stifel,12 month,5.0,buy,40.18
2009-04-14,Bernstein,Not Provided,1.0,underperform,25.23
2009-04-15,Edward Jones,Not Provided,5.0,buy,-0.0
2009-04-20,Stifel,12 month,5.0,buy,40.18
2009-04-21,HSBC,Not Provided,5.0,overweight,35.51
2009-04-23,AURIGA,Not Provided,5.0,buy,37.38
2009-04-23,Piper Jaffray,12 month,3.0,neutral,30.83
2009-04-23,Bernstein,12 month,1.0,underperform,25.23
2009-04-27,Thomas Weisel Partners,12 month,3.0,market weight,30.83
2009-04-27,Davenport & Co,Not Provided,5.0,buy,36.44
2009-04-27,Goldman Sachs,12 month,5.0,Buy/Neutral,31.77
2009-04-27,Edward Jones,Not Provided,5.0,buy,-0.0
2009-04-27,Wells Fargo Securities,Not Provided,3.0,market perform,-0.0
2009-04-27,Stifel,12 month,5.0,buy,40.18
2009-04-27,Oppenheimer & Co,Not Provided,3.0,market perform,-0.0
2009-04-27,Hudson Square Research,Not Provided,3.0,hold,-0.0
2009-04-27,Piper Jaffray,12 month,3.0,neutral,30.83
2009-04-28,Raymond James,Not Provided,3.0,market perform,-0.0
2009-04-28,UBS,Not Provided,5.0,buy,31.77
2009-04-28,RBC Capital Markets,Not Provided,5.0,outperform,31.77
2009-04-28,Gabelli & Co,Not Provided,5.0,buy,-0.0
2009-04-28,Baird,12 month,3.0,neutral,29.9
2009-04-28,AURIGA,12 month,5.0,buy,37.38
2009-04-28,Macquarie,12 month,3.0,neutral,33.64
2009-04-28,BMO Capital Markets,Not Provided,5.0,outperform,32.7
2009-04-28,Bernstein,Not Provided,1.0,underperform,25.23
2009-04-28,Hilliard Lyons,Not Provided,3.0,neutral,-0.0
2009-04-28,Barclays,Not Provided,5.0,overwt/positive,34.57
2009-04-29,Atlantic Equities LLP,Not Provided,5.0,overweight,33.64
2009-04-30,FBR Capital Markets,18 month,5.0,outperform,34.57
2009-05-04,Stifel,12 month,5.0,buy,40.18
2009-05-07,J.P. Morgan,6 month,3.0,neutral,29.9
2009-05-11,Stifel,Not Provided,5.0,buy,-0.0
2009-05-13,Edward Jones,Not Provided,5.0,buy,-0.0
2009-05-13,Atlantic Equities LLP,Not Provided,5.0,overweight,33.64
2009-05-13,Bernstein,Not Provided,1.0,underperform,25.23
2009-05-14,Baird,12 month,3.0,neutral,29.9
2009-05-14,BMO Capital Markets,Not Provided,5.0,outperform,32.7
2009-05-14,Davenport & Co,Not Provided,5.0,buy,36.44
2009-05-14,UBS,Not Provided,5.0,buy,31.77
2009-05-14,AURIGA,12 month,5.0,buy,37.38
2009-05-14,Oppenheimer & Co,Not Provided,3.0,market perform,-0.0
2009-05-15,Davenport & Co,Not Provided,5.0,buy,36.44
2009-05-15,Bernstein,12 month,1.0,underperform,25.23
2009-05-18,Edward Jones,Not Provided,5.0,buy,-0.0
2009-05-19,Wells Fargo Securities,Not Provided,3.0,market perform,-0.0
2009-05-19,Stifel,Not Provided,5.0,buy,-0.0
2009-05-26,Stifel,Not Provided,5.0,buy,-0.0
2009-05-26,AURIGA,12 month,5.0,buy,37.38
2009-05-28,Macquarie,12 month,3.0,neutral,33.64
2009-05-29,HSBC,Not Provided,5.0,overweight,35.51
2009-05-29,Bernstein,12 month,1.0,underperform,25.23
2009-06-01,Stifel,Not Provided,5.0,buy,-0.0
2009-06-05,BMO Capital Markets,Not Provided,5.0,outperform,32.7
2009-06-05,Bernstein,12 month,1.0,underperform,25.23
2009-06-08,Stifel,Not Provided,5.0,buy,-0.0
2009-06-09,BMO Capital Markets,Not Provided,5.0,outperform,32.7
2009-06-11,Bernstein,12 month,1.0,underperform,25.23
2009-06-12,AURIGA,Not Provided,5.0,buy,37.38
2009-06-15,Stifel,Not Provided,5.0,buy,-0.0
2009-06-16,Barclays,Not Provided,5.0,overwt/neutral,31.77
2009-06-17,Pali International,12 month,5.0,buy,36.44
2009-06-17,UBS,Not Provided,5.0,buy,31.77
2009-06-19,Edward Jones,Not Provided,5.0,buy,-0.0
2009-06-19,Bernstein,12 month,1.0,underperform,25.23
2009-06-22,Stifel,Not Provided,5.0,buy,-0.0
2009-06-23,Hilliard Lyons,Not Provided,5.0,buy,-0.0
2009-06-26,Bernstein,Not Provided,1.0,underperform,25.23
2009-06-29,Stifel,Not Provided,5.0,buy,-0.0
2009-07-01,Piper Jaffray,12 month,3.0,neutral,30.83
2009-07-02,Bernstein,12 month,1.0,underperform,25.23
2009-07-06,Atlantic Equities LLP,12 month,5.0,overweight,27.76
2009-07-06,Edward Jones,Not Provided,5.0,buy,-0.0
2009-07-06,Wells Fargo Securities,Not Provided,3.0,market perform,-0.0
2009-07-07,Macquarie,12 month,3.0,neutral,33.64
2009-07-10,RBC Capital Markets,12 month,5.0,outperform,31.77
2009-07-13,Stifel,Not Provided,5.0,buy,-0.0
2009-07-13,Bernstein,12 month,1.0,underperform,25.23
2009-07-14,Bernstein,12 month,1.0,underperform,25.23
2009-07-14,Stifel,Not Provided,5.0,buy,40.18
2009-07-15,Raymond James,Not Provided,3.0,market perform,-0.0
2009-07-17,Edward Jones,Not Provided,5.0,buy,-0.0
2009-07-17,Piper Jaffray,12 month,3.0,neutral,30.83
2009-07-17,J.P. Morgan,6 month,3.0,neutral,29.9
2009-07-20,Thomas Weisel Partners,12 month,3.0,market weight,30.83
2009-07-24,UBS,Not Provided,5.0,buy,31.77
2009-07-27,Bernstein,12 month,1.0,underperform,25.23
2009-07-27,Oppenheimer & Co,Not Provided,3.0,market perform,-0.0
2009-07-27,J.P. Morgan,6 month,3.0,neutral,29.9
2009-07-27,Wells Fargo Securities,Not Provided,3.0,market perform,-0.0
2009-07-27,Atlantic Equities LLP,Not Provided,5.0,overweight,-0.0
2009-07-27,Thomas Weisel Partners,12 month,3.0,market weight,30.83
2009-07-27,Davenport & Co,Not Provided,5.0,buy,36.44
2009-07-27,AURIGA,12 month,5.0,buy,37.38
2009-07-27,EVA Dimensions,Not Provided,5.0,buy,-0.0
2009-07-27,Stifel,12 month,5.0,buy,34.57
2009-07-28,Gabelli & Co,Not Provided,5.0,buy,-0.0
2009-07-28,FBR Capital Markets,Not Provided,5.0,outperform,34.57
2009-07-28,Hilliard Lyons,12 month,5.0,buy,33.64
2009-07-28,BMO Capital Markets,Not Provided,5.0,outperform,32.7
2009-07-28,Argus Research Corp,Not Provided,5.0,buy,-0.0
2009-07-28,Pacific Crest Securities,Not Provided,3.0,sector perform,-0.0
2009-07-28,RBC Capital Markets,Not Provided,5.0,outperform,31.77
2009-07-28,UBS,Not Provided,5.0,buy,31.77
2009-07-28,Raymond James,Not Provided,3.0,market perform,-0.0
2009-07-28,J.P. Morgan,18 month,3.0,neutral,31.77
2009-07-28,Macquarie,12 month,3.0,neutral,33.64
2009-07-29,Atlantic Equities LLP,Not Provided,5.0,overweight,-0.0
2009-07-31,Bernstein,12 month,1.0,underperform,25.23
2009-08-03,EVA Dimensions,Not Provided,5.0,buy,-0.0
2009-08-07,Bernstein,12 month,1.0,underperform,25.23
2009-08-10,EVA Dimensions,Not Provided,5.0,buy,-0.0
2009-08-11,Oppenheimer & Co,Not Provided,3.0,market perform,-0.0
2009-08-13,EVA Dimensions,Not Provided,5.0,buy,-0.0
2009-08-17,Macquarie,12 month,3.0,neutral,33.64
2009-08-17,Bernstein,12 month,1.0,underperform,23.36
2009-08-20,BMO Capital Markets,Not Provided,5.0,outperform,32.7
2009-08-20,AURIGA,12 month,5.0,buy,37.38
2009-08-21,Bernstein,12 month,1.0,underperform,23.36
2009-08-25,Edward Jones,Not Provided,5.0,buy,-0.0
2009-08-28,Davenport & Co,Not Provided,5.0,buy,36.44
2009-08-28,Bernstein,Not Provided,1.0,underperform,23.36
2009-09-01,AURIGA,12 month,3.0,hold,31.77
2009-09-03,Edward Jones,Not Provided,5.0,buy,-0.0
2009-09-04,BMO Capital Markets,Not Provided,5.0,outperform,32.7
2009-09-08,RBC Capital Markets,12 month,5.0,outperform,31.77
2009-09-11,Atlantic Equities LLP,Not Provided,5.0,overweight,-0.0
2009-09-11,Wells Fargo Securities,Not Provided,3.0,market perform,-0.0
2009-09-14,BMO Capital Markets,Not Provided,5.0,outperform,32.7
2009-09-14,Bernstein,Not Provided,1.0,underperform,23.36
2009-09-14,Macquarie,12 month,3.0,neutral,32.7
2009-09-16,UBS,Not Provided,3.0,neutral,29.9
2009-09-18,J.P. Morgan,15 month,3.0,neutral,31.77
2009-09-18,Bernstein,12 month,1.0,underperform,23.36
2009-09-21,Stifel,12 month,5.0,buy,34.57
2009-09-21,Raymond James,Not Provided,3.0,market perform,-0.0
2009-09-22,Piper Jaffray,Not Provided,3.0,neutral,28.97
2009-09-23,HSBC,Not Provided,5.0,overweight,35.51
2009-09-25,Bernstein,12 month,1.0,underperform,23.36
2009-09-28,BMO Capital Markets,Not Provided,5.0,outperform,32.7
2009-09-29,RBC Capital Markets,Not Provided,5.0,outperform,30.83
2009-09-29,Davenport & Co,Not Provided,5.0,buy,34.57
2009-10-01,Oppenheimer & Co,Not Provided,3.0,market perform,-0.0
2009-10-02,National Bank Financial,Not Provided,5.0,outperform,32.7
2009-10-05,Edward Jones,Not Provided,5.0,buy,-0.0
2009-10-05,Bernstein,Not Provided,1.0,underperform,23.36
2009-10-06,BMO Capital Markets,Not Provided,5.0,outperform,32.7
2009-10-06,Wells Fargo Securities,Not Provided,3.0,market perform,-0.0
2009-10-07,Goldman Sachs,12 month,5.0,Buy/Neutral,33.64
2009-10-08,AURIGA,12 month,3.0,hold,31.77
2009-10-08,National Bank Financial,12 month,5.0,outperform,32.7
2009-10-09,Oppenheimer & Co,Not Provided,3.0,market perform,-0.0
2009-10-09,FBR Capital Markets,Not Provided,5.0,outperform,34.57
2009-10-12,Bernstein,Not Provided,1.0,underperform,23.36
2009-10-16,Edward Jones,Not Provided,5.0,buy,-0.0
2009-10-19,BMO Capital Markets,Not Provided,5.0,outperform,32.7
2009-10-19,AURIGA,Not Provided,3.0,hold,31.77
2009-10-20,Thomas Weisel Partners,Not Provided,3.0,market weight,30.83
2009-10-20,Oppenheimer & Co,Not Provided,3.0,market perform,-0.0
2009-10-20,Bernstein,Not Provided,1.0,underperform,23.36
2009-10-26,Hilliard Lyons,12 month,5.0,buy,30.83
2009-10-26,Thomas Weisel Partners,12 month,3.0,market weight,30.83
2009-10-26,Oppenheimer & Co,Not Provided,3.0,market perform,-0.0
2009-10-26,Davenport & Co,Not Provided,5.0,buy,34.57
2009-10-26,Stifel,12 month,5.0,buy,32.7
2009-10-26,Edward Jones,Not Provided,5.0,buy,-0.0
2009-10-26,Bernstein,12 month,1.0,underperform,23.36
2009-10-27,UBS,Not Provided,3.0,neutral,29.9
2009-10-27,AURIGA,Not Provided,3.0,hold,28.97
2009-10-27,BMO Capital Markets,Not Provided,5.0,outperform,32.7
2009-10-27,Collins Stewart,Not Provided,3.0,hold,28.03
2009-10-27,Pacific Crest Securities,Not Provided,3.0,sector perform,-0.0
2009-10-27,RBC Capital Markets,Not Provided,5.0,outperform,30.83
2009-10-27,Credit Suisse,Not Provided,5.0,outperform,29.9
2009-10-27,FBR Capital Markets,Not Provided,5.0,outperform,34.57
2009-10-27,Macquarie,12 month,3.0,neutral,31.77
2009-10-27,J.P. Morgan,15 month,3.0,neutral,31.77
2009-10-27,Wells Fargo Securities,Not Provided,5.0,outperform,-0.0
2009-10-27,National Bank Financial,Not Provided,5.0,outperform,32.7
2009-10-27,Atlantic Equities LLP,Not Provided,5.0,overweight,33.64
2009-10-27,Raymond James,Not Provided,3.0,market perform,-0.0
2009-10-29,Argus Research Corp,Not Provided,5.0,buy,-0.0
2009-10-30,Bernstein,12 month,1.0,underperform,23.36
2009-11-10,UBS,Not Provided,3.0,neutral,28.97
2009-11-10,Bernstein,Not Provided,1.0,underperform,23.36
2009-11-13,Bernstein,12 month,1.0,underperform,23.36
2009-11-13,BMO Capital Markets,Not Provided,5.0,outperform,32.7
2009-11-16,Edward Jones,Not Provided,5.0,buy,-0.0
2009-11-24,AURIGA,12 month,3.0,hold,28.97
2009-12-01,J.P. Morgan,15 month,3.0,neutral,31.77
2009-12-03,BMO Capital Markets,Not Provided,5.0,outperform,32.7
2009-12-04,Collins Stewart,12 month,3.0,hold,28.03
2009-12-08,Bernstein,12 month,1.0,underperform,23.36
2009-12-15,Bernstein,12 month,1.0,underperform,23.36
2009-12-16,Edward Jones,Not Provided,5.0,buy,-0.0
2009-12-16,Barclays,Not Provided,3.0,equalwt/neutral,32.7
2009-12-18,Bernstein,12 month,1.0,underperform,23.36
2010-01-06,J.P. Morgan,12 month,3.0,neutral,31.77
2010-01-07,Atlantic Equities LLP,12 month,5.0,overweight,35.51
2010-01-07,Oppenheimer & Co,Not Provided,3.0,market perform,-0.0
2010-01-07,Piper Jaffray,12 month,3.0,neutral,28.97
2010-01-07,AURIGA,12 month,3.0,hold,28.97
2010-01-07,Stifel,12 month,5.0,buy,32.7
2010-01-07,BMO Capital Markets,Not Provided,5.0,outperform,32.7
2010-01-08,Bernstein,12 month,1.0,underperform,23.36
2010-01-08,Pali International,12 month,5.0,buy,33.64
2010-01-08,Barclays,Not Provided,3.0,equalwt/neutral,32.7
2010-01-08,RBC Capital Markets,Not Provided,5.0,outperform,30.83
2010-01-08,Credit Suisse,Not Provided,5.0,outperform,29.9
2010-01-08,Jefferies,12 month,5.0,buy,34.57
2010-01-11,Raymond James,Not Provided,3.0,market perform,-0.0
2010-01-11,FBR Capital Markets,Not Provided,5.0,outperform,34.57
2010-01-11,Davenport & Co,Not Provided,5.0,buy,34.57
2010-01-12,National Bank Financial,12 month,5.0,outperform,32.7
2010-01-14,Macquarie,12 month,3.0,neutral,31.77
2010-01-14,AURIGA,12 month,3.0,hold,28.97
2010-01-15,J.P. Morgan,12 month,3.0,neutral,31.77
2010-01-15,RBC Capital Markets,12 month,5.0,outperform,30.83
2010-01-15,Edward Jones,Not Provided,5.0,buy,-0.0
2010-01-15,Piper Jaffray,12 month,3.0,neutral,28.97
2010-01-15,Atlantic Equities LLP,12 month,5.0,overweight,35.51
2010-01-15,Bernstein,12 month,1.0,underperform,23.36
2010-01-15,Jefferies,12 month,5.0,buy,34.57
2010-01-15,Wells Fargo Securities,Not Provided,5.0,outperform,-0.0
2010-01-15,Stifel,12 month,5.0,buy,32.7
2010-01-15,Oppenheimer & Co,Not Provided,3.0,market perform,-0.0
2010-01-15,BMO Capital Markets,Not Provided,5.0,outperform,32.7
2010-01-15,HSBC,Not Provided,5.0,overweight,35.51
2010-01-19,BMO Capital Markets,Not Provided,5.0,outperform,32.7
2010-01-19,Baird,12 month,3.0,neutral,28.03
2010-01-21,National Bank Financial,12 month,5.0,outperform,32.7
2010-01-21,Thomas Weisel Partners,12 month,3.0,market weight,30.83
2010-01-21,Jefferies,12 month,5.0,buy,33.64
2010-01-22,Bernstein,12 month,1.0,underperform,23.36
2010-01-22,FBR Capital Markets,12 month,5.0,outperform,34.57
2010-01-25,Barclays,Not Provided,3.0,equalwt/neutral,32.7
2010-01-25,AURIGA,12 month,3.0,hold,28.97
2010-01-25,Wells Fargo Securities,Not Provided,5.0,outperform,-0.0
2010-01-25,J.P. Morgan,12 month,3.0,neutral,31.77
2010-01-26,Stifel,12 month,5.0,buy,32.7
2010-01-26,Oppenheimer & Co,Not Provided,3.0,market perform,-0.0
2010-01-26,AURIGA,12 month,3.0,hold,28.97
2010-01-26,Barclays,Not Provided,3.0,equalwt/neutral,32.7
2010-01-26,Thomas Weisel Partners,12 month,3.0,market weight,30.83
2010-01-27,Gabelli & Co,Not Provided,5.0,buy,-0.0
2010-01-27,Macquarie,12 month,3.0,neutral,31.77
2010-01-27,Davenport & Co,Not Provided,5.0,buy,32.7
2010-01-27,Atlantic Equities LLP,12 month,5.0,overweight,34.57
2010-01-27,National Bank Financial,12 month,5.0,outperform,32.7
2010-01-27,UBS,Not Provided,3.0,neutral,28.97
2010-01-27,J.P. Morgan,12 month,3.0,neutral,28.03
2010-01-27,RBC Capital Markets,12 month,5.0,outperform,30.83
2010-01-27,Pacific Crest Securities,Not Provided,3.0,sector perform,-0.0
2010-01-27,Baird,12 month,3.0,neutral,28.03
2010-01-27,Raymond James,Not Provided,3.0,market perform,-0.0
2010-01-27,FBR Capital Markets,12 month,3.0,market perform,31.77
2010-01-27,Jefferies,12 month,5.0,buy,32.7
2010-01-27,Credit Suisse,Not Provided,5.0,outperform,29.9
2010-01-27,BMO Capital Markets,Not Provided,5.0,outperform,32.7
2010-01-28,Argus Research Corp,Not Provided,3.0,hold,-0.0
2010-01-28,Hilliard Lyons,12 month,5.0,buy,30.83
2010-01-29,Wells Fargo Securities,Not Provided,5.0,outperform,-0.0
2010-01-29,Bernstein,12 month,1.0,underperform,23.36
2010-02-01,Edward Jones,Not Provided,5.0,buy,-0.0
2010-02-02,Jefferies,12 month,5.0,buy,32.7
2010-02-03,Barclays,Not Provided,3.0,equalwt/neutral,30.83
2010-02-04,Credit Suisse,Not Provided,3.0,neutral,28.03
2010-02-05,Wells Fargo Securities,Not Provided,5.0,outperform,-0.0
2010-02-05,Bernstein,12 month,1.0,underperform,23.36
2010-02-08,Collins Stewart,12 month,3.0,hold,28.03
2010-02-09,Jefferies,12 month,5.0,buy,32.7
2010-02-12,National Bank Financial,12 month,5.0,outperform,32.7
2010-02-16,Bernstein,12 month,3.0,market perform,25.23
2010-02-17,Thomas Weisel Partners,12 month,3.0,market weight,30.83
2010-02-19,Davenport & Co,Not Provided,5.0,buy,32.7
2010-02-19,Bernstein,12 month,3.0,market perform,25.23
2010-02-22,Wells Fargo Securities,Not Provided,5.0,outperform,-0.0
2010-02-23,Collins Stewart,12 month,3.0,hold,28.03
2010-02-23,Jefferies,12 month,5.0,buy,32.7
2010-02-24,J.P. Morgan,12 month,3.0,neutral,28.03
2010-03-01,Bernstein,12 month,3.0,market perform,25.23
2010-03-01,Stifel,12 month,5.0,buy,32.7
2010-03-01,Wells Fargo Securities,Not Provided,5.0,outperform,-0.0
2010-03-02,Barclays,Not Provided,3.0,equalwt/neutral,30.83
2010-03-02,HSBC,Not Provided,5.0,overweight,31.43
2010-03-05,Raymond James,Not Provided,3.0,market perform,-0.0
2010-03-05,Wells Fargo Securities,Not Provided,5.0,outperform,-0.0
2010-03-09,Jefferies,12 month,5.0,buy,32.7
2010-03-09,Macquarie,12 month,3.0,neutral,31.77
2010-03-09,Piper Jaffray,12 month,3.0,neutral,28.97
2010-03-10,"Ameriprise Advisor Services, Inc",Not Provided,5.0,buy,-0.0
2010-03-10,Macquarie,12 month,3.0,neutral,31.77
2010-03-10,BMO Capital Markets,Not Provided,5.0,outperform,32.7
2010-03-12,Bernstein,12 month,3.0,market perform,25.23
2010-03-12,Edward Jones,Not Provided,5.0,buy,-0.0
2010-03-12,Collins Stewart,12 month,3.0,hold,28.03
2010-03-17,National Bank Financial,Not Provided,5.0,outperform,32.7
2010-03-18,Bernstein,12 month,3.0,market perform,25.23
2010-03-19,Barclays,Not Provided,3.0,equalwt/neutral,30.83
2010-03-22,Jefferies,12 month,5.0,buy,32.7
2010-03-22,AURIGA,12 month,3.0,hold,28.97
2010-03-22,Wells Fargo Securities,Not Provided,5.0,outperform,-0.0
2010-03-23,BMO Capital Markets,Not Provided,5.0,outperform,32.7
2010-03-24,Collins Stewart,12 month,3.0,hold,28.03
2010-03-24,Piper Jaffray,12 month,3.0,neutral,28.97
2010-03-26,J.P. Morgan,12 month,3.0,neutral,28.03
2010-03-29,AURIGA,12 month,3.0,hold,28.97
2010-03-29,Oppenheimer & Co,Not Provided,3.0,market perform,-0.0
2010-03-30,Stifel,Not Provided,5.0,buy,32.7
2010-03-30,Edward Jones,Not Provided,5.0,buy,-0.0
2010-03-30,Jefferies,12 month,5.0,buy,32.7
2010-03-30,Wells Fargo Securities,Not Provided,5.0,outperform,-0.0
2010-03-30,Bernstein,12 month,3.0,market perform,25.23
2010-04-01,Wells Fargo Securities,Not Provided,5.0,outperform,-0.0
2010-04-05,Edward Jones,Not Provided,5.0,buy,-0.0
2010-04-05,BMO Capital Markets,Not Provided,5.0,outperform,32.7
2010-04-06,Bernstein,12 month,3.0,market perform,25.23
2010-04-06,Morgan Stanley,Not Provided,3.0,Equalwt/Attractive,-0.0
2010-04-06,Jefferies,12 month,5.0,buy,32.7
2010-04-07,Piper Jaffray,12 month,3.0,neutral,28.97
2010-04-07,AURIGA,12 month,3.0,hold,28.97
2010-04-07,National Bank Financial,12 month,5.0,outperform,32.7
2010-04-08,Credit Suisse,Not Provided,3.0,neutral,28.03
2010-04-08,J.P. Morgan,9 month,3.0,neutral,28.03
2010-04-12,Cross Research,12 month,5.0,buy,31.77
2010-04-12,Macquarie,12 month,3.0,neutral,31.77
2010-04-13,Jefferies,12 month,5.0,buy,32.7
2010-04-13,Oppenheimer & Co,Not Provided,3.0,market perform,-0.0
2010-04-14,Bernstein,12 month,3.0,market perform,25.23
2010-04-14,National Bank Financial,12 month,5.0,outperform,32.7
2010-04-15,Collins Stewart,12 month,3.0,hold,28.03
2010-04-15,Baird,12 month,3.0,neutral,28.03
2010-04-16,Jefferies,12 month,5.0,buy,30.83
2010-04-16,RBC Capital Markets,12 month,5.0,outperform,30.83
2010-04-19,BMO Capital Markets,Not Provided,5.0,outperform,32.7
2010-04-19,J.P. Morgan,12 month,3.0,neutral,28.03
2010-04-19,Morgan Stanley,Not Provided,3.0,Equalwt/Attractive,-0.0
2010-04-21,Barclays,Not Provided,3.0,equalwt/neutral,30.83
2010-04-21,Bernstein,12 month,3.0,market perform,25.23
2010-04-21,Wells Fargo Securities,Not Provided,5.0,outperform,-0.0
2010-04-22,Hilliard Lyons,12 month,5.0,buy,30.83
2010-04-22,AURIGA,12 month,3.0,hold,28.97
2010-04-22,Credit Suisse,Not Provided,3.0,neutral,28.03
2010-04-22,Cross Research,12 month,5.0,buy,31.77
2010-04-22,Edward Jones,Not Provided,3.0,hold,-0.0
2010-04-23,Jefferies,12 month,5.0,buy,30.83
2010-04-23,UBS,Not Provided,3.0,neutral,28.97
2010-04-23,FBR Capital Markets,12 month,3.0,market perform,28.03
2010-04-23,Collins Stewart,12 month,3.0,hold,28.03
2010-04-23,Thomas Weisel Partners,12 month,3.0,market weight,28.97
2010-04-23,Morgan Stanley,Not Provided,3.0,Equalwt/Attractive,-0.0
2010-04-23,BMO Capital Markets,Not Provided,5.0,outperform,31.77
2010-04-23,Oppenheimer & Co,Not Provided,3.0,market perform,-0.0
2010-04-23,National Bank Financial,12 month,5.0,outperform,32.7
2010-04-23,Argus Research Corp,Not Provided,3.0,hold,-0.0
2010-04-23,Pacific Crest Securities,Not Provided,3.0,sector perform,-0.0
2010-04-23,Macquarie,12 month,3.0,neutral,29.9
2010-04-23,Raymond James,Not Provided,3.0,market perform,-0.0
2010-04-23,RBC Capital Markets,12 month,5.0,outperform,30.83
2010-04-23,J.P. Morgan,9 month,3.0,neutral,28.03
2010-04-23,Wells Fargo Securities,Not Provided,5.0,outperform,-0.0
2010-04-23,Davenport & Co,Not Provided,5.0,buy,32.7
2010-04-23,Baird,12 month,3.0,neutral,28.03
2010-04-23,Goldman Sachs,12 month,3.0,neutral/neutral,29.9
2010-04-26,Barclays,Not Provided,3.0,equalwt/neutral,29.9
2010-04-27,Atlantic Equities LLP,12 month,5.0,overweight,32.7
2010-04-28,Bernstein,12 month,3.0,market perform,25.23
2010-05-05,Bernstein,12 month,3.0,market perform,25.23
2010-05-06,Morgan Stanley,Not Provided,3.0,Equalwt/Attractive,-0.0
2010-05-07,Collins Stewart,12 month,3.0,hold,28.03
2010-05-07,Bernstein,12 month,3.0,market perform,25.23
2010-05-07,Cross Research,12 month,5.0,buy,31.77
2010-05-10,National Bank Financial,12 month,5.0,outperform,32.7
2010-05-11,Wells Fargo Securities,Not Provided,5.0,outperform,-0.0
2010-05-13,Baird,12 month,3.0,neutral,28.03
2010-05-14,Oppenheimer & Co,Not Provided,3.0,market perform,-0.0
2010-05-18,Cross Research,12 month,5.0,buy,31.77
2010-05-18,Bernstein,12 month,3.0,market perform,25.23
2010-05-19,Cowen,Not Provided,3.0,neutral,-0.0
2010-05-20,RBC Capital Markets,12 month,5.0,outperform,30.83
2010-05-20,Edward Jones,Not Provided,3.0,hold,-0.0
2010-05-21,Bernstein,12 month,3.0,market perform,25.23
2010-05-24,Davenport & Co,Not Provided,3.0,neutral,-0.0
2010-05-24,BMO Capital Markets,Not Provided,5.0,outperform,31.77
2010-05-24,Jefferies,12 month,5.0,buy,30.83
2010-05-26,Wells Fargo Securities,Not Provided,5.0,outperform,-0.0
2010-05-28,Wells Fargo Securities,Not Provided,5.0,outperform,-0.0
2010-05-31,National Bank Financial,12 month,5.0,outperform,32.7
2010-06-01,Cross Research,12 month,5.0,buy,31.77
2010-06-02,Bernstein,12 month,3.0,market perform,25.23
2010-06-04,Wells Fargo Securities,Not Provided,5.0,outperform,-0.0
2010-06-11,Edward Jones,Not Provided,3.0,hold,-0.0
2010-06-14,RBC Capital Markets,12 month,5.0,outperform,30.83
2010-06-14,Bernstein,12 month,3.0,market perform,25.23
2010-06-15,Wells Fargo Securities,Not Provided,5.0,outperform,-0.0
2010-06-16,BMO Capital Markets,Not Provided,5.0,outperform,30.83
2010-06-18,Credit Suisse,Not Provided,3.0,neutral,28.03
2010-06-22,Barclays,Not Provided,3.0,equalwt/neutral,29.9
2010-06-22,Bernstein,12 month,3.0,market perform,25.23
2010-06-22,AURIGA,12 month,3.0,hold,28.97
2010-06-23,Edward Jones,Not Provided,3.0,hold,-0.0
2010-06-23,Oppenheimer & Co,Not Provided,3.0,market perform,-0.0
2010-06-24,Wells Fargo Securities,Not Provided,5.0,outperform,-0.0
2010-06-25,J.P. Morgan,6 month,3.0,neutral,28.03
2010-06-25,AURIGA,12 month,3.0,hold,28.97
2010-06-28,National Bank Financial,12 month,5.0,outperform,32.7
2010-06-29,Bernstein,12 month,3.0,market perform,25.23
2010-06-30,Wells Fargo Securities,Not Provided,5.0,outperform,-0.0
2010-07-01,Stifel,12 month,5.0,buy,29.9
2010-07-05,UBS,Not Provided,3.0,neutral,28.0
2010-07-06,AURIGA,12 month,3.0,hold,29.0
2010-07-06,Wells Fargo Securities,Not Provided,5.0,outperform,-0.0
2010-07-07,Davenport & Co,Not Provided,3.0,neutral,-0.0
2010-07-08,RBC Capital Markets,12 month,5.0,outperform,33.0
2010-07-08,National Bank Financial,12 month,5.0,outperform,35.0
2010-07-08,Raymond James,Not Provided,3.0,market perform,-0.0
2010-07-09,Bernstein,12 month,3.0,market perform,25.0
2010-07-12,RBC Capital Markets,12 month,5.0,outperform,33.0
2010-07-13,J.P. Morgan,6 month,3.0,neutral,28.0
2010-07-14,Collins Stewart,12 month,3.0,hold,30.0
2010-07-14,BMO Capital Markets,Not Provided,5.0,outperform,33.0
2010-07-15,Bernstein,12 month,3.0,market perform,25.0
2010-07-16,Morgan Stanley,Not Provided,3.0,Equalwt/Attractive,-0.0
2010-07-16,Edward Jones,Not Provided,3.0,hold,-0.0
2010-07-16,Atlantic Equities LLP,12 month,5.0,overweight,35.0
2010-07-16,Credit Suisse,Not Provided,3.0,neutral,28.0
2010-07-16,Macquarie,12 month,3.0,neutral,28.0
2010-07-19,Collins Stewart,12 month,3.0,hold,30.0
2010-07-21,Cowen,Not Provided,3.0,neutral,-0.0
2010-07-22,J.P. Morgan,6 month,3.0,neutral,28.0
2010-07-22,AURIGA,12 month,3.0,hold,29.0
2010-07-23,Morgan Stanley,Not Provided,3.0,Equalwt/Attractive,-0.0
2010-07-23,BMO Capital Markets,Not Provided,5.0,outperform,33.0
2010-07-23,Bernstein,12 month,3.0,market perform,25.0
2010-07-23,Atlantic Equities LLP,12 month,5.0,overweight,35.0
2010-07-23,Oppenheimer & Co,Not Provided,3.0,market perform,-0.0
2010-07-23,Edward Jones,Not Provided,3.0,hold,-0.0
2010-07-23,Wells Fargo Securities,Not Provided,5.0,outperform,-0.0
2010-07-23,Stifel,12 month,5.0,buy,32.0
2010-07-23,Davenport & Co,Not Provided,3.0,neutral,-0.0
2010-07-23,Barclays,Not Provided,3.0,equalwt/neutral,31.0
2010-07-25,BMO Capital Markets,Not Provided,5.0,outperform,33.0
2010-07-26,J.P. Morgan,6 month,3.0,neutral,28.0
2010-07-26,Oppenheimer & Co,Not Provided,3.0,market perform,-0.0
2010-07-26,Gabelli & Co,Not Provided,5.0,buy,-0.0
2010-07-26,National Bank Financial,12 month,5.0,outperform,35.0
2010-07-26,Collins Stewart,12 month,3.0,hold,30.0
2010-07-26,AURIGA,12 month,3.0,hold,29.0
2010-07-26,RBC Capital Markets,12 month,5.0,outperform,33.0
2010-07-26,UBS,Not Provided,3.0,neutral,28.0
2010-07-26,Argus Research Corp,Not Provided,3.0,hold,-0.0
2010-07-26,FBR Capital Markets,12 month,3.0,market perform,30.0
2010-07-26,Cowen,Not Provided,3.0,neutral,-0.0
2010-07-26,Hilliard Lyons,12 month,5.0,buy,32.0
2010-07-26,Raymond James,Not Provided,3.0,market perform,-0.0
2010-07-26,Baird,12 month,3.0,neutral,31.0
2010-07-26,Credit Suisse,Not Provided,3.0,neutral,28.0
2010-07-27,Atlantic Equities LLP,12 month,5.0,overweight,35.0
2010-07-28,Bernstein,12 month,3.0,market perform,25.0
2010-07-28,Morgan Stanley,Not Provided,3.0,Equalwt/Attractive,-0.0
2010-07-29,Barclays,Not Provided,3.0,equalwt/neutral,31.0
2010-08-03,Wells Fargo Securities,Not Provided,5.0,outperform,-0.0
2010-08-03,Edward Jones,Not Provided,3.0,hold,-0.0
2010-08-04,HSBC,Not Provided,5.0,overweight,34.0
2010-08-05,J.P. Morgan,6 month,3.0,neutral,28.0
2010-08-10,Gabelli & Co,Not Provided,5.0,buy,-0.0
2010-08-12,Oppenheimer & Co,Not Provided,3.0,market perform,-0.0
2010-08-13,Wells Fargo Securities,Not Provided,5.0,outperform,-0.0
2010-08-16,Piper Jaffray,12 month,3.0,neutral,31.0
2010-08-16,Edward Jones,Not Provided,3.0,hold,-0.0
2010-08-18,Collins Stewart,12 month,3.0,hold,30.0
2010-08-20,Bernstein,12 month,3.0,market perform,25.0
2010-08-23,Piper Jaffray,12 month,3.0,neutral,31.0
2010-08-26,Morgan Stanley,Not Provided,3.0,Equalwt/Attractive,-0.0
2010-08-30,Piper Jaffray,12 month,3.0,neutral,31.0
2010-09-02,Morgan Stanley,Not Provided,3.0,Equalwt/Attractive,-0.0
2010-09-03,Wells Fargo Securities,Not Provided,5.0,outperform,-0.0
2010-09-06,RBC Capital Markets,12 month,5.0,outperform,33.0
2010-09-07,National Bank Financial,12 month,5.0,outperform,35.0
2010-09-07,Collins Stewart,12 month,3.0,hold,30.0
2010-09-10,Wells Fargo Securities,Not Provided,5.0,outperform,-0.0
2010-09-10,Bernstein,12 month,3.0,market perform,25.0
2010-09-13,Piper Jaffray,12 month,3.0,neutral,31.0
2010-09-13,BMO Capital Markets,Not Provided,5.0,outperform,33.0
2010-09-14,Morgan Stanley,Not Provided,3.0,Equalwt/Attractive,-0.0
2010-09-17,Bernstein,12 month,3.0,market perform,25.0
2010-09-18,EVA Dimensions,Not Provided,3.0,hold,-0.0
2010-09-20,National Bank Financial,12 month,5.0,outperform,35.0
2010-09-20,Credit Suisse,Not Provided,3.0,neutral,35.0
2010-09-20,Oppenheimer & Co,Not Provided,3.0,market perform,-0.0
2010-09-20,BMO Capital Markets,Not Provided,5.0,outperform,33.0
2010-09-20,Edward Jones,Not Provided,3.0,hold,-0.0
2010-09-20,Wells Fargo Securities,Not Provided,5.0,outperform,-0.0
2010-09-20,Piper Jaffray,Not Provided,3.0,neutral,31.0
2010-09-22,UBS,Not Provided,3.0,neutral,28.0
2010-09-22,BMO Capital Markets,Not Provided,5.0,outperform,33.0
2010-09-24,Wells Fargo Securities,Not Provided,5.0,outperform,-0.0
2010-09-24,Bernstein,12 month,3.0,market perform,25.0
2010-09-24,Collins Stewart,12 month,3.0,hold,30.0
2010-09-24,National Bank Financial,12 month,5.0,outperform,35.0
2010-09-27,HSBC,Not Provided,5.0,overweight,37.0
2010-09-27,Stifel,12 month,5.0,buy,35.0
2010-09-27,Piper Jaffray,12 month,3.0,neutral,31.0
2010-09-29,Atlantic Equities LLP,12 month,5.0,overweight,39.0
2010-10-01,Bernstein,12 month,3.0,market perform,25.0
2010-10-04,Piper Jaffray,Not Provided,3.0,neutral,31.0
2010-10-05,National Bank Financial,Not Provided,5.0,outperform,35.0
2010-10-07,UBS,Not Provided,3.0,neutral,28.0
2010-10-07,Edward Jones,Not Provided,3.0,hold,-0.0
2010-10-07,Citadel Securities LLC,12 month,3.0,neutral,31.0
2010-10-08,Wells Fargo Securities,Not Provided,5.0,outperform,-0.0
2010-10-08,Bernstein,12 month,3.0,market perform,25.0
2010-10-11,AURIGA,12 month,3.0,hold,33.0
2010-10-11,Piper Jaffray,12 month,3.0,neutral,31.0
2010-10-12,Argus Research Corp,Not Provided,5.0,buy,-0.0
2010-10-12,Raymond James,Not Provided,3.0,market perform,-0.0
2010-10-14,FBR Capital Markets,12 month,3.0,market perform,30.0
2010-10-14,RBC Capital Markets,12 month,5.0,outperform,33.0
2010-10-14,Edward Jones,Not Provided,3.0,hold,-0.0
2010-10-14,UBS,Not Provided,3.0,neutral,31.0
2010-10-15,Pacific Crest Securities,Not Provided,3.0,sector perform,-0.0
2010-10-15,AURIGA,12 month,3.0,hold,33.0
2010-10-15,Wells Fargo Securities,Not Provided,5.0,outperform,-0.0
2010-10-15,Credit Suisse,Not Provided,3.0,neutral,35.0
2010-10-17,BMO Capital Markets,Not Provided,5.0,outperform,35.0
2010-10-18,Barclays,Not Provided,3.0,equalwt/neutral,34.0
2010-10-18,Bernstein,12 month,1.0,underperform,25.0
2010-10-18,National Bank Financial,12 month,5.0,outperform,35.0
2010-10-18,Piper Jaffray,12 month,3.0,neutral,31.0
2010-10-18,Cowen,Not Provided,3.0,neutral,-0.0
2010-10-22,Edward Jones,Not Provided,3.0,hold,-0.0
2010-10-22,Atlantic Equities LLP,12 month,5.0,overweight,39.0
2010-10-22,Bernstein,12 month,1.0,underperform,25.0
2010-10-22,Oppenheimer & Co,Not Provided,3.0,market perform,-0.0
2010-10-22,Goldman Sachs,12 month,3.0,neutral/neutral,34.0
2010-10-22,Barclays,Not Provided,3.0,equalwt/neutral,34.0
2010-10-22,Stifel,12 month,5.0,buy,35.0
2010-10-22,Raymond James,Not Provided,3.0,market perform,-0.0
2010-10-22,Davenport & Co,Not Provided,3.0,neutral,-0.0
2010-10-22,Wells Fargo Securities,Not Provided,5.0,outperform,-0.0
2010-10-22,Citadel Securities LLC,12 month,3.0,neutral,31.0
2010-10-22,Mizuho Securities USA Inc,12 month,5.0,outperform,36.0
2010-10-24,Credit Suisse,Not Provided,3.0,neutral,35.0
2010-10-25,Cowen,Not Provided,3.0,neutral,-0.0
2010-10-25,Collins Stewart,12 month,3.0,neutral,30.0
2010-10-25,RBC Capital Markets,12 month,5.0,outperform,35.0
2010-10-25,FBR Capital Markets,12 month,3.0,market perform,30.0
2010-10-25,National Bank Financial,12 month,5.0,outperform,35.0
2010-10-25,Hilliard Lyons,12 month,5.0,buy,32.0
2010-10-25,AURIGA,12 month,3.0,hold,33.0
2010-10-25,UBS,12 month,3.0,neutral,31.0
2010-10-25,Baird,12 month,3.0,neutral,31.0
2010-10-25,Gabelli & Co,Not Provided,5.0,buy,-0.0
2010-10-25,BMO Capital Markets,Not Provided,5.0,outperform,35.0
2010-10-25,Morgan Stanley,Not Provided,3.0,Equalwt/Attractive,-0.0
2010-10-25,Piper Jaffray,12 month,3.0,neutral,31.0
2010-10-26,RBC Capital Markets,Not Provided,5.0,outperform,35.0
2010-10-26,Atlantic Equities LLP,12 month,5.0,overweight,39.0
2010-10-26,Argus Research Corp,Not Provided,5.0,buy,-0.0
2010-10-27,Bernstein,12 month,1.0,underperform,25.0
2010-10-28,Citadel Securities LLC,12 month,3.0,neutral,31.0
2010-10-29,Wells Fargo Securities,Not Provided,5.0,outperform,-0.0
2010-11-01,Piper Jaffray,12 month,3.0,neutral,32.0
2010-11-01,William Blair & Co,Not Provided,3.0,market perform,-0.0
2010-11-01,Barclays,Not Provided,3.0,equalwt/neutral,34.0
2010-11-03,Raymond James,Not Provided,3.0,market perform,-0.0
2010-11-05,Bernstein,12 month,1.0,underperform,25.0
2010-11-05,Citadel Securities LLC,Not Provided,3.0,neutral,31.0
2010-11-08,Piper Jaffray,12 month,3.0,neutral,32.0
2010-11-09,EVA Dimensions,Not Provided,5.0,buy,-0.0
2010-11-10,Wells Fargo Securities,Not Provided,5.0,outperform,-0.0
2010-11-10,AURIGA,12 month,3.0,hold,33.0
2010-11-11,Collins Stewart,12 month,3.0,neutral,30.0
2010-11-12,Citadel Securities LLC,Not Provided,3.0,neutral,31.0
2010-11-12,Bernstein,12 month,1.0,underperform,25.0
2010-11-15,Piper Jaffray,12 month,3.0,neutral,32.0
2010-11-16,Oppenheimer & Co,Not Provided,3.0,market perform,-0.0
2010-11-17,William Blair & Co,Not Provided,3.0,market perform,-0.0
2010-11-19,Bernstein,12 month,1.0,underperform,25.0
2010-11-22,Piper Jaffray,12 month,3.0,neutral,32.0
2010-11-26,Edward Jones,Not Provided,3.0,hold,-0.0
2010-11-29,Mizuho Securities USA Inc,12 month,5.0,outperform,36.0
2010-11-29,Piper Jaffray,12 month,3.0,neutral,32.0
2010-11-30,Bernstein,12 month,1.0,underperform,25.0
2010-12-01,Morgan Stanley,Not Provided,3.0,Equalwt/Attractive,-0.0
2010-12-03,Bernstein,12 month,1.0,underperform,25.0
2010-12-06,Raymond James,Not Provided,3.0,market perform,-0.0
2010-12-06,Piper Jaffray,12 month,3.0,neutral,32.0
2010-12-06,Edward Jones,Not Provided,3.0,hold,-0.0
2010-12-07,Wells Fargo Securities,Not Provided,5.0,outperform,-0.0
2010-12-08,BMO Capital Markets,Not Provided,5.0,outperform,36.0
2010-12-09,Citadel Securities LLC,Not Provided,3.0,neutral,31.0
2010-12-09,HSBC,Not Provided,5.0,overweight,37.0
2010-12-10,Wells Fargo Securities,Not Provided,5.0,outperform,-0.0
2010-12-13,Nomura,12 month,3.0,neutral,33.0
2010-12-13,Piper Jaffray,12 month,3.0,neutral,32.0
2010-12-14,FBR Capital Markets,12 month,3.0,market perform,30.0
2010-12-15,Oppenheimer & Co,Not Provided,3.0,market perform,-0.0
2010-12-15,Citadel Securities LLC,Not Provided,3.0,neutral,31.0
2010-12-20,Piper Jaffray,12 month,3.0,neutral,32.0
2010-12-20,Bernstein,12 month,1.0,underperform,25.0
2010-12-20,RBC Capital Markets,12 month,5.0,outperform,35.0
2010-12-20,Collins Stewart,12 month,3.0,neutral,30.0
2010-12-21,Edward Jones,Not Provided,3.0,hold,-0.0
2010-12-22,Collins Stewart,12 month,3.0,neutral,30.0
2010-12-27,Piper Jaffray,12 month,3.0,neutral,32.0
2010-12-28,Nomura,6 month,3.0,neutral,33.0
2011-01-03,Piper Jaffray,12 month,3.0,neutral,32.0
2011-01-03,RBC Capital Markets,12 month,5.0,outperform,35.0
2011-01-04,William Blair & Co,Not Provided,3.0,market perform,-0.0
2011-01-04,Citadel Securities LLC,Not Provided,3.0,neutral,31.0
2011-01-05,EVA Dimensions,Not Provided,3.0,hold,-0.0
2011-01-10,Stifel,12 month,5.0,buy,35.0
2011-01-10,Bernstein,12 month,1.0,underperform,25.0
2011-01-11,Edward Jones,Not Provided,3.0,hold,-0.0
2011-01-11,Barclays,Not Provided,3.0,equalwt/neutral,34.0
2011-01-11,William Blair & Co,Not Provided,3.0,market perform,-0.0
2011-01-11,Morgan Stanley,Not Provided,3.0,Equalwt/In-Line,-0.0
2011-01-11,Pacific Crest Securities,Not Provided,3.0,sector perform,-0.0
2011-01-11,Citadel Securities LLC,Not Provided,3.0,neutral,31.0
2011-01-11,Wells Fargo Securities,Not Provided,5.0,outperform,-0.0
2011-01-11,Raymond James,Not Provided,3.0,market perform,-0.0
2011-01-12,Oppenheimer & Co,Not Provided,3.0,market perform,-0.0
2011-01-12,BMO Capital Markets,Not Provided,5.0,outperform,36.0
2011-01-12,EVA Dimensions,Not Provided,3.0,hold,-0.0
2011-01-12,Credit Suisse,Not Provided,3.0,neutral,35.0
2011-01-12,Piper Jaffray,12 month,3.0,neutral,32.0
2011-01-12,Goldman Sachs,12 month,5.0,Buy/Neutral,42.0
2011-01-13,J.P. Morgan,Not Provided,3.0,neutral,38.0
2011-01-14,Macquarie,12 month,5.0,outperform,43.0
2011-01-14,EVA Dimensions,Not Provided,3.0,hold,-0.0
2011-01-14,UBS,12 month,3.0,neutral,37.0
2011-01-17,BMO Capital Markets,Not Provided,5.0,outperform,36.0
2011-01-18,Collins Stewart,12 month,3.0,neutral,30.0
2011-01-18,Bernstein,12 month,1.0,underperform,25.0
2011-01-18,RBC Capital Markets,12 month,5.0,outperform,35.0
2011-01-18,AURIGA,12 month,3.0,hold,33.0
2011-01-19,Citadel Securities LLC,Not Provided,3.0,neutral,34.0
2011-01-19,Atlantic Equities LLP,12 month,5.0,overweight,42.0
2011-01-19,Wells Fargo Securities,Not Provided,5.0,outperform,-0.0
2011-01-20,"Avian Securities, LLC",Not Provided,4.0,Positive,-0.0
2011-01-20,Raymond James,Not Provided,3.0,market perform,-0.0
2011-01-20,Oppenheimer & Co,Not Provided,3.0,market perform,-0.0
2011-01-20,Mizuho Securities USA Inc,12 month,5.0,outperform,40.0
2011-01-25,William Blair & Co,Not Provided,3.0,market perform,-0.0
2011-01-25,Baird,12 month,3.0,neutral,36.0
2011-01-25,Citadel Securities LLC,12 month,3.0,neutral,34.0
2011-01-25,Piper Jaffray,12 month,3.0,neutral,32.0
2011-01-25,Oppenheimer & Co,Not Provided,3.0,market perform,-0.0
2011-01-25,Atlantic Equities LLP,12 month,5.0,overweight,42.0
2011-01-25,Wells Fargo Securities,Not Provided,5.0,outperform,-0.0
2011-01-25,Stifel,12 month,5.0,buy,42.0
2011-01-25,Davenport & Co,Not Provided,3.0,neutral,-0.0
2011-01-25,Morgan Stanley,Not Provided,3.0,Equalwt/In-Line,-0.0
2011-01-26,UBS,12 month,3.0,neutral,37.0
2011-01-26,EVA Dimensions,Not Provided,3.0,hold,-0.0
2011-01-26,Collins Stewart,12 month,3.0,neutral,36.0
2011-01-26,Raymond James,Not Provided,3.0,market perform,-0.0
2011-01-26,AURIGA,12 month,3.0,hold,33.0
2011-01-26,Cowen,Not Provided,3.0,neutral,-0.0
2011-01-26,Gabelli & Co,Not Provided,5.0,buy,-0.0
2011-01-26,J.P. Morgan,12 month,3.0,neutral,38.0
2011-01-26,Credit Suisse,Not Provided,3.0,neutral,35.0
2011-01-26,Nomura,12 month,3.0,neutral,34.0
2011-01-26,Pacific Crest Securities,Not Provided,3.0,sector perform,-0.0
2011-01-26,FBR Capital Markets,12 month,3.0,market perform,34.0
2011-01-26,Barclays,Not Provided,3.0,equalwt/neutral,34.0
2011-01-26,Hilliard Lyons,12 month,5.0,buy,40.0
2011-01-26,RBC Capital Markets,12 month,5.0,outperform,39.0
2011-01-27,BMO Capital Markets,Not Provided,5.0,outperform,40.0
2011-01-27,Macquarie,12 month,5.0,outperform,44.0
2011-01-27,Mizuho Securities USA Inc,12 month,5.0,outperform,40.0
2011-01-27,Bernstein,12 month,1.0,underperform,25.0
2011-01-27,Argus Research Corp,Not Provided,5.0,buy,-0.0
2011-01-28,RBC Capital Markets,12 month,5.0,outperform,39.0
2011-01-28,BMO Capital Markets,Not Provided,5.0,outperform,40.0
2011-01-28,Edward Jones,Not Provided,3.0,hold,-0.0
2011-01-28,William Blair & Co,Not Provided,3.0,market perform,-0.0
2011-01-28,Stifel,12 month,5.0,buy,42.0
2011-01-28,FBR Capital Markets,12 month,3.0,market perform,34.0
2011-01-31,Baird,12 month,3.0,neutral,36.0
2011-01-31,Bernstein,12 month,1.0,underperform,25.0
2011-02-01,Macquarie,12 month,5.0,outperform,44.0
2011-02-01,Morgan Stanley,Not Provided,3.0,Equalwt/In-Line,-0.0
2011-02-02,Cowen,Not Provided,3.0,neutral,-0.0
2011-02-02,Piper Jaffray,12 month,3.0,neutral,36.0
2011-02-02,Collins Stewart,12 month,3.0,neutral,36.0
2011-02-03,Wells Fargo Securities,Not Provided,5.0,outperform,-0.0
2011-02-03,Mizuho Securities USA Inc,12 month,5.0,outperform,40.0
2011-02-03,Citadel Securities LLC,12 month,3.0,neutral,34.0
2011-02-03,Nomura,12 month,3.0,neutral,34.0
2011-02-04,Edward Jones,Not Provided,3.0,hold,-0.0
2011-02-04,Morgan Stanley,Not Provided,3.0,Equalwt/In-Line,-0.0
2011-02-04,Wells Fargo Securities,Not Provided,5.0,outperform,-0.0
2011-02-07,Atlantic Equities LLP,12 month,5.0,overweight,42.0
2011-02-07,Collins Stewart,12 month,3.0,neutral,36.0
2011-02-09,Citadel Securities LLC,Not Provided,3.0,neutral,34.0
2011-02-09,Mizuho Securities USA Inc,12 month,5.0,outperform,40.0
2011-02-10,Bernstein,12 month,1.0,underperform,25.0
2011-02-16,HSBC,Not Provided,5.0,overweight,41.0
2011-02-17,Citadel Securities LLC,6 month,3.0,neutral,34.0
2011-02-22,Piper Jaffray,12 month,3.0,neutral,36.0
2011-02-24,Bernstein,12 month,1.0,underperform,25.0
2011-02-24,Morgan Stanley,Not Provided,3.0,Equalwt/In-Line,-0.0
2011-02-25,Oppenheimer & Co,Not Provided,3.0,market perform,-0.0
2011-02-25,Wells Fargo Securities,Not Provided,5.0,outperform,-0.0
2011-03-01,Wells Fargo Securities,Not Provided,5.0,outperform,-0.0
2011-03-03,Raymond James,Not Provided,3.0,market perform,-0.0
2011-03-04,EVA Dimensions,Not Provided,3.0,hold,-0.0
2011-03-04,Bernstein,12 month,1.0,underperform,25.0
2011-03-07,Mizuho Securities USA Inc,12 month,5.0,outperform,40.0
2011-03-07,RBC Capital Markets,12 month,5.0,outperform,39.0
2011-03-09,Baird,12 month,3.0,neutral,36.0
2011-03-09,J.P. Morgan,12 month,3.0,neutral,38.0
2011-03-09,Collins Stewart,12 month,3.0,neutral,36.0
2011-03-10,Bernstein,12 month,1.0,underperform,30.0
2011-03-10,Nomura,12 month,3.0,neutral,34.0
2011-03-11,EVA Dimensions,Not Provided,3.0,hold,-0.0
2011-03-12,EVA Dimensions,Not Provided,3.0,hold,-0.0
2011-03-14,BMO Capital Markets,Not Provided,5.0,outperform,40.0
2011-03-15,Barclays,Not Provided,3.0,equalwt/neutral,34.0
2011-03-17,Citadel Securities LLC,Not Provided,3.0,neutral,34.0
2011-03-18,Wells Fargo Securities,Not Provided,5.0,outperform,-0.0
2011-03-18,Bernstein,12 month,1.0,underperform,30.0
2011-03-18,Piper Jaffray,12 month,3.0,neutral,36.0
2011-03-20,RBC Capital Markets,12 month,5.0,outperform,39.0
2011-03-21,Bernstein,12 month,1.0,underperform,30.0
2011-03-21,Piper Jaffray,12 month,3.0,neutral,36.0
2011-03-21,BMO Capital Markets,Not Provided,5.0,outperform,40.0
2011-03-22,Citadel Securities LLC,Not Provided,3.0,neutral,34.0
2011-03-22,Raymond James,Not Provided,3.0,market perform,-0.0
2011-03-25,Wells Fargo Securities,Not Provided,5.0,outperform,-0.0
2011-03-28,Macquarie,12 month,5.0,outperform,45.0
2011-03-28,RBC Capital Markets,12 month,5.0,outperform,39.0
2011-03-28,Baird,12 month,5.0,outperform,42.0
2011-03-28,Collins Stewart,12 month,3.0,neutral,36.0
2011-03-28,"Avian Securities, LLC",Not Provided,4.0,Positive,-0.0
2011-03-28,Piper Jaffray,12 month,3.0,neutral,36.0
2011-03-30,Citadel Securities LLC,12 month,3.0,neutral,34.0
2011-04-01,Raymond James,Not Provided,3.0,market perform,-0.0
2011-04-01,Bernstein,12 month,1.0,underperform,30.0
2011-04-04,RBC Capital Markets,12 month,5.0,outperform,41.0
2011-04-04,Pacific Crest Securities,Not Provided,3.0,sector perform,-0.0
2011-04-05,Atlantic Equities LLP,12 month,5.0,overweight,48.0
2011-04-05,Piper Jaffray,12 month,3.0,neutral,36.0
2011-04-05,Citadel Securities LLC,12 month,3.0,neutral,34.0
2011-04-07,Nomura,12 month,3.0,neutral,34.0
2011-04-08,Wells Fargo Securities,Not Provided,5.0,outperform,-0.0
2011-04-13,BMO Capital Markets,Not Provided,5.0,outperform,40.0
2011-04-14,Oppenheimer & Co,Not Provided,3.0,market perform,-0.0
2011-04-15,Baird,12 month,5.0,outperform,42.0
2011-04-15,Pacific Crest Securities,Not Provided,3.0,sector perform,-0.0
2011-04-15,Collins Stewart,12 month,3.0,neutral,36.0
2011-04-15,Bernstein,12 month,1.0,underperform,34.0
2011-04-21,Mizuho Securities USA Inc,12 month,5.0,outperform,40.0
2011-04-21,Atlantic Equities LLP,12 month,5.0,overweight,48.0
2011-04-21,William Blair & Co,Not Provided,3.0,market perform,-0.0
2011-04-21,Edward Jones,Not Provided,3.0,hold,-0.0
2011-04-21,Stifel,12 month,5.0,buy,40.0
2011-04-21,Wells Fargo Securities,Not Provided,5.0,outperform,-0.0
2011-04-21,Bernstein,12 month,1.0,underperform,34.0
2011-04-21,Citadel Securities LLC,12 month,3.0,neutral,34.0
2011-04-21,J.P. Morgan,9 month,3.0,neutral,38.0
2011-04-21,Barclays,Not Provided,3.0,equalwt/neutral,34.0
2011-04-21,Baird,12 month,5.0,outperform,42.0
2011-04-22,Macquarie,12 month,5.0,outperform,45.0
2011-04-25,Nomura,12 month,3.0,neutral,34.0
2011-04-25,Morgan Stanley,Not Provided,3.0,Equalwt/In-Line,-0.0
2011-04-25,RBC Capital Markets,12 month,5.0,outperform,41.0
2011-04-25,Davenport & Co,Not Provided,3.0,neutral,-0.0
2011-04-25,UBS,12 month,3.0,neutral,37.0
2011-04-25,BMO Capital Markets,Not Provided,5.0,outperform,40.0
2011-04-25,Raymond James,Not Provided,3.0,market perform,-0.0
2011-04-25,Gabelli & Co,Not Provided,5.0,buy,-0.0
2011-04-25,Argus Research Corp,Not Provided,5.0,buy,-0.0
2011-04-25,Collins Stewart,12 month,3.0,neutral,36.0
2011-04-25,Oppenheimer & Co,Not Provided,3.0,market perform,-0.0
2011-04-25,Cowen,Not Provided,3.0,neutral,-0.0
2011-04-25,FBR Capital Markets,12 month,3.0,market perform,34.0
2011-04-25,Piper Jaffray,12 month,3.0,neutral,36.0
2011-04-25,Credit Suisse,Not Provided,3.0,neutral,35.0
2011-04-26,RBC Capital Markets,12 month,5.0,outperform,41.0
2011-04-27,Collins Stewart,12 month,3.0,neutral,36.0
2011-04-27,Mizuho Securities USA Inc,12 month,5.0,outperform,40.0
2011-04-27,Atlantic Equities LLP,12 month,5.0,overweight,48.0
2011-04-27,Hilliard Lyons,12 month,5.0,buy,40.0
2011-04-29,Bernstein,12 month,1.0,underperform,34.0
2011-04-29,Nomura,12 month,3.0,neutral,34.0
2011-04-29,Citadel Securities LLC,Not Provided,3.0,neutral,34.0
2011-05-02,Piper Jaffray,12 month,3.0,neutral,38.0
2011-05-03,Citadel Securities LLC,12 month,2.0,reduce,33.0
2011-05-06,Baird,12 month,5.0,outperform,42.0
2011-05-06,Bernstein,12 month,1.0,underperform,34.0
2011-05-06,Nomura,12 month,3.0,neutral,34.0
2011-05-09,Pacific Crest Securities,Not Provided,3.0,sector perform,-0.0
2011-05-09,Piper Jaffray,12 month,3.0,neutral,38.0
2011-05-13,Nomura,12 month,3.0,neutral,34.0
2011-05-15,RBC Capital Markets,12 month,5.0,outperform,41.0
2011-05-16,Piper Jaffray,12 month,3.0,neutral,38.0
2011-05-16,Wells Fargo Securities,Not Provided,5.0,outperform,-0.0
2011-05-17,William Blair & Co,Not Provided,3.0,market perform,-0.0
2011-05-19,BMO Capital Markets,Not Provided,5.0,outperform,40.0
2011-05-19,Citadel Securities LLC,12 month,2.0,reduce,33.0
2011-05-19,Bernstein,12 month,1.0,underperform,34.0
2011-05-20,Nomura,12 month,3.0,neutral,34.0
2011-05-23,Oppenheimer & Co,Not Provided,3.0,market perform,-0.0
2011-05-23,Wells Fargo Securities,Not Provided,5.0,outperform,-0.0
2011-05-23,Piper Jaffray,12 month,3.0,neutral,38.0
2011-05-27,Bernstein,12 month,1.0,underperform,34.0
2011-05-27,Nomura,12 month,3.0,neutral,34.0
2011-05-27,Wells Fargo Securities,Not Provided,5.0,outperform,-0.0
2011-05-27,Edward Jones,Not Provided,3.0,hold,-0.0
2011-05-31,Piper Jaffray,12 month,3.0,neutral,38.0
2011-06-03,Nomura,12 month,3.0,neutral,34.0
2011-06-03,Raymond James,Not Provided,3.0,market perform,-0.0
2011-06-06,J.P. Morgan,9 month,3.0,neutral,38.0
2011-06-06,Piper Jaffray,12 month,3.0,neutral,38.0
2011-06-06,Wells Fargo Securities,Not Provided,5.0,outperform,-0.0
2011-06-07,Pacific Crest Securities,Not Provided,3.0,sector perform,-0.0
2011-06-07,Bernstein,12 month,1.0,underperform,34.0
2011-06-08,Oppenheimer & Co,18 month,5.0,outperform,42.0
2011-06-09,HSBC,Not Provided,5.0,overweight,41.0
2011-06-10,Wells Fargo Securities,Not Provided,5.0,outperform,-0.0
2011-06-10,Bernstein,12 month,1.0,underperform,34.0
2011-06-13,Raymond James,Not Provided,3.0,market perform,-0.0
2011-06-13,Piper Jaffray,12 month,3.0,neutral,38.0
2011-06-15,Atlantic Equities LLP,12 month,5.0,overweight,48.0
2011-06-16,Bernstein,12 month,1.0,underperform,34.0
2011-06-16,Citadel Securities LLC,Not Provided,2.0,reduce,33.0
2011-06-17,Nomura,12 month,3.0,neutral,34.0
2011-06-20,Credit Suisse,Not Provided,3.0,neutral,35.0
2011-06-20,Collins Stewart,12 month,3.0,neutral,36.0
2011-06-20,Edward Jones,Not Provided,3.0,hold,-0.0
2011-06-21,Mizuho Securities USA Inc,12 month,5.0,outperform,40.0
2011-06-21,RBC Capital Markets,12 month,5.0,outperform,41.0
2011-06-21,Wells Fargo Securities,Not Provided,5.0,outperform,-0.0
2011-06-24,Citadel Securities LLC,Not Provided,2.0,reduce,33.0
2011-06-24,Bernstein,12 month,1.0,underperform,34.0
2011-06-24,Wells Fargo Securities,Not Provided,5.0,outperform,-0.0
2011-06-27,Piper Jaffray,12 month,3.0,neutral,38.0
2011-06-27,Collins Stewart,12 month,3.0,neutral,36.0
2011-06-30,Nomura,12 month,3.0,neutral,34.0
2011-07-01,Wells Fargo Securities,Not Provided,5.0,outperform,-0.0
2011-07-05,Morgan Stanley,Not Provided,3.0,Equalwt/In-Line,-0.0
2011-07-05,Piper Jaffray,12 month,3.0,neutral,38.0
2011-07-06,Mizuho Securities USA Inc,12 month,5.0,outperform,40.0
2011-07-07,HSBC,Not Provided,5.0,overweight,43.0
2011-07-07,Pacific Crest Securities,Not Provided,3.0,sector perform,-0.0
2011-07-08,Wells Fargo Securities,Not Provided,5.0,outperform,-0.0
2011-07-08,Citadel Securities LLC,Not Provided,2.0,reduce,33.0
2011-07-08,Bernstein,12 month,1.0,underperform,34.0
2011-07-08,Baird,12 month,5.0,outperform,42.0
2011-07-08,BMO Capital Markets,Not Provided,5.0,outperform,40.0
2011-07-12,Macquarie,12 month,5.0,outperform,45.0
2011-07-18,Bernstein,12 month,1.0,underperform,34.0
2011-07-18,Barclays,Not Provided,3.0,equalwt/neutral,35.0
2011-07-18,Collins Stewart,12 month,3.0,neutral,36.0
2011-07-19,Oppenheimer & Co,18 month,5.0,outperform,42.0
2011-07-19,BMO Capital Markets,Not Provided,5.0,outperform,40.0
2011-07-19,Citadel Securities LLC,12 month,2.0,reduce,33.0
2011-07-19,Cowen,Not Provided,3.0,neutral,-0.0
2011-07-20,Nomura,12 month,3.0,neutral,34.0
2011-07-20,Morgan Stanley,Not Provided,3.0,Equalwt/In-Line,-0.0
2011-07-20,Atlantic Equities LLP,12 month,5.0,overweight,48.0
2011-07-22,Wells Fargo Securities,Not Provided,5.0,outperform,-0.0
2011-07-22,Oppenheimer & Co,12 month,5.0,outperform,42.0
2011-07-22,Stifel,12 month,5.0,buy,40.0
2011-07-22,Pacific Crest Securities,Not Provided,3.0,sector perform,-0.0
2011-07-22,J.P. Morgan,15 month,3.0,neutral,40.0
2011-07-22,Edward Jones,Not Provided,3.0,hold,-0.0
2011-07-22,William Blair & Co,Not Provided,3.0,market perform,-0.0
2011-07-22,Barclays,Not Provided,3.0,equalwt/neutral,35.0
2011-07-24,Credit Suisse,Not Provided,3.0,neutral,33.0
2011-07-24,BMO Capital Markets,Not Provided,5.0,outperform,42.0
2011-07-25,Cowen,Not Provided,3.0,neutral,-0.0
2011-07-25,Collins Stewart,12 month,3.0,neutral,36.0
2011-07-25,Nomura,12 month,3.0,neutral,34.0
2011-07-25,FBR Capital Markets,12 month,3.0,market perform,34.0
2011-07-25,Morgan Stanley,Not Provided,3.0,Equalwt/In-Line,-0.0
2011-07-25,UBS,12 month,3.0,neutral,37.0
2011-07-25,Raymond James,Not Provided,3.0,market perform,-0.0
2011-07-25,Argus Research Corp,Not Provided,5.0,buy,-0.0
2011-07-25,RBC Capital Markets,12 month,5.0,outperform,41.0
2011-07-25,Baird,Not Provided,5.0,outperform,42.0
2011-07-25,Davenport & Co,Not Provided,3.0,neutral,-0.0
2011-07-25,Gabelli & Co,Not Provided,5.0,buy,-0.0
2011-07-26,Macquarie,12 month,5.0,outperform,45.0
2011-07-26,Piper Jaffray,12 month,3.0,neutral,39.0
2011-07-26,Bernstein,12 month,1.0,underperform,34.0
2011-07-26,Mizuho Securities USA Inc,12 month,5.0,outperform,40.0
2011-07-26,Hilliard Lyons,12 month,5.0,buy,40.0
2011-07-26,Atlantic Equities LLP,12 month,5.0,overweight,48.0
2011-07-27,Citadel Securities LLC,12 month,2.0,reduce,33.0
2011-07-28,Bernstein,12 month,1.0,underperform,34.0
2011-07-28,Citadel Securities LLC,12 month,2.0,reduce,33.0
2011-07-28,Nomura,12 month,3.0,neutral,34.0
2011-07-28,Stifel,12 month,5.0,buy,40.0
2011-07-29,RBC Capital Markets,12 month,5.0,outperform,41.0
2011-07-29,Gabelli & Co,Not Provided,5.0,buy,-0.0
2011-07-29,BMO Capital Markets,Not Provided,5.0,outperform,42.0
2011-07-29,Cowen,Not Provided,3.0,neutral,-0.0
2011-07-29,Barclays,Not Provided,3.0,equalwt/neutral,35.0
2011-07-29,Morgan Stanley,Not Provided,3.0,Equalwt/In-Line,-0.0
2011-07-29,Wells Fargo Securities,Not Provided,5.0,outperform,-0.0
2011-08-01,Piper Jaffray,12 month,3.0,neutral,39.0
2011-08-02,Raymond James,Not Provided,3.0,market perform,-0.0
2011-08-02,Edward Jones,Not Provided,3.0,hold,-0.0
2011-08-08,William Blair & Co,Not Provided,3.0,market perform,-0.0
2011-08-08,Cowen,Not Provided,3.0,neutral,-0.0
2011-08-08,Nomura,12 month,3.0,neutral,34.0
2011-08-08,Stifel,12 month,5.0,buy,40.0
2011-08-08,Edward Jones,Not Provided,3.0,hold,-0.0
2011-08-08,Piper Jaffray,12 month,3.0,neutral,39.0
2011-08-08,Baird,12 month,5.0,outperform,42.0
2011-08-09,Bernstein,12 month,1.0,underperform,34.0
2011-08-09,J.P. Morgan,15 month,3.0,neutral,40.0
2011-08-10,Wells Fargo Securities,Not Provided,5.0,outperform,-0.0
2011-08-11,Cowen,Not Provided,3.0,neutral,-0.0
2011-08-12,Baird,12 month,5.0,outperform,42.0
2011-08-12,Wells Fargo Securities,Not Provided,5.0,outperform,-0.0
2011-08-15,Macquarie,12 month,5.0,outperform,44.0
2011-08-15,Piper Jaffray,12 month,3.0,neutral,39.0
2011-08-15,Bernstein,12 month,1.0,underperform,34.0
2011-08-16,BMO Capital Markets,Not Provided,5.0,outperform,42.0
2011-08-18,Oppenheimer & Co,12 month,5.0,outperform,42.0
2011-08-19,Bernstein,12 month,1.0,underperform,34.0
2011-08-22,Wells Fargo Securities,Not Provided,5.0,outperform,-0.0
2011-08-22,Cowen,Not Provided,3.0,neutral,-0.0
2011-08-22,Piper Jaffray,12 month,3.0,neutral,39.0
2011-08-22,Edward Jones,Not Provided,3.0,hold,-0.0
2011-08-22,Nomura,12 month,3.0,neutral,34.0
2011-08-24,Morgan Stanley,Not Provided,3.0,Equalwt/In-Line,-0.0
2011-08-29,Piper Jaffray,12 month,3.0,neutral,39.0
2011-08-31,Pacific Crest Securities,Not Provided,3.0,sector perform,-0.0
2011-08-31,Wells Fargo Securities,Not Provided,5.0,outperform,-0.0
2011-08-31,Bernstein,12 month,1.0,underperform,34.0
2011-09-01,Edward Jones,Not Provided,3.0,hold,-0.0
2011-09-06,Piper Jaffray,12 month,3.0,neutral,39.0
2011-09-06,Bernstein,12 month,1.0,underperform,34.0
2011-09-07,Wells Fargo Securities,Not Provided,5.0,outperform,-0.0
2011-09-07,Baird,12 month,5.0,outperform,42.0
2011-09-07,Raymond James,Not Provided,3.0,market perform,-0.0
2011-09-07,Morgan Stanley,Not Provided,3.0,Equalwt/In-Line,-0.0
2011-09-13,Bernstein,12 month,1.0,underperform,34.0
2011-09-13,Macquarie,12 month,5.0,outperform,44.0
2011-09-14,Nomura,12 month,3.0,neutral,34.0
2011-09-14,Piper Jaffray,12 month,3.0,neutral,39.0
2011-09-14,Wells Fargo Securities,Not Provided,5.0,outperform,-0.0
2011-09-15,Collins Stewart,12 month,3.0,neutral,36.0
2011-09-15,Morgan Stanley,Not Provided,3.0,Equalwt/In-Line,-0.0
2011-09-15,BMO Capital Markets,Not Provided,5.0,outperform,42.0
2011-09-16,Raymond James,Not Provided,3.0,market perform,-0.0
2011-09-21,Wells Fargo Securities,Not Provided,5.0,outperform,-0.0
2011-09-21,Piper Jaffray,12 month,3.0,neutral,39.0
2011-09-23,Wells Fargo Securities,Not Provided,5.0,outperform,-0.0
2011-09-25,Oppenheimer & Co,18 month,5.0,outperform,42.0
2011-09-26,Bernstein,12 month,1.0,underperform,33.0
2011-09-26,Piper Jaffray,12 month,3.0,neutral,39.0
2011-09-26,Stifel,12 month,5.0,buy,40.0
2011-09-26,Macquarie,12 month,5.0,outperform,45.0
2011-09-27,J.P. Morgan,15 month,3.0,neutral,40.0
2011-09-30,Mizuho Securities USA Inc,12 month,5.0,buy,41.0
2011-10-03,Nomura,12 month,3.0,neutral,34.0
2011-10-04,Evercore ISI,12 month,3.0,equalweight,38.5
2011-10-04,Piper Jaffray,12 month,3.0,neutral,39.0
2011-10-05,Pacific Crest Securities,Not Provided,3.0,sector perform,-0.0
2011-10-05,Edward Jones,Not Provided,3.0,hold,-0.0
2011-10-05,Bernstein,12 month,1.0,underperform,33.0
2011-10-06,Wells Fargo Securities,Not Provided,5.0,outperform,-0.0
2011-10-07,William Blair & Co,Not Provided,3.0,market perform,-0.0
2011-10-10,Wells Fargo Securities,Not Provided,5.0,outperform,-0.0
2011-10-12,BMO Capital Markets,Not Provided,5.0,outperform,42.0
2011-10-13,Collins Stewart,12 month,3.0,neutral,36.0
2011-10-13,Nomura,12 month,3.0,neutral,34.0
2011-10-14,UBS,12 month,3.0,neutral,37.0
2011-10-14,Pacific Crest Securities,Not Provided,3.0,sector perform,-0.0
2011-10-15,Macquarie,12 month,5.0,outperform,45.0
2011-10-17,Atlantic Equities LLP,12 month,5.0,overweight,43.0
2011-10-17,Piper Jaffray,12 month,3.0,neutral,39.0
2011-10-17,Raymond James,Not Provided,3.0,market perform,-0.0
2011-10-17,Baird,12 month,5.0,outperform,42.0
2011-10-18,RBC Capital Markets,12 month,5.0,outperform,41.0
2011-10-18,Credit Suisse,Not Provided,3.0,neutral,33.0
2011-10-18,Cowen,Not Provided,3.0,neutral,-0.0
2011-10-19,EVA Dimensions,Not Provided,3.0,hold,-0.0
2011-10-19,Morgan Stanley,Not Provided,3.0,Equalwt/In-Line,-0.0
2011-10-19,Scotia Capital,12 month,3.0,sector perform,40.0
2011-10-19,Nomura,12 month,3.0,neutral,34.0
2011-10-19,Mizuho Securities USA Inc,12 month,5.0,buy,41.0
2011-10-19,Barclays,Not Provided,3.0,equalwt/neutral,35.0
2011-10-19,Evercore ISI,12 month,3.0,equalweight,38.5
2011-10-20,Bernstein,12 month,1.0,underperform,33.0
2011-10-20,Wells Fargo Securities,Not Provided,5.0,outperform,-0.0
2011-10-20,Oppenheimer & Co,18 month,5.0,outperform,42.0
2011-10-20,William Blair & Co,Not Provided,3.0,market perform,-0.0
2011-10-21,Hilliard Lyons,12 month,5.0,buy,40.0
2011-10-21,William Blair & Co,Not Provided,3.0,market perform,-0.0
2011-10-21,Goldman Sachs,12 month,5.0,Buy/Neutral,45.0
2011-10-21,Edward Jones,Not Provided,3.0,hold,-0.0
2011-10-21,Pacific Crest Securities,Not Provided,3.0,sector perform,-0.0
2011-10-21,Wells Fargo Securities,Not Provided,5.0,outperform,-0.0
2011-10-21,Davenport & Co,Not Provided,3.0,neutral,-0.0
2011-10-21,Stifel,12 month,5.0,buy,40.0
2011-10-21,Mizuho Securities USA Inc,12 month,5.0,buy,41.0
2011-10-23,Credit Suisse,Not Provided,3.0,neutral,33.0
2011-10-24,Collins Stewart,12 month,3.0,neutral,36.0
2011-10-24,Baird,12 month,5.0,outperform,42.0
2011-10-24,RBC Capital Markets,12 month,5.0,outperform,41.0
2011-10-24,Raymond James,Not Provided,3.0,market perform,-0.0
2011-10-24,Piper Jaffray,12 month,3.0,neutral,42.0
2011-10-24,Evercore ISI,12 month,3.0,equalweight,39.0
2011-10-24,Atlantic Equities LLP,12 month,5.0,overweight,44.0
2011-10-24,Nomura,12 month,3.0,neutral,34.0
2011-10-24,UBS,12 month,3.0,neutral,37.0
2011-10-24,Scotia Capital,12 month,3.0,sector perform,41.0
2011-10-24,Barclays,Not Provided,3.0,equalwt/neutral,35.0
2011-10-24,Gabelli & Co,Not Provided,5.0,buy,-0.0
2011-10-24,Cowen,Not Provided,3.0,neutral,-0.0
2011-10-24,J.P. Morgan,15 month,3.0,neutral,40.0
2011-10-24,FBR Capital Markets,12 month,3.0,market perform,34.0
2011-10-25,Bernstein,12 month,1.0,underperform,32.0
2011-10-25,Oppenheimer & Co,18 month,5.0,outperform,42.0
2011-10-26,BMO Capital Markets,Not Provided,5.0,outperform,42.0
2011-10-26,Argus Research Corp,Not Provided,5.0,buy,-0.0
2011-10-27,Morgan Stanley,Not Provided,3.0,Equalwt/In-Line,-0.0
2011-10-28,Morgan Stanley,Not Provided,3.0,Equalwt/In-Line,-0.0
2011-10-31,Evercore ISI,12 month,3.0,equalweight,39.0
2011-10-31,Piper Jaffray,12 month,3.0,neutral,42.0
2011-11-01,Raymond James,Not Provided,3.0,market perform,-0.0
2011-11-01,Macquarie,12 month,5.0,outperform,45.0
2011-11-04,William Blair & Co,Not Provided,3.0,market perform,-0.0
2011-11-07,Piper Jaffray,12 month,3.0,neutral,42.0
2011-11-08,Oppenheimer & Co,18 month,5.0,outperform,42.0
2011-11-09,Evercore ISI,12 month,3.0,equalweight,39.0
2011-11-09,BMO Capital Markets,Not Provided,5.0,outperform,42.0
2011-11-09,Wells Fargo Securities,Not Provided,5.0,outperform,-0.0
2011-11-10,Bernstein,12 month,1.0,underperform,32.0
2011-11-10,EVA Dimensions,Not Provided,3.0,hold,-0.0
2011-11-11,BMO Capital Markets,Not Provided,5.0,outperform,42.0
2011-11-11,Cowen,Not Provided,3.0,neutral,-0.0
2011-11-14,Piper Jaffray,12 month,3.0,neutral,42.0
2011-11-14,Evercore ISI,12 month,3.0,equalweight,39.0
2011-11-15,Bernstein,12 month,1.0,underperform,32.0
2011-11-16,Jefferies,12 month,5.0,buy,45.0
2011-11-16,Morgan Stanley,Not Provided,3.0,Equalwt/In-Line,-0.0
2011-11-17,Wells Fargo Securities,Not Provided,5.0,outperform,-0.0
2011-11-17,EVA Dimensions,Not Provided,3.0,hold,-0.0
2011-11-18,EVA Dimensions,Not Provided,3.0,hold,-0.0
2011-11-18,Bernstein,12 month,1.0,underperform,32.0
2011-11-21,Piper Jaffray,12 month,3.0,neutral,42.0
2011-11-21,Evercore ISI,12 month,3.0,equalweight,39.0
2011-11-21,William Blair & Co,Not Provided,3.0,market perform,-0.0
2011-11-22,Raymond James,Not Provided,3.0,market perform,-0.0
2011-11-29,Evercore ISI,12 month,3.0,equalweight,39.0
2011-11-30,Baird,12 month,5.0,outperform,42.0
2011-11-30,EVA Dimensions,Not Provided,1.0,underweight,-0.0
2011-12-01,Edward Jones,Not Provided,3.0,hold,-0.0
2011-12-02,Raymond James,Not Provided,3.0,market perform,-0.0
2011-12-02,Bernstein,12 month,1.0,underperform,32.0
2011-12-02,Mizuho Securities USA Inc,12 month,5.0,buy,41.0
2011-12-02,Wells Fargo Securities,Not Provided,5.0,outperform,-0.0
2011-12-02,Morgan Stanley,Not Provided,3.0,Equalwt/In-Line,-0.0
2011-12-02,Atlantic Equities LLP,12 month,5.0,overweight,44.0
2011-12-02,UBS,12 month,5.0,buy,42.0
2011-12-02,J.P. Morgan,12 month,3.0,neutral,40.0
2011-12-02,Oppenheimer & Co,18 month,5.0,outperform,42.0
2011-12-02,William Blair & Co,Not Provided,3.0,market perform,-0.0
2011-12-02,Collins Stewart,12 month,3.0,neutral,36.0
2011-12-02,Nomura,12 month,3.0,neutral,34.0
2011-12-02,BMO Capital Markets,Not Provided,5.0,outperform,42.0
2011-12-05,Pacific Crest Securities,Not Provided,3.0,sector perform,-0.0
2011-12-05,Edward Jones,Not Provided,3.0,hold,-0.0
2011-12-05,Piper Jaffray,12 month,3.0,neutral,42.0
2011-12-05,Gabelli & Co,Not Provided,5.0,buy,-0.0
2011-12-05,Evercore ISI,12 month,3.0,equalweight,39.0
2011-12-07,BMO Capital Markets,Not Provided,5.0,outperform,42.0
2011-12-08,Raymond James,Not Provided,3.0,market perform,-0.0
2011-12-09,Wells Fargo Securities,Not Provided,5.0,outperform,-0.0
2011-12-13,Evercore ISI,12 month,3.0,equalweight,39.0
2011-12-13,FBR Capital Markets,12 month,3.0,market perform,34.0
2011-12-16,Wells Fargo Securities,Not Provided,5.0,outperform,-0.0
2011-12-16,Raymond James,Not Provided,3.0,market perform,-0.0
2011-12-16,Bernstein,12 month,1.0,underperform,32.0
2011-12-16,BMO Capital Markets,Not Provided,5.0,outperform,42.0
2011-12-19,UBS,12 month,5.0,buy,42.0
2011-12-19,Piper Jaffray,12 month,3.0,neutral,42.0
2011-12-20,Jefferies,12 month,5.0,buy,45.0
2011-12-20,Oppenheimer & Co,12 month,5.0,outperform,42.0
2011-12-23,BMO Capital Markets,Not Provided,5.0,outperform,42.0
2011-12-23,Wells Fargo Securities,Not Provided,5.0,outperform,-0.0
2011-12-23,Telsey Advisory Group,12 month,-2147483648.0,no rating system,44.0
2011-12-27,Daiwa Securities,Not Provided,5.0,outperform,-0.0
2011-12-29,Jefferies,12 month,5.0,buy,45.0
2011-12-29,Bernstein,12 month,1.0,underperform,32.0
2011-12-30,Wells Fargo Securities,Not Provided,5.0,outperform,-0.0
2012-01-03,Piper Jaffray,12 month,3.0,neutral,42.0
2012-01-04,Pacific Crest Securities,Not Provided,3.0,sector perform,-0.0
2012-01-05,Baird,12 month,5.0,outperform,42.0
2012-01-05,Davenport & Co,Not Provided,3.0,neutral,-0.0
2012-01-05,Stifel,12 month,5.0,buy,40.0
2012-01-05,Wells Fargo Securities,Not Provided,5.0,outperform,-0.0
2012-01-05,Gabelli & Co,Not Provided,5.0,buy,-0.0
2012-01-05,Atlantic Equities LLP,12 month,5.0,overweight,44.0
2012-01-05,J.P. Morgan,9 month,3.0,neutral,40.0
2012-01-06,Nomura,12 month,3.0,neutral,37.0
2012-01-08,William Blair & Co,Not Provided,3.0,market perform,-0.0
2012-01-08,Telsey Advisory Group,12 month,-2147483648.0,no rating system,44.0
2012-01-09,Mizuho Securities USA Inc,12 month,5.0,buy,44.0
2012-01-09,BMO Capital Markets,Not Provided,5.0,outperform,44.0
2012-01-09,Piper Jaffray,12 month,3.0,neutral,42.0
2012-01-09,Raymond James,Not Provided,3.0,market perform,-0.0
2012-01-10,Guggenheim Securities,12 month,3.0,neutral,37.0
2012-01-10,Evercore ISI,12 month,3.0,equalweight,40.0
2012-01-11,Pacific Crest Securities,Not Provided,3.0,sector perform,-0.0
2012-01-13,Guggenheim Securities,12 month,3.0,neutral,37.0
2012-01-13,Wells Fargo Securities,Not Provided,5.0,outperform,-0.0
2012-01-16,BMO Capital Markets,Not Provided,5.0,outperform,44.0
2012-01-16,UBS,12 month,5.0,buy,42.0
2012-01-17,Piper Jaffray,12 month,3.0,neutral,42.0
2012-01-17,Bernstein,12 month,1.0,underperform,32.0
2012-01-18,HSBC,Not Provided,5.0,overweight,43.0
2012-01-24,Edward Jones,Not Provided,3.0,hold,-0.0
2012-01-24,Pacific Crest Securities,Not Provided,3.0,sector perform,-0.0
2012-01-24,J.P. Morgan,12 month,3.0,neutral,40.0
2012-01-24,Jefferies,12 month,5.0,buy,45.0
2012-01-24,Bernstein,12 month,1.0,underperform,32.0
2012-01-24,Atlantic Equities LLP,12 month,5.0,overweight,44.0
2012-01-24,Evercore ISI,12 month,3.0,equalweight,39.0
2012-01-24,Wells Fargo Securities,Not Provided,5.0,outperform,-0.0
2012-01-24,Goldman Sachs,12 month,5.0,Buy/Neutral,44.0
2012-01-24,William Blair & Co,Not Provided,3.0,market perform,-0.0
2012-01-24,Stifel,12 month,5.0,buy,42.0
2012-01-24,BMO Capital Markets,Not Provided,5.0,outperform,44.0
2012-01-24,Collins Stewart,12 month,3.0,neutral,36.0
2012-01-24,Davenport & Co,Not Provided,3.0,neutral,-0.0
2012-01-24,Oppenheimer & Co,12 month,5.0,outperform,42.0
2012-01-25,Piper Jaffray,12 month,3.0,neutral,42.0
2012-01-25,Argus Research Corp,Not Provided,5.0,buy,-0.0
2012-01-25,Guggenheim Securities,12 month,3.0,neutral,37.0
2012-01-25,FBR Capital Markets,12 month,3.0,market perform,36.0
2012-01-25,Raymond James,Not Provided,3.0,market perform,-0.0
2012-01-25,UBS,12 month,5.0,buy,42.0
2012-01-25,Gabelli & Co,Not Provided,5.0,buy,-0.0
2012-01-25,Baird,12 month,5.0,outperform,40.0
2012-01-25,Scotia Capital,12 month,3.0,sector perform,40.0
2012-01-25,Hilliard Lyons,12 month,5.0,buy,41.0
2012-01-25,Nomura,12 month,3.0,neutral,37.0
2012-01-25,Barclays,Not Provided,3.0,equalwt/neutral,36.0
2012-01-25,Morgan Stanley,Not Provided,3.0,Equalwt/In-Line,-0.0
2012-01-25,Telsey Advisory Group,12 month,-2147483648.0,no rating system,44.0
2012-01-25,Macquarie,12 month,5.0,outperform,45.0
2012-01-25,Credit Suisse,Not Provided,3.0,neutral,33.0
2012-01-25,Cowen,Not Provided,3.0,neutral,-0.0
2012-01-26,RBC Capital Markets,12 month,5.0,outperform,40.0
2012-01-27,Wells Fargo Securities,Not Provided,5.0,outperform,-0.0
2012-01-27,Bernstein,12 month,1.0,underperform,32.0
2012-01-27,Macquarie,12 month,5.0,outperform,45.0
2012-01-30,Piper Jaffray,12 month,3.0,neutral,42.0
2012-01-30,Evercore ISI,12 month,3.0,equalweight,39.0
2012-01-30,Nomura,12 month,3.0,neutral,37.0
2012-01-31,Guggenheim Securities,12 month,3.0,neutral,36.0
2012-01-31,Raymond James,Not Provided,3.0,market perform,-0.0
2012-02-01,Jefferies,12 month,5.0,buy,45.0
2012-02-01,Atlantic Equities LLP,12 month,5.0,overweight,44.0
2012-02-02,Morgan Stanley,Not Provided,3.0,Equalwt/In-Line,-0.0
2012-02-02,Baird,12 month,5.0,outperform,40.0
2012-02-03,Guggenheim Securities,12 month,3.0,neutral,36.0
2012-02-03,Cowen,Not Provided,3.0,neutral,-0.0
2012-02-05,UBS,12 month,5.0,buy,42.0
2012-02-06,Wells Fargo Securities,Not Provided,5.0,outperform,-0.0
2012-02-06,Raymond James,Not Provided,3.0,market perform,-0.0
2012-02-06,Edward Jones,Not Provided,3.0,hold,-0.0
2012-02-08,Bernstein,12 month,1.0,underperform,32.0
2012-02-10,Wells Fargo Securities,Not Provided,5.0,outperform,-0.0
2012-02-13,Nomura,12 month,3.0,neutral,37.0
2012-02-13,UBS,12 month,5.0,buy,42.0
2012-02-14,Morgan Stanley,Not Provided,3.0,Equalwt/In-Line,-0.0
2012-02-14,Edward Jones,Not Provided,3.0,hold,-0.0
2012-02-15,Guggenheim Securities,12 month,3.0,neutral,36.0
2012-02-15,Baird,12 month,5.0,outperform,40.0
2012-02-17,Wells Fargo Securities,Not Provided,5.0,outperform,-0.0
2012-02-21,HSBC,Not Provided,5.0,overweight,43.0
2012-02-22,Morgan Stanley,Not Provided,3.0,Equalwt/In-Line,-0.0
2012-02-22,EVA Dimensions,Not Provided,1.0,underweight,-0.0
2012-02-23,Raymond James,Not Provided,3.0,market perform,-0.0
2012-02-24,J.P. Morgan,12 month,3.0,neutral,40.0
2012-02-27,Atlantic Equities LLP,12 month,5.0,overweight,44.0
2012-02-27,EVA Dimensions,Not Provided,5.0,buy,-0.0
2012-02-27,Raymond James,Not Provided,3.0,market perform,-0.0
2012-02-27,Piper Jaffray,12 month,3.0,neutral,42.0
2012-02-28,Evercore ISI,12 month,3.0,equalweight,39.0
2012-02-28,Bernstein,12 month,1.0,underperform,32.0
2012-03-01,Baird,12 month,5.0,outperform,40.0
2012-03-02,Cowen,Not Provided,3.0,neutral,-0.0
2012-03-05,Piper Jaffray,12 month,3.0,neutral,42.0
2012-03-05,Nomura,12 month,3.0,neutral,37.0
2012-03-05,Macquarie,12 month,5.0,outperform,45.0
2012-03-05,Raymond James,Not Provided,3.0,market perform,-0.0
2012-03-05,Edward Jones,Not Provided,3.0,hold,-0.0
2012-03-05,J.P. Morgan,9 month,3.0,neutral,40.0
2012-03-06,Morgan Stanley,Not Provided,3.0,Equalwt/In-Line,-0.0
2012-03-06,Evercore ISI,12 month,3.0,equalweight,39.0
2012-03-06,Pacific Crest Securities,Not Provided,3.0,sector perform,-0.0
2012-03-07,Bernstein,12 month,1.0,underperform,32.0
2012-03-08,BMO Capital Markets,Not Provided,5.0,outperform,44.0
2012-03-08,Guggenheim Securities,12 month,3.0,neutral,36.0
2012-03-13,Bernstein,12 month,1.0,underperform,32.0
2012-03-15,Raymond James,Not Provided,3.0,market perform,-0.0
2012-03-19,Evercore ISI,12 month,3.0,equalweight,39.0
2012-03-19,Piper Jaffray,12 month,3.0,neutral,42.0
2012-03-19,Bernstein,12 month,1.0,underperform,32.0
2012-03-20,Morgan Stanley,Not Provided,3.0,Equalwt/In-Line,-0.0
2012-03-21,Guggenheim Securities,12 month,3.0,neutral,36.0
2012-03-23,Piper Jaffray,12 month,3.0,neutral,42.0
2012-03-26,Canaccord Genuity,Not Provided,3.0,hold,36.0
2012-03-26,Nomura,12 month,3.0,neutral,37.0
2012-03-26,Bernstein,12 month,1.0,underperform,32.0
2012-03-28,RBC Capital Markets,12 month,3.0,sector perform,40.0
2012-03-28,J.P. Morgan,9 month,3.0,neutral,40.0
2012-03-28,Wells Fargo Securities,Not Provided,5.0,outperform,-0.0
2012-03-28,Guggenheim Securities,12 month,3.0,neutral,36.0
2012-03-29,Baird,12 month,3.0,neutral,37.0
2012-03-29,Macquarie,12 month,5.0,outperform,45.0
2012-03-30,UBS,12 month,5.0,buy,42.0
2012-03-30,Guggenheim Securities,12 month,3.0,neutral,36.0
2012-04-01,Pacific Crest Securities,Not Provided,3.0,sector perform,-0.0
2012-04-02,Edward Jones,Not Provided,3.0,hold,-0.0
2012-04-02,Evercore ISI,12 month,3.0,equalweight,39.0
2012-04-02,Nomura,12 month,3.0,neutral,37.0
2012-04-03,Credit Suisse,Not Provided,3.0,neutral,38.0
2012-04-03,Piper Jaffray,12 month,3.0,neutral,42.0
2012-04-03,Stifel,12 month,5.0,buy,42.0
2012-04-05,Raymond James,Not Provided,3.0,market perform,-0.0
2012-04-05,Bernstein,12 month,1.0,underperform,32.0
2012-04-09,Piper Jaffray,12 month,3.0,neutral,42.0
2012-04-09,Oppenheimer & Co,18 month,5.0,outperform,42.0
2012-04-11,Evercore ISI,12 month,3.0,equalweight,39.0
2012-04-12,Guggenheim Securities,12 month,3.0,neutral,36.0
2012-04-12,Jefferies,12 month,5.0,buy,45.0
2012-04-12,Atlantic Equities LLP,12 month,5.0,overweight,44.0
2012-04-13,Bernstein,12 month,1.0,underperform,32.0
2012-04-13,Morgan Stanley,Not Provided,3.0,Equalwt/In-Line,-0.0
2012-04-16,Macquarie,12 month,5.0,outperform,45.0
2012-04-19,Scotia Capital,12 month,5.0,sector outperform,42.0
2012-04-19,Hilliard Lyons,12 month,5.0,buy,41.0
2012-04-19,UBS,12 month,5.0,buy,42.0
2012-04-19,BMO Capital Markets,12 month,5.0,outperform,44.0
2012-04-19,Evercore ISI,12 month,3.0,equalweight,40.0
2012-04-19,Guggenheim Securities,12 month,3.0,neutral,36.0
2012-04-19,Piper Jaffray,12 month,3.0,neutral,42.0
2012-04-19,Edward Jones,Not Provided,3.0,hold,-0.0
2012-04-19,Pacific Crest Securities,Not Provided,3.0,sector perform,-0.0
2012-04-19,Stifel,12 month,5.0,buy,42.0
2012-04-19,Jefferies,6 month,5.0,buy,45.0
2012-04-19,William Blair & Co,Not Provided,3.0,market perform,-0.0
2012-04-19,Davenport & Co,Not Provided,3.0,neutral,-0.0
2012-04-19,Oppenheimer & Co,12 month,5.0,outperform,42.0
2012-04-19,Wells Fargo Securities,Not Provided,5.0,outperform,-0.0
2012-04-19,Atlantic Equities LLP,12 month,5.0,overweight,44.0
2012-04-19,Cowen,Not Provided,3.0,neutral,-0.0
2012-04-20,Raymond James,Not Provided,3.0,market perform,-0.0
2012-04-20,Bernstein,12 month,1.0,underperform,32.0
2012-04-20,Canaccord Genuity,12 month,3.0,hold,36.0
2012-04-20,Baird,12 month,3.0,neutral,38.0
2012-04-20,Credit Suisse,Not Provided,3.0,neutral,38.0
2012-04-20,Nomura,12 month,3.0,neutral,37.0
2012-04-20,RBC Capital Markets,12 month,3.0,sector perform,40.0
2012-04-20,Gabelli & Co,Not Provided,5.0,buy,-0.0
2012-04-20,Telsey Advisory Group,Not Provided,-2147483648.0,no rating system,44.0
2012-04-20,Morgan Stanley,Not Provided,3.0,Equalwt/In-Line,-0.0
2012-04-20,J.P. Morgan,6 month,3.0,neutral,41.0
2012-04-20,Barclays,Not Provided,3.0,equalwt/neutral,36.0
2012-04-23,Piper Jaffray,12 month,3.0,neutral,42.0
2012-04-23,Nomura,12 month,3.0,neutral,37.0
2012-04-23,BMO Capital Markets,Not Provided,5.0,outperform,44.0
2012-04-23,Macquarie,12 month,5.0,outperform,45.0
2012-04-23,Morgan Stanley,Not Provided,3.0,Equalwt/In-Line,-0.0
2012-04-24,Evercore ISI,12 month,3.0,equalweight,39.0
2012-04-24,Atlantic Equities LLP,12 month,5.0,overweight,44.0
2012-04-24,FBR Capital Markets,12 month,3.0,market perform,37.0
2012-04-25,UBS,12 month,5.0,buy,42.0
2012-04-25,Bernstein,12 month,1.0,underperform,32.0
2012-04-27,Raymond James,Not Provided,3.0,market perform,-0.0
2012-04-30,UBS,12 month,5.0,buy,42.0
2012-05-03,Canaccord Genuity,12 month,3.0,hold,36.0
2012-05-04,Guggenheim Securities,12 month,3.0,neutral,40.0
2012-05-04,Bernstein,12 month,1.0,underperform,32.0
2012-05-07,Nomura,12 month,3.0,neutral,37.0
2012-05-08,Raymond James,Not Provided,3.0,market perform,-0.0
2012-05-09,Jefferies,12 month,5.0,buy,45.0
2012-05-10,Baird,12 month,3.0,neutral,38.0
2012-05-11,Credit Suisse,Not Provided,5.0,outperform,45.0
2012-05-11,Bernstein,12 month,1.0,underperform,32.0
2012-05-11,Piper Jaffray,12 month,3.0,neutral,42.0
2012-05-14,Piper Jaffray,12 month,3.0,neutral,42.0
2012-05-14,Canaccord Genuity,12 month,3.0,hold,41.0
2012-05-15,Guggenheim Securities,12 month,3.0,neutral,40.0
2012-05-15,Evercore ISI,12 month,3.0,equalweight,40.0
2012-05-16,Cowen,Not Provided,3.0,neutral,-0.0
2012-05-18,Nomura,12 month,3.0,neutral,42.0
2012-05-18,Wells Fargo Securities,Not Provided,5.0,outperform,-0.0
2012-05-18,EVA Dimensions,Not Provided,5.0,overweight,-0.0
2012-05-21,EVA Dimensions,Not Provided,5.0,buy,-0.0
2012-05-22,Evercore ISI,12 month,3.0,equalweight,40.0
2012-05-23,Edward Jones,Not Provided,3.0,hold,-0.0
2012-05-24,Bernstein,12 month,1.0,underperform,32.0
2012-05-24,Guggenheim Securities,12 month,3.0,neutral,40.0
2012-05-25,BMO Capital Markets,Not Provided,5.0,outperform,44.0
2012-05-28,Nomura,12 month,3.0,neutral,42.0
2012-05-28,EVA Dimensions,Not Provided,5.0,overweight,-0.0
2012-05-29,RBC Capital Markets,12 month,3.0,sector perform,40.0
2012-05-31,Jefferies,12 month,5.0,buy,45.0
2012-06-01,Piper Jaffray,12 month,3.0,neutral,42.0
2012-06-01,Wells Fargo Securities,Not Provided,5.0,outperform,-0.0
2012-06-01,Guggenheim Securities,12 month,3.0,neutral,40.0
2012-06-04,Gabelli & Co,Not Provided,5.0,buy,-0.0
2012-06-04,Evercore ISI,12 month,3.0,equalweight,40.0
2012-06-05,Daiwa Securities,Not Provided,3.0,neutral,43.1
2012-06-06,Raymond James,Not Provided,3.0,market perform,-0.0
2012-06-08,Baird,12 month,3.0,neutral,38.0
2012-06-08,Guggenheim Securities,12 month,3.0,neutral,40.0
2012-06-10,BMO Capital Markets,Not Provided,5.0,outperform,46.0
2012-06-11,UBS,Not Provided,-2147483648.0,suspended coverage,-0.0
2012-06-11,Canaccord Genuity,12 month,3.0,hold,41.0
2012-06-12,Credit Suisse,Not Provided,5.0,outperform,45.0
2012-06-12,Bernstein,12 month,1.0,underperform,32.0
2012-06-12,Evercore ISI,12 month,3.0,equalweight,40.0
2012-06-12,Baird,12 month,3.0,neutral,38.0
2012-06-12,Wells Fargo Securities,Not Provided,5.0,outperform,-0.0
2012-06-12,Stifel,12 month,5.0,buy,42.0
2012-06-12,BMO Capital Markets,Not Provided,5.0,outperform,46.0
2012-06-12,Barclays,Not Provided,3.0,equalwt/neutral,36.0
2012-06-12,Scotia Capital,12 month,5.0,sector outperform,42.0
2012-06-13,Jefferies,12 month,5.0,buy,45.0
2012-06-13,Morgan Stanley,Not Provided,3.0,Equalwt/In-Line,-0.0
2012-06-14,UBS,12 month,5.0,buy,46.0
2012-06-14,Hilliard Lyons,12 month,5.0,buy,45.0
2012-06-14,Macquarie,12 month,5.0,outperform,47.0
2012-06-14,Nomura,12 month,3.0,neutral,42.0
2012-06-14,RBC Capital Markets,12 month,3.0,sector perform,40.0
2012-06-15,J.P. Morgan,6 month,3.0,neutral,41.0
2012-06-15,Guggenheim Securities,12 month,3.0,neutral,40.0
2012-06-17,Telsey Advisory Group,12 month,-2147483648.0,no rating system,44.0
2012-06-17,Canaccord Genuity,12 month,3.0,hold,41.0
2012-06-18,Pivotal Research Group LLC,12 month,3.0,hold,39.0
2012-06-18,Piper Jaffray,12 month,3.0,neutral,42.0
2012-06-18,Raymond James,Not Provided,3.0,market perform,-0.0
2012-06-21,RBC Capital Markets,12 month,3.0,sector perform,40.0
2012-06-21,Oppenheimer & Co,18 month,5.0,outperform,48.0
2012-06-21,Guggenheim Securities,12 month,3.0,neutral,40.0
2012-06-22,Raymond James,Not Provided,3.0,market perform,-0.0
2012-06-24,Stifel,12 month,5.0,buy,42.0
2012-06-25,Credit Suisse,Not Provided,5.0,outperform,45.0
2012-06-25,Morgan Stanley,Not Provided,3.0,Equalwt/In-Line,-0.0
2012-06-25,Edward Jones,Not Provided,3.0,hold,-0.0
2012-06-25,Wells Fargo Securities,Not Provided,5.0,outperform,-0.0
2012-06-25,Nomura,12 month,3.0,neutral,42.0
2012-06-25,Jefferies,12 month,5.0,buy,45.0
2012-06-25,Bernstein,12 month,1.0,underperform,32.0
2012-06-26,UBS,12 month,5.0,buy,46.0
2012-06-29,Piper Jaffray,12 month,3.0,neutral,42.0
2012-06-29,Guggenheim Securities,12 month,3.0,neutral,40.0
2012-06-29,Bernstein,12 month,1.0,underperform,32.0
2012-07-03,Nomura,12 month,3.0,neutral,42.0
2012-07-05,Wells Fargo Securities,Not Provided,5.0,outperform,-0.0
2012-07-05,Scotia Capital,12 month,5.0,sector outperform,48.0
2012-07-05,Evercore ISI,12 month,3.0,equalweight,40.0
2012-07-05,J.P. Morgan,6 month,3.0,neutral,45.0
2012-07-09,Baird,12 month,3.0,neutral,40.0
2012-07-10,Guggenheim Securities,12 month,3.0,neutral,40.0
2012-07-10,Bernstein,12 month,1.0,underperform,32.0
2012-07-11,Cowen,Not Provided,3.0,neutral,-0.0
2012-07-12,Macquarie,12 month,5.0,outperform,48.5
2012-07-13,Morgan Stanley,Not Provided,3.0,Equalwt/In-Line,-0.0
2012-07-13,Guggenheim Securities,12 month,3.0,neutral,40.0
2012-07-15,BMO Capital Markets,Not Provided,5.0,outperform,46.0
2012-07-16,Barclays,Not Provided,3.0,equalwt/neutral,40.0
2012-07-16,Raymond James,Not Provided,3.0,market perform,-0.0
2012-07-17,Edward Jones,Not Provided,3.0,hold,-0.0
2012-07-17,Evercore ISI,12 month,3.0,equalweight,44.0
2012-07-17,Wells Fargo Securities,Not Provided,5.0,outperform,-0.0
2012-07-19,Pivotal Research Group LLC,12 month,3.0,hold,39.0
2012-07-19,Stifel,12 month,5.0,buy,48.0
2012-07-19,Raymond James,Not Provided,3.0,market perform,-0.0
2012-07-19,Credit Suisse,Not Provided,3.0,neutral,45.0
2012-07-19,Davenport & Co,Not Provided,3.0,neutral,-0.0
2012-07-19,Pacific Crest Securities,Not Provided,3.0,sector perform,-0.0
2012-07-19,Cowen,Not Provided,3.0,neutral,-0.0
2012-07-19,Scotia Capital,12 month,5.0,sector outperform,50.0
2012-07-19,BMO Capital Markets,Not Provided,5.0,outperform,47.0
2012-07-19,Goldman Sachs,12 month,5.0,Buy/Neutral,48.0
2012-07-20,Hilliard Lyons,12 month,5.0,buy,47.0
2012-07-20,Oppenheimer & Co,12 month,5.0,outperform,50.0
2012-07-20,FBR Capital Markets,12 month,3.0,market perform,43.0
2012-07-20,Guggenheim Securities,12 month,3.0,neutral,40.0
2012-07-20,UBS,12 month,5.0,buy,48.0
2012-07-20,Gabelli & Co,Not Provided,5.0,buy,-0.0
2012-07-20,RBC Capital Markets,12 month,3.0,sector perform,46.0
2012-07-20,Barclays,Not Provided,3.0,equalweight,40.0
2012-07-20,Nomura,12 month,3.0,neutral,45.0
2012-07-20,Jefferies,12 month,5.0,buy,50.0
2012-07-20,J.P. Morgan,15 month,3.0,neutral,48.0
2012-07-20,Morgan Stanley,Not Provided,3.0,Equalwt/In-Line,-0.0
2012-07-20,Baird,12 month,3.0,neutral,42.0
2012-07-23,Canaccord Genuity,12 month,3.0,hold,43.0
2012-07-23,Atlantic Equities LLP,12 month,5.0,overweight,48.0
2012-07-23,Piper Jaffray,12 month,3.0,neutral,42.0
2012-07-23,Oracle Investment Research,Not Provided,3.0,hold,-0.0
2012-07-23,Evercore ISI,12 month,3.0,equalweight,44.0
2012-07-24,Bernstein,12 month,1.0,underperform,32.0
2012-07-24,Wells Fargo Securities,Not Provided,5.0,outperform,-0.0
2012-07-24,Macquarie,12 month,5.0,outperform,49.0
2012-07-30,Baird,12 month,3.0,neutral,42.0
2012-07-30,Piper Jaffray,12 month,3.0,neutral,42.0
2012-07-31,Bernstein,12 month,1.0,underperform,33.0
2012-08-01,Guggenheim Securities,12 month,3.0,neutral,43.0
2012-08-03,Morgan Stanley,Not Provided,3.0,Equalwt/In-Line,-0.0
2012-08-06,Piper Jaffray,12 month,3.0,neutral,42.0
2012-08-07,Bernstein,12 month,1.0,underperform,33.0
2012-08-10,Guggenheim Securities,12 month,3.0,neutral,43.0
2012-08-12,Oppenheimer & Co,12 month,5.0,outperform,50.0
2012-08-13,Piper Jaffray,12 month,3.0,neutral,42.0
2012-08-13,Bernstein,12 month,1.0,underperform,33.0
2012-08-13,EVA Dimensions,Not Provided,3.0,hold,-0.0
2012-08-14,Evercore ISI,12 month,3.0,equalweight,44.0
2012-08-15,Cowen,Not Provided,3.0,neutral,-0.0
2012-08-15,FBR Capital Markets,12 month,3.0,market perform,43.0
2012-08-15,Edward Jones,Not Provided,3.0,hold,-0.0
2012-08-16,Oppenheimer & Co,18 month,5.0,outperform,50.0
2012-08-17,Guggenheim Securities,12 month,3.0,neutral,43.0
2012-08-20,Bernstein,12 month,1.0,underperform,33.0
2012-08-21,Wells Fargo Securities,Not Provided,5.0,outperform,-0.0
2012-08-22,Piper Jaffray,12 month,3.0,neutral,42.0
2012-08-23,Baird,12 month,3.0,neutral,42.0
2012-08-24,Wells Fargo Securities,Not Provided,5.0,outperform,-0.0
2012-08-24,S&P Capital IQ,Not Provided,3.0,hold,40.0
2012-08-27,Bernstein,12 month,1.0,underperform,33.0
2012-08-28,Morgan Stanley,Not Provided,3.0,Equalwt/In-Line,-0.0
2012-08-29,Canaccord Genuity,12 month,3.0,hold,43.0
2012-08-29,Morgan Stanley,Not Provided,3.0,Equalwt/In-Line,-0.0
2012-08-30,Jefferies,12 month,5.0,buy,50.0
2012-08-30,Raymond James,Not Provided,3.0,market perform,-0.0
2012-08-30,Guggenheim Securities,12 month,3.0,neutral,43.0
2012-09-03,Janco Partners Inc,Not Provided,5.0,buy,-0.0
2012-09-04,Macquarie,12 month,5.0,outperform,50.0
2012-09-04,Piper Jaffray,12 month,3.0,neutral,42.0
2012-09-05,J.P. Morgan,15 month,3.0,neutral,48.0
2012-09-05,Nomura,12 month,3.0,neutral,45.0
2012-09-06,Morgan Stanley,Not Provided,3.0,Equalwt/In-Line,-0.0
2012-09-06,Pivotal Research Group LLC,12 month,3.0,hold,39.0
2012-09-07,Oppenheimer & Co,18 month,5.0,outperform,50.0
2012-09-07,UBS,12 month,5.0,buy,48.0
2012-09-10,J.P. Morgan,15 month,3.0,neutral,48.0
2012-09-10,Pacific Crest Securities,Not Provided,3.0,sector perform,-0.0
2012-09-11,Barclays,Not Provided,3.0,equalweight,40.0
2012-09-12,Wells Fargo Securities,Not Provided,5.0,outperform,-0.0
2012-09-12,Piper Jaffray,12 month,3.0,neutral,42.0
2012-09-12,Edward Jones,Not Provided,3.0,hold,-0.0
2012-09-12,Nomura,12 month,3.0,neutral,45.0
2012-09-12,Guggenheim Securities,12 month,3.0,neutral,43.0
2012-09-13,Barclays,Not Provided,3.0,equalweight,40.0
2012-09-13,Baird,12 month,3.0,neutral,42.0
2012-09-14,Stifel,Not Provided,3.0,hold,-0.0
2012-09-17,Bernstein,12 month,1.0,underperform,33.0
2012-09-17,Piper Jaffray,12 month,3.0,neutral,44.0
2012-09-17,Raymond James,Not Provided,3.0,market perform,-0.0
2012-09-18,Guggenheim Securities,12 month,3.0,neutral,43.0
2012-09-19,RBC Capital Markets,12 month,3.0,sector perform,46.0
2012-09-19,Wells Fargo Securities,Not Provided,5.0,outperform,-0.0
2012-09-20,Argus Research Corp,Not Provided,5.0,buy,48.0
2012-09-20,UBS,12 month,5.0,buy,48.0
2012-09-20,Wells Fargo Securities,Not Provided,5.0,outperform,-0.0
2012-09-21,Piper Jaffray,12 month,3.0,neutral,44.0
2012-09-21,BMO Capital Markets,Not Provided,5.0,outperform,47.0
2012-09-21,Bernstein,12 month,1.0,underperform,33.0
2012-09-25,Oppenheimer & Co,18 month,5.0,outperform,52.0
2012-09-26,Guggenheim Securities,12 month,3.0,neutral,43.0
2012-09-26,Macquarie,12 month,5.0,outperform,50.0
2012-09-28,Bernstein,12 month,1.0,underperform,33.0
2012-09-28,Credit Suisse,Not Provided,3.0,neutral,45.0
2012-10-01,J.P. Morgan,12 month,3.0,neutral,48.0
2012-10-02,Atlantic Equities LLP,12 month,5.0,overweight,48.0
2012-10-02,Evercore ISI,12 month,3.0,equalweight,44.0
2012-10-03,Cowen,Not Provided,3.0,neutral,-0.0
2012-10-03,Edward Jones,Not Provided,3.0,hold,-0.0
2012-10-03,Guggenheim Securities,12 month,3.0,neutral,43.0
2012-10-05,Morgan Stanley,Not Provided,3.0,Equalwt/In-Line,-0.0
2012-10-08,J.P. Morgan,12 month,3.0,neutral,48.0
2012-10-08,Nomura,12 month,3.0,neutral,45.0
2012-10-09,Guggenheim Securities,12 month,3.0,neutral,43.0
2012-10-09,Piper Jaffray,12 month,3.0,neutral,44.0
2012-10-10,Macquarie,12 month,5.0,outperform,50.0
2012-10-10,Evercore ISI,12 month,3.0,equalweight,47.0
2012-10-10,Pacific Crest Securities,Not Provided,3.0,sector perform,-0.0
2012-10-10,Wells Fargo Securities,Not Provided,5.0,outperform,-0.0
2012-10-10,Jefferies,12 month,5.0,buy,50.0
2012-10-11,Canaccord Genuity,12 month,3.0,hold,43.0
2012-10-12,Baird,12 month,3.0,neutral,42.0
2012-10-15,HSBC,Not Provided,5.0,overweight,43.0
2012-10-15,Evercore ISI,12 month,3.0,equalweight,47.0
2012-10-15,Morgan Stanley,Not Provided,3.0,Equalwt/In-Line,-0.0
2012-10-15,Piper Jaffray,12 month,3.0,neutral,44.0
2012-10-15,Pivotal Research Group LLC,12 month,3.0,hold,39.0
2012-10-15,BMO Capital Markets,Not Provided,5.0,outperform,47.0
2012-10-16,Cowen,Not Provided,3.0,neutral,-0.0
2012-10-16,Bernstein,12 month,1.0,underperform,33.0
2012-10-16,Raymond James,Not Provided,3.0,market perform,-0.0
2012-10-16,Atlantic Equities LLP,12 month,5.0,overweight,51.0
2012-10-17,FBR Capital Markets,12 month,3.0,market perform,43.0
2012-10-17,Wells Fargo Securities,Not Provided,5.0,outperform,-0.0
2012-10-17,Barclays,Not Provided,3.0,equalweight,45.0
2012-10-18,Stifel,Not Provided,3.0,hold,-0.0
2012-10-18,J.P. Morgan,12 month,3.0,neutral,51.0
2012-10-18,BMO Capital Markets,Not Provided,5.0,outperform,49.0
2012-10-18,Pivotal Research Group LLC,12 month,3.0,hold,40.0
2012-10-18,William Blair & Co,Not Provided,3.0,market perform,-0.0
2012-10-18,Davenport & Co,Not Provided,3.0,neutral,-0.0
2012-10-18,Canaccord Genuity,12 month,3.0,hold,47.0
2012-10-18,Scotia Capital,12 month,5.0,sector outperform,50.0
2012-10-18,Raymond James,Not Provided,3.0,market perform,-0.0
2012-10-18,Pacific Crest Securities,12 month,5.0,outperform,53.0
2012-10-19,Baird,12 month,3.0,neutral,45.0
2012-10-19,Cowen,Not Provided,3.0,neutral,-0.0
2012-10-19,Morgan Stanley,Not Provided,3.0,Equalwt/In-Line,-0.0
2012-10-19,FBR Capital Markets,12 month,3.0,market perform,45.0
2012-10-19,Hilliard Lyons,12 month,5.0,buy,49.0
2012-10-19,UBS,12 month,5.0,buy,48.0
2012-10-19,Barclays,Not Provided,3.0,equalweight,45.0
2012-10-19,Argus Research Corp,Not Provided,5.0,buy,48.0
2012-10-19,Piper Jaffray,12 month,3.0,neutral,45.0
2012-10-19,Jefferies,12 month,5.0,buy,52.0
2012-10-19,RBC Capital Markets,12 month,3.0,sector perform,50.0
2012-10-19,Wells Fargo Securities,Not Provided,5.0,outperform,-0.0
2012-10-19,Guggenheim Securities,12 month,3.0,neutral,43.0
2012-10-21,Telsey Advisory Group,Not Provided,-2147483648.0,no rating system,50.0
2012-10-22,Credit Suisse,Not Provided,3.0,neutral,45.0
2012-10-22,Oppenheimer & Co,18 month,5.0,outperform,52.0
2012-10-22,Edward Jones,Not Provided,3.0,hold,-0.0
2012-10-23,Macquarie,12 month,5.0,outperform,52.0
2012-10-23,Gabelli & Co,Not Provided,5.0,buy,-0.0
2012-10-23,Nomura,12 month,3.0,neutral,49.0
2012-10-23,Atlantic Equities LLP,12 month,5.0,overweight,51.0
2012-10-24,Bernstein,12 month,1.0,underperform,33.0
2012-10-24,Evercore ISI,12 month,3.0,equalweight,48.5
2012-10-30,Evercore ISI,12 month,3.0,equalweight,48.5
2012-11-02,Morgan Stanley,Not Provided,3.0,Equalwt/In-Line,-0.0
2012-11-02,Guggenheim Securities,12 month,3.0,neutral,45.0
2012-11-02,Bernstein,12 month,1.0,underperform,33.0
2012-11-02,Wells Fargo Securities,Not Provided,5.0,outperform,-0.0
2012-11-02,Edward Jones,Not Provided,3.0,hold,-0.0
2012-11-05,Piper Jaffray,12 month,3.0,neutral,45.0
2012-11-05,HSBC,Not Provided,5.0,overweight,43.0
2012-11-05,Nomura,12 month,3.0,neutral,49.0
2012-11-07,Raymond James,Not Provided,3.0,market perform,-0.0
2012-11-08,Wells Fargo Securities,Not Provided,5.0,outperform,-0.0
2012-11-08,Bernstein,12 month,1.0,underperform,33.0
2012-11-11,Pacific Crest Securities,12 month,5.0,outperform,53.0
2012-11-12,Macquarie,12 month,5.0,outperform,51.0
2012-11-12,Nomura,12 month,3.0,neutral,49.0
2012-11-12,Edward Jones,Not Provided,3.0,hold,-0.0
2012-11-12,Stifel,Not Provided,3.0,hold,-0.0
2012-11-12,Piper Jaffray,12 month,3.0,neutral,45.0
2012-11-12,Evercore ISI,12 month,3.0,equalweight,48.5
2012-11-12,EVA Dimensions,Not Provided,1.0,underweight,-0.0
2012-11-13,Wells Fargo Securities,Not Provided,5.0,outperform,-0.0
2012-11-13,UBS,12 month,5.0,buy,48.0
2012-11-13,S&P Capital IQ,12 month,3.0,hold,44.0
2012-11-13,Barclays,Not Provided,3.0,equalweight,45.0
2012-11-15,RBC Capital Markets,12 month,3.0,sector perform,50.0
2012-11-16,Bernstein,12 month,1.0,underperform,33.0
2012-11-16,Oppenheimer & Co,18 month,5.0,outperform,52.0
2012-11-19,Canaccord Genuity,12 month,3.0,hold,47.0
2012-11-19,Baird,12 month,3.0,neutral,45.0
2012-11-20,Cowen,Not Provided,3.0,neutral,-0.0
2012-11-20,Nomura,12 month,3.0,neutral,49.0
2012-11-25,Telsey Advisory Group,Not Provided,-2147483648.0,no rating system,50.0
2012-11-26,Bernstein,12 month,1.0,underperform,33.0
2012-11-27,William Blair & Co,Not Provided,3.0,market perform,-0.0
2012-11-30,Baird,12 month,3.0,neutral,45.0
2012-11-30,Jefferies,12 month,5.0,buy,52.0
2012-11-30,Piper Jaffray,12 month,3.0,neutral,45.0
2012-11-30,Cowen,Not Provided,3.0,neutral,-0.0
2012-11-30,Raymond James,Not Provided,3.0,market perform,-0.0
2012-11-30,Wells Fargo Securities,Not Provided,5.0,outperform,-0.0
2012-12-03,Bernstein,12 month,1.0,underperform,33.0
2012-12-03,Nomura,12 month,5.0,buy,50.0
2012-12-04,Wells Fargo Securities,Not Provided,5.0,outperform,-0.0
2012-12-04,Evercore ISI,12 month,3.0,equalweight,48.5
2012-12-04,Jefferies,12 month,5.0,buy,52.0
2012-12-07,Guggenheim Securities,12 month,3.0,neutral,45.0
2012-12-07,HSBC,Not Provided,5.0,overweight,50.0
2012-12-07,Baird,12 month,3.0,neutral,45.0
2012-12-09,Pacific Crest Securities,Not Provided,5.0,outperform,-0.0
2012-12-10,Bernstein,12 month,1.0,underperform,33.0
2012-12-11,Edward Jones,Not Provided,3.0,hold,-0.0
2012-12-11,Evercore ISI,12 month,3.0,equalweight,48.5
2012-12-12,Daiwa Securities,Not Provided,3.0,neutral,46.2
2012-12-12,J.P. Morgan,12 month,3.0,neutral,51.0
2012-12-12,Wells Fargo Securities,Not Provided,5.0,outperform,-0.0
2012-12-14,Macquarie,12 month,5.0,outperform,51.0
2012-12-14,Bernstein,12 month,1.0,underperform,33.0
2012-12-17,RBC Capital Markets,12 month,3.0,sector perform,50.0
2012-12-19,UBS,12 month,5.0,buy,48.0
2012-12-19,Pacific Crest Securities,Not Provided,5.0,outperform,-0.0
2012-12-19,Evercore ISI,12 month,3.0,equalweight,48.5
2012-12-21,Guggenheim Securities,12 month,3.0,neutral,45.0
2012-12-21,Bernstein,12 month,1.0,underperform,33.0
2012-12-28,Bernstein,12 month,1.0,underperform,33.0
2013-01-02,Evercore ISI,12 month,3.0,equalweight,48.5
2013-01-04,Atlantic Equities LLP,12 month,5.0,overweight,51.0
2013-01-04,Bernstein,12 month,1.0,underperform,33.0
2013-01-04,Edward Jones,Not Provided,3.0,hold,-0.0
2013-01-07,Pacific Crest Securities,12 month,5.0,outperform,53.0
2013-01-07,Scotia Capital,12 month,5.0,sector outperform,50.0
2013-01-07,Piper Jaffray,12 month,3.0,neutral,45.0
2013-01-08,Macquarie,12 month,5.0,outperform,51.0
2013-01-08,Oppenheimer & Co,18 month,5.0,outperform,52.0
2013-01-08,UBS,12 month,5.0,buy,48.0
2013-01-08,Guggenheim Securities,12 month,3.0,neutral,45.0
2013-01-08,Canaccord Genuity,12 month,3.0,hold,47.0
2013-01-08,Baird,12 month,3.0,neutral,45.0
2013-01-08,Stifel,Not Provided,3.0,hold,-0.0
2013-01-09,Raymond James,Not Provided,3.0,market perform,-0.0
2013-01-09,Goldman Sachs,12 month,5.0,Buy/Neutral,47.0
2013-01-09,J.P. Morgan,12 month,3.0,neutral,51.0
2013-01-09,Morgan Stanley,Not Provided,3.0,Equalwt/In-Line,-0.0
2013-01-09,Wells Fargo Securities,Not Provided,5.0,outperform,-0.0
2013-01-09,Pivotal Research Group LLC,12 month,3.0,hold,40.0
2013-01-09,Nomura,12 month,5.0,buy,49.0
2013-01-10,Macquarie,12 month,5.0,outperform,50.0
2013-01-10,Morgan Stanley,Not Provided,3.0,Equalwt/In-Line,-0.0
2013-01-10,Guggenheim Securities,12 month,3.0,neutral,45.0
2013-01-10,Piper Jaffray,12 month,3.0,neutral,45.0
2013-01-10,Argus Research Corp,Not Provided,5.0,buy,48.0
2013-01-14,Pacific Crest Securities,12 month,5.0,outperform,53.0
2013-01-14,UBS,12 month,3.0,neutral,44.0
2013-01-14,Wells Fargo Securities,Not Provided,5.0,outperform,-0.0
2013-01-14,Bernstein,12 month,1.0,underperform,33.0
2013-01-14,Oppenheimer & Co,18 month,5.0,outperform,52.0
2013-01-15,EVA Dimensions,Not Provided,1.0,underweight,-0.0
2013-01-15,Evercore ISI,12 month,3.0,equalweight,47.0
2013-01-15,Stifel,Not Provided,3.0,hold,-0.0
2013-01-22,Stifel,Not Provided,3.0,hold,-0.0
2013-01-22,S&P Capital IQ,12 month,3.0,hold,44.0
2013-01-22,Pacific Crest Securities,12 month,5.0,outperform,53.0
2013-01-22,Atlantic Equities LLP,12 month,5.0,overweight,51.0
2013-01-22,Scotia Capital,12 month,5.0,sector outperform,48.0
2013-01-22,Oppenheimer & Co,12 month,5.0,outperform,52.0
2013-01-22,Canaccord Genuity,Not Provided,5.0,buy,50.0
2013-01-22,Raymond James,Not Provided,3.0,market perform,-0.0
2013-01-22,Pivotal Research Group LLC,12 month,3.0,hold,42.0
2013-01-22,New Street Research,Not Provided,3.0,neutral,43.0
2013-01-22,William Blair & Co,Not Provided,3.0,market perform,-0.0
2013-01-22,Evercore ISI,12 month,3.0,equalweight,47.0
2013-01-22,Wells Fargo Securities,Not Provided,5.0,outperform,-0.0
2013-01-23,J.P. Morgan,12 month,3.0,neutral,48.0
2013-01-23,National Securities,12 month,5.0,buy,48.0
2013-01-23,Morgan Stanley,Not Provided,3.0,Equalwt/In-Line,-0.0
2013-01-23,Piper Jaffray,12 month,3.0,neutral,45.0
2013-01-23,Barclays,Not Provided,3.0,equalweight,48.0
2013-01-23,Macquarie,12 month,5.0,outperform,49.0
2013-01-23,Cowen,Not Provided,3.0,neutral,-0.0
2013-01-23,Guggenheim Securities,12 month,3.0,neutral,45.0
2013-01-23,Edward Jones,Not Provided,3.0,hold,-0.0
2013-01-23,RBC Capital Markets,12 month,3.0,sector perform,50.0
2013-01-23,Baird,12 month,3.0,neutral,44.0
2013-01-23,Nomura,12 month,5.0,buy,49.0
2013-01-23,Telsey Advisory Group,Not Provided,-2147483648.0,no rating system,48.0
2013-01-23,Argus Research Corp,Not Provided,5.0,buy,54.0
2013-01-23,UBS,12 month,3.0,neutral,44.0
2013-01-23,FBR Capital Markets,12 month,3.0,market perform,45.0
2013-01-23,Hilliard Lyons,12 month,5.0,buy,48.0
2013-01-23,Jefferies,12 month,5.0,buy,52.0
2013-01-24,Bernstein,12 month,1.0,underperform,33.0
2013-01-25,Atlantic Equities LLP,12 month,5.0,overweight,51.0
2013-01-25,Morgan Stanley,Not Provided,3.0,Equalwt/In-Line,-0.0
2013-01-28,Oppenheimer & Co,12 month,5.0,outperform,52.0
2013-01-28,Edward Jones,Not Provided,3.0,hold,-0.0
2013-01-29,Evercore ISI,12 month,3.0,equalweight,47.0
2013-01-30,Wells Fargo Securities,Not Provided,5.0,outperform,-0.0
2013-01-30,Guggenheim Securities,12 month,3.0,neutral,45.0
2013-01-31,New Street Research,Not Provided,3.0,neutral,43.0
2013-02-01,Gabelli & Co,Not Provided,5.0,buy,-0.0
2013-02-01,Piper Jaffray,12 month,5.0,overweight,50.0
2013-02-04,J.P. Morgan,9 month,3.0,neutral,48.0
2013-02-05,Evercore ISI,12 month,3.0,equalweight,47.0
2013-02-07,Wells Fargo Securities,Not Provided,5.0,outperform,-0.0
2013-02-10,Telsey Advisory Group,Not Provided,-2147483648.0,no rating system,48.0
2013-02-11,Nomura,12 month,5.0,buy,49.0
2013-02-11,Oppenheimer & Co,12 month,5.0,outperform,52.0
2013-02-13,Evercore ISI,12 month,3.0,equalweight,47.0
2013-02-14,Raymond James,12 month,5.0,outperform,48.0
2013-02-19,HSBC,Not Provided,5.0,overweight,50.0
2013-02-21,Evercore ISI,12 month,3.0,equalweight,47.0
2013-02-22,Wells Fargo Securities,Not Provided,5.0,outperform,-0.0
2013-02-26,Edward Jones,Not Provided,3.0,hold,-0.0
2013-03-01,Cowen,Not Provided,3.0,neutral,-0.0
2013-03-01,Piper Jaffray,12 month,5.0,overweight,50.0
2013-03-04,Wells Fargo Securities,Not Provided,5.0,outperform,-0.0
2013-03-05,William Blair & Co,Not Provided,3.0,market perform,-0.0
2013-03-05,Evercore ISI,12 month,3.0,equalweight,47.0
2013-03-06,Morgan Stanley,Not Provided,3.0,Equalwt/In-Line,-0.0
2013-03-06,New Street Research,Not Provided,3.0,neutral,43.0
2013-03-06,Nomura,12 month,5.0,buy,49.0
2013-03-06,Atlantic Equities LLP,12 month,5.0,overweight,51.0
2013-03-08,Macquarie,12 month,5.0,outperform,51.0
2013-03-11,New Street Research,Not Provided,3.0,neutral,43.0
2013-03-12,Evercore ISI,12 month,3.0,equalweight,47.0
2013-03-12,Piper Jaffray,12 month,5.0,overweight,50.0
2013-03-13,Argus Research Corp,12 month,5.0,buy,54.0
2013-03-14,Goldman Sachs,12 month,5.0,Buy/Neutral,51.0
2013-03-15,Wells Fargo Securities,Not Provided,5.0,outperform,-0.0
2013-03-18,Scotia Capital,12 month,5.0,sector outperform,51.0
2013-03-19,Oppenheimer & Co,12 month,5.0,outperform,52.0
2013-03-21,Pacific Crest Securities,12 month,5.0,outperform,53.0
2013-03-25,Tigress Financial Partners,Not Provided,3.0,neutral,-0.0
2013-03-25,Edward Jones,Not Provided,3.0,hold,-0.0
2013-03-26,Raymond James,12 month,5.0,outperform,48.0
2013-03-26,Piper Jaffray,12 month,5.0,overweight,50.0
2013-03-27,Guggenheim Securities,12 month,3.0,neutral,45.0
2013-03-27,Evercore ISI,12 month,3.0,equalweight,47.0
2013-03-27,J.P. Morgan,9 month,3.0,neutral,51.0
2013-03-28,Oppenheimer & Co,18 month,5.0,outperform,52.0
2013-03-28,Wells Fargo Securities,Not Provided,5.0,outperform,-0.0
2013-04-01,Gabelli & Co,Not Provided,5.0,buy,-0.0
2013-04-02,Wells Fargo Securities,Not Provided,5.0,outperform,-0.0
2013-04-03,Stifel,Not Provided,3.0,hold,-0.0
2013-04-03,Edward Jones,Not Provided,3.0,hold,-0.0
2013-04-03,Guggenheim Securities,12 month,3.0,neutral,45.0
2013-04-04,Baird,12 month,3.0,neutral,44.0
2013-04-04,Janco Partners Inc,Not Provided,5.0,buy,54.0
2013-04-04,Evercore ISI,12 month,3.0,equalweight,51.0
2013-04-09,Piper Jaffray,12 month,5.0,overweight,50.0
2013-04-10,Macquarie,12 month,5.0,outperform,51.0
2013-04-11,Evercore ISI,12 month,3.0,equalweight,51.0
2013-04-12,Nomura,12 month,5.0,buy,49.0
2013-04-12,Goldman Sachs,12 month,5.0,Buy/Neutral,52.0
2013-04-12,Wells Fargo Securities,Not Provided,5.0,outperform,-0.0
2013-04-15,Morgan Stanley,Not Provided,3.0,Equalwt/In-Line,-0.0
2013-04-15,Argus Research Corp,12 month,5.0,buy,54.0
2013-04-15,Scotia Capital,12 month,5.0,sector outperform,56.0
2013-04-15,Oppenheimer & Co,18 month,5.0,outperform,55.0
2013-04-15,Guggenheim Securities,12 month,3.0,neutral,45.0
2013-04-15,Baird,12 month,3.0,neutral,50.0
2013-04-17,Telsey Advisory Group,Not Provided,-2147483648.0,no rating system,56.0
2013-04-18,Evercore ISI,12 month,3.0,equalweight,53.5
2013-04-18,Scotia Capital,12 month,5.0,sector outperform,56.0
2013-04-18,Edward Jones,Not Provided,3.0,hold,-0.0
2013-04-18,Janco Partners Inc,Not Provided,5.0,strong buy,-0.0
2013-04-18,Stifel,Not Provided,3.0,hold,-0.0
2013-04-18,Raymond James,18 month,5.0,outperform,54.0
2013-04-18,Canaccord Genuity,Not Provided,5.0,buy,55.0
2013-04-18,Goldman Sachs,12 month,5.0,Buy/Neutral,54.0
2013-04-18,UBS,12 month,3.0,neutral,49.0
2013-04-18,William Blair & Co,Not Provided,3.0,market perform,-0.0
2013-04-18,J.P. Morgan,6 month,3.0,neutral,53.0
2013-04-19,Wells Fargo Securities,Not Provided,5.0,outperform,-0.0
2013-04-19,Pacific Crest Securities,12 month,5.0,outperform,58.0
2013-04-19,Oppenheimer & Co,12 month,5.0,outperform,55.0
2013-04-19,Jefferies,12 month,5.0,buy,56.0
2013-04-19,Cowen,Not Provided,3.0,neutral,-0.0
2013-04-19,Morgan Stanley,Not Provided,3.0,Equalwt/In-Line,-0.0
2013-04-19,S&P Capital IQ,12 month,3.0,hold,53.0
2013-04-19,Nomura,12 month,5.0,buy,55.0
2013-04-19,Hilliard Lyons,12 month,5.0,buy,54.0
2013-04-19,Gabelli & Co,Not Provided,5.0,buy,-0.0
2013-04-19,FBR Capital Markets,12 month,3.0,market perform,53.0
2013-04-19,Argus Research Corp,Not Provided,5.0,buy,59.0
2013-04-19,Piper Jaffray,12 month,5.0,overweight,56.0
2013-04-19,New Street Research,Not Provided,3.0,neutral,49.0
2013-04-19,RBC Capital Markets,12 month,3.0,sector perform,56.0
2013-04-19,Guggenheim Securities,12 month,3.0,neutral,50.0
2013-04-22,Macquarie,12 month,3.0,neutral,53.0
2013-04-22,Atlantic Equities LLP,12 month,5.0,overweight,56.0
2013-04-22,Accountability Research Corp,Not Provided,5.0,buy,57.0
2013-04-23,Jefferies,12 month,5.0,buy,56.0
2013-04-24,Pacific Crest Securities,12 month,5.0,outperform,58.0
2013-04-25,S&P Capital IQ,12 month,3.0,hold,53.0
2013-04-25,Cowen,Not Provided,3.0,neutral,-0.0
2013-04-25,Stifel,Not Provided,3.0,hold,-0.0
2013-04-25,Edward Jones,Not Provided,3.0,hold,-0.0
2013-04-29,Wells Fargo Securities,Not Provided,5.0,outperform,-0.0
2013-04-29,Nomura,12 month,5.0,buy,55.0
2013-04-30,Morgan Stanley,Not Provided,3.0,Equalwt/In-Line,-0.0
2013-04-30,Stifel,Not Provided,3.0,hold,-0.0
2013-05-02,J.P. Morgan,3 month,3.0,neutral,53.0
2013-05-03,Edward Jones,Not Provided,3.0,hold,-0.0
2013-05-06,Evercore ISI,12 month,3.0,equalweight,53.5
2013-05-06,Oppenheimer & Co,12 month,5.0,outperform,55.0
2013-05-08,Jefferies,12 month,5.0,buy,56.0
2013-05-13,Nomura,12 month,5.0,buy,55.0
2013-05-13,Morgan Stanley,Not Provided,3.0,Equalwt/In-Line,-0.0
2013-05-13,Cowen,Not Provided,3.0,neutral,-0.0
2013-05-14,New Street Research,Not Provided,3.0,neutral,49.0
2013-05-14,Macquarie,12 month,3.0,neutral,53.0
2013-05-14,Edward Jones,Not Provided,3.0,hold,-0.0
2013-05-14,Wells Fargo Securities,Not Provided,5.0,outperform,-0.0
2013-05-15,Oppenheimer & Co,12 month,5.0,outperform,55.0
2013-05-15,RBC Capital Markets,12 month,3.0,sector perform,56.0
2013-05-16,Barclays,Not Provided,5.0,overweight,59.0
2013-05-21,Wells Fargo Securities,Not Provided,5.0,outperform,-0.0
2013-05-22,Evercore ISI,12 month,3.0,equalweight,53.5
2013-05-23,RBC Capital Markets,12 month,3.0,sector perform,56.0
2013-05-28,Pacific Crest Securities,12 month,5.0,outperform,58.0
2013-05-29,BMO Capital Markets,Not Provided,5.0,outperform,55.0
2013-06-04,Pacific Crest Securities,12 month,5.0,outperform,58.0
2013-06-05,New Street Research,Not Provided,3.0,neutral,49.0
2013-06-05,Evercore ISI,12 month,3.0,equalweight,53.5
2013-06-10,Oppenheimer & Co,12 month,5.0,outperform,55.0
2013-06-11,Edward Jones,Not Provided,3.0,hold,-0.0
2013-06-13,Raymond James,18 month,5.0,outperform,54.0
2013-06-14,Evercore ISI,12 month,3.0,equalweight,53.5
2013-06-16,RBC Capital Markets,12 month,3.0,sector perform,56.0
2013-06-17,Oppenheimer & Co,12 month,5.0,outperform,55.0
2013-06-19,Evercore ISI,12 month,3.0,equalweight,53.5
2013-06-19,Macquarie,12 month,3.0,neutral,55.0
2013-06-21,Wells Fargo Securities,Not Provided,5.0,outperform,-0.0
2013-06-24,Oppenheimer & Co,12 month,5.0,outperform,55.0
2013-06-26,Baird,12 month,3.0,neutral,52.0
2013-06-26,Macquarie,12 month,3.0,neutral,55.0
2013-06-27,Evercore ISI,Not Provided,3.0,equalweight,53.5
2013-06-28,Raymond James,12 month,5.0,outperform,54.0
2013-07-01,Erste Group,Not Provided,5.0,buy,-0.0
2013-07-01,Canaccord Genuity,12 month,5.0,buy,55.0
2013-07-02,BMO Capital Markets,Not Provided,5.0,outperform,55.0
2013-07-02,Wells Fargo Securities,Not Provided,5.0,outperform,-0.0
2013-07-02,Jefferies,12 month,5.0,buy,56.0
2013-07-02,Edward Jones,Not Provided,3.0,hold,-0.0
2013-07-04,BMO Capital Markets,Not Provided,5.0,outperform,55.0
2013-07-04,Scotia Capital,12 month,5.0,sector outperform,56.0
2013-07-05,Goldman Sachs,12 month,5.0,Buy/Neutral,57.0
2013-07-09,MoffettNathanson,Not Provided,1.0,sell,44.0
2013-07-10,J.P. Morgan,3 month,3.0,neutral,53.0
2013-07-15,Cowen,Not Provided,3.0,neutral,-0.0
2013-07-15,Oppenheimer & Co,12 month,5.0,outperform,55.0
2013-07-15,William Blair & Co,Not Provided,3.0,market perform,-0.0
2013-07-16,Morgan Stanley,Not Provided,3.0,Equalwt/In-Line,-0.0
2013-07-16,Canaccord Genuity,12 month,5.0,buy,55.0
2013-07-16,Evercore ISI,12 month,3.0,equalweight,53.0
2013-07-17,Wells Fargo Securities,Not Provided,5.0,outperform,-0.0
2013-07-17,Barclays,Not Provided,5.0,overweight,59.0
2013-07-17,Raymond James,12 month,5.0,outperform,54.0
2013-07-17,BMO Capital Markets,Not Provided,5.0,outperform,55.0
2013-07-17,Pacific Crest Securities,12 month,5.0,outperform,58.0
2013-07-18,Scotia Capital,12 month,5.0,sector outperform,56.0
2013-07-18,Raymond James,12 month,5.0,outperform,54.0
2013-07-18,Edward Jones,Not Provided,3.0,hold,-0.0
2013-07-18,William Blair & Co,Not Provided,3.0,market perform,-0.0
2013-07-18,S&P Capital IQ,12 month,3.0,hold,52.0
2013-07-18,J.P. Morgan,3 month,3.0,neutral,54.0
2013-07-18,New Street Research,Not Provided,3.0,neutral,49.0
2013-07-18,Canaccord Genuity,12 month,5.0,buy,55.0
2013-07-18,Barclays,Not Provided,5.0,overweight,58.0
2013-07-19,RBC Capital Markets,12 month,3.0,sector perform,54.0
2013-07-19,Argus Research Corp,12 month,5.0,buy,59.0
2013-07-19,Morgan Stanley,Not Provided,3.0,Equalwt/In-Line,-0.0
2013-07-19,UBS,12 month,3.0,neutral,50.0
2013-07-19,Stifel,Not Provided,3.0,hold,-0.0
2013-07-19,Macquarie,12 month,3.0,neutral,54.0
2013-07-19,BMO Capital Markets,Not Provided,5.0,outperform,55.0
2013-07-19,Telsey Advisory Group,Not Provided,-2147483648.0,no rating system,55.0
2013-07-19,Cowen,12 month,3.0,market perform,51.0
2013-07-19,Oppenheimer & Co,12 month,5.0,outperform,55.0
2013-07-19,Pacific Crest Securities,12 month,5.0,outperform,58.0
2013-07-19,Baird,12 month,3.0,neutral,52.0
2013-07-19,Jefferies,12 month,5.0,buy,56.0
2013-07-19,Nomura,12 month,5.0,buy,55.0
2013-07-22,FBR Capital Markets,12 month,3.0,market perform,53.0
2013-07-22,Atlantic Equities LLP,12 month,5.0,overweight,56.0
2013-07-22,Hilliard Lyons,12 month,5.0,buy,54.0
2013-07-23,Evercore ISI,12 month,3.0,equalweight,53.0
2013-07-23,Wells Fargo Securities,Not Provided,5.0,outperform,-0.0
2013-07-29,Edward Jones,Not Provided,3.0,hold,-0.0
2013-07-29,J.P. Morgan,15 month,3.0,neutral,54.0
2013-07-29,Jefferies,12 month,5.0,buy,56.0
2013-07-31,BMO Capital Markets,Not Provided,5.0,outperform,55.0
2013-08-06,Evercore ISI,12 month,3.0,equalweight,53.0
2013-08-07,RBC Capital Markets,12 month,3.0,sector perform,54.0
2013-08-07,Pacific Crest Securities,12 month,5.0,outperform,58.0
2013-08-11,BMO Capital Markets,Not Provided,5.0,outperform,55.0
2013-08-12,Wells Fargo Securities,Not Provided,5.0,outperform,-0.0
2013-08-13,Cowen,12 month,3.0,market perform,51.0
2013-08-14,Oppenheimer & Co,12 month,5.0,outperform,55.0
2013-08-15,BMO Capital Markets,Not Provided,5.0,outperform,55.0
2013-08-19,Macquarie,12 month,3.0,neutral,54.0
2013-08-21,Baird,12 month,3.0,neutral,52.0
2013-08-23,BMO Capital Markets,Not Provided,5.0,outperform,55.0
2013-08-23,Barclays,Not Provided,5.0,overweight,58.0
2013-08-23,Morgan Stanley,Not Provided,3.0,Equalwt/In-Line,-0.0
2013-08-26,New Street Research,Not Provided,3.0,neutral,46.0
2013-08-29,Macquarie,12 month,3.0,neutral,51.0
2013-08-30,Pacific Crest Securities,12 month,5.0,outperform,58.0
2013-09-02,Goldman Sachs,Not Provided,-2147483648.0,not rated,-0.0
2013-09-02,Nomura,12 month,5.0,buy,55.0
2013-09-02,Canaccord Genuity,12 month,5.0,buy,55.0
2013-09-02,Evercore ISI,12 month,3.0,equalweight,53.0
2013-09-02,BMO Capital Markets,Not Provided,5.0,outperform,55.0
2013-09-03,Barclays,Not Provided,-2147483648.0,suspended coverage,-0.0
2013-09-03,S&P Capital IQ,12 month,3.0,hold,52.0
2013-09-03,Cowen,12 month,3.0,market perform,49.0
2013-09-03,Hilliard Lyons,12 month,5.0,buy,54.0
2013-09-03,Oppenheimer & Co,18 month,5.0,outperform,56.0
2013-09-03,New Street Research,Not Provided,3.0,neutral,53.0
2013-09-03,FBR Capital Markets,12 month,3.0,market perform,53.0
2013-09-03,RBC Capital Markets,12 month,3.0,sector perform,54.0
2013-09-03,Edward Jones,Not Provided,3.0,hold,-0.0
2013-09-03,Stifel,Not Provided,3.0,hold,-0.0
2013-09-03,J.P. Morgan,Not Provided,-2147483648.0,restricted,-0.0
2013-09-03,Scotia Capital,12 month,5.0,sector outperform,56.0
2013-09-04,Atlantic Equities LLP,12 month,5.0,overweight,56.0
2013-09-04,Raymond James,12 month,5.0,outperform,54.0
2013-09-04,Wells Fargo Securities,Not Provided,5.0,outperform,-0.0
2013-09-04,Baird,12 month,5.0,outperform,53.0
2013-09-04,Argus Research Corp,12 month,5.0,buy,59.0
2013-09-04,Jefferies,12 month,5.0,buy,56.0
2013-09-04,Gabelli & Co,Not Provided,5.0,buy,-0.0
2013-09-04,HSBC,Not Provided,5.0,overweight,55.0
2013-09-05,Morgan Stanley,Not Provided,-2147483648.0,restricted,-0.0
2013-09-06,J.P. Morgan,Not Provided,-2147483648.0,restricted,-0.0
2013-09-06,Wells Fargo Securities,Not Provided,5.0,outperform,-0.0
2013-09-06,Macquarie,12 month,3.0,neutral,51.0
2013-09-10,Gabelli & Co,Not Provided,5.0,buy,-0.0
2013-09-11,Nomura,12 month,5.0,buy,55.0
2013-09-11,Oppenheimer & Co,18 month,5.0,outperform,56.0
2013-09-12,Evercore ISI,12 month,5.0,overweight,53.0
2013-09-12,Edward Jones,Not Provided,5.0,buy,-0.0
2013-09-13,Pacific Crest Securities,12 month,5.0,outperform,58.0
2013-09-13,Edward Jones,Not Provided,5.0,buy,-0.0
2013-09-16,BMO Capital Markets,Not Provided,5.0,outperform,55.0
2013-09-16,Evercore ISI,12 month,5.0,overweight,53.0
2013-09-16,FBR Capital Markets,12 month,3.0,market perform,53.0
2013-09-17,Credit Suisse,Not Provided,3.0,neutral,52.0
2013-09-17,Wells Fargo Securities,Not Provided,5.0,outperform,-0.0
2013-09-17,RBC Capital Markets,12 month,5.0,outperform,54.0
2013-09-18,Oppenheimer & Co,18 month,5.0,outperform,56.0
2013-09-24,Oppenheimer & Co,18 month,5.0,outperform,56.0
2013-09-24,Wells Fargo Securities,Not Provided,5.0,outperform,-0.0
2013-09-24,Cowen,12 month,3.0,market perform,49.0
2013-09-24,Canaccord Genuity,12 month,5.0,buy,55.0
2013-09-25,Evercore ISI,12 month,5.0,overweight,53.0
2013-09-27,Wells Fargo Securities,Not Provided,5.0,outperform,-0.0
2013-10-01,Evercore ISI,12 month,5.0,overweight,53.0
2013-10-03,Canaccord Genuity,12 month,5.0,buy,55.0
2013-10-07,Scotia Capital,12 month,5.0,sector outperform,54.0
2013-10-07,Wells Fargo Securities,Not Provided,5.0,outperform,-0.0
2013-10-08,Atlantic Equities LLP,12 month,5.0,overweight,56.0
2013-10-09,Evercore ISI,12 month,5.0,overweight,53.0
2013-10-10,BMO Capital Markets,Not Provided,5.0,outperform,55.0
2013-10-10,Credit Suisse,Not Provided,3.0,neutral,52.0
2013-10-14,Cowen,12 month,3.0,market perform,49.0
2013-10-15,Macquarie,12 month,3.0,neutral,51.0
2013-10-15,Morgan Stanley,Not Provided,-2147483648.0,restricted,-0.0
2013-10-17,Wells Fargo Securities,Not Provided,5.0,outperform,-0.0
2013-10-17,Atlantic Equities LLP,12 month,5.0,overweight,56.0
2013-10-17,BMO Capital Markets,Not Provided,5.0,outperform,55.0
2013-10-17,S&P Capital IQ,12 month,3.0,hold,53.0
2013-10-17,Pacific Crest Securities,12 month,5.0,outperform,58.0
2013-10-17,New Street Research,Not Provided,3.0,neutral,53.0
2013-10-17,Nomura,12 month,5.0,buy,55.0
2013-10-17,Stifel,Not Provided,3.0,hold,-0.0
2013-10-17,Scotia Capital,12 month,5.0,sector outperform,54.0
2013-10-17,Oppenheimer & Co,18 month,5.0,outperform,56.0
2013-10-17,Evercore ISI,12 month,5.0,overweight,54.0
2013-10-17,William Blair & Co,Not Provided,3.0,market perform,-0.0
2013-10-17,Canaccord Genuity,12 month,5.0,buy,55.0
2013-10-17,Jefferies,12 month,5.0,buy,56.0
2013-10-17,UBS,12 month,3.0,neutral,51.0
2013-10-17,Raymond James,12 month,5.0,outperform,54.0
2013-10-17,Hilliard Lyons,12 month,5.0,buy,54.0
2013-10-18,BMO Capital Markets,Not Provided,5.0,outperform,59.0
2013-10-18,FBR Capital Markets,12 month,3.0,market perform,55.0
2013-10-18,Credit Suisse,Not Provided,3.0,neutral,53.0
2013-10-18,Nomura,12 month,5.0,buy,55.0
2013-10-18,RBC Capital Markets,12 month,5.0,outperform,54.0
2013-10-18,Cowen,12 month,3.0,market perform,50.0
2013-10-18,J.P. Morgan,Not Provided,-2147483648.0,restricted,-0.0
2013-10-18,Morgan Stanley,Not Provided,-2147483648.0,restricted,-0.0
2013-10-18,Barclays,Not Provided,-2147483648.0,suspended coverage,-0.0
2013-10-18,Argus Research Corp,Not Provided,5.0,buy,59.0
2013-10-18,Baird,12 month,5.0,outperform,54.0
2013-10-21,Gabelli & Co,Not Provided,5.0,buy,-0.0
2013-10-21,Accountability Research Corp,Not Provided,5.0,buy,57.0
2013-10-21,Jefferies,12 month,5.0,buy,56.0
2013-10-22,Macquarie,12 month,3.0,neutral,52.0
2013-10-23,Pacific Crest Securities,12 month,5.0,outperform,58.0
2013-10-23,Atlantic Equities LLP,12 month,5.0,overweight,56.0
2013-10-24,Stifel,Not Provided,3.0,hold,-0.0
2013-10-24,Raymond James,12 month,5.0,outperform,54.0
2013-10-28,Evercore ISI,12 month,5.0,overweight,54.0
2013-10-30,BMO Capital Markets,Not Provided,5.0,outperform,59.0
2013-10-30,Edward Jones,Not Provided,5.0,buy,-0.0
2013-10-30,Cowen,12 month,3.0,market perform,50.0
2013-10-30,Credit Suisse,Not Provided,3.0,neutral,53.0
2013-10-30,J.P. Morgan,Not Provided,-2147483648.0,restricted,-0.0
2013-10-30,Wells Fargo Securities,Not Provided,5.0,outperform,-0.0
2013-10-30,Raymond James,12 month,5.0,outperform,54.0
2013-10-31,Canaccord Genuity,12 month,5.0,buy,55.0
2013-10-31,Morgan Stanley,Not Provided,-2147483648.0,restricted,-0.0
2013-11-04,Oppenheimer & Co,18 month,5.0,outperform,56.0
2013-11-08,Stifel,Not Provided,3.0,hold,-0.0
2013-11-10,Evercore ISI,12 month,5.0,overweight,54.0
2013-11-11,Raymond James,12 month,5.0,outperform,54.0
2013-11-11,Baird,12 month,5.0,outperform,54.0
2013-11-13,Cowen,12 month,3.0,market perform,50.0
2013-11-13,Wells Fargo Securities,Not Provided,5.0,outperform,-0.0
2013-11-13,BMO Capital Markets,Not Provided,5.0,outperform,59.0
2013-11-13,Nomura,12 month,5.0,buy,55.0
2013-11-19,Macquarie,12 month,3.0,neutral,52.0
2013-11-19,Evercore ISI,12 month,5.0,overweight,54.0
2013-11-20,Wells Fargo Securities,Not Provided,5.0,outperform,-0.0
2013-11-22,Barclays,Not Provided,-2147483648.0,suspended coverage,-0.0
2013-11-25,Cowen,12 month,3.0,market perform,50.0
2013-11-25,Oppenheimer & Co,18 month,5.0,outperform,56.0
2013-11-25,Baird,12 month,5.0,outperform,54.0
2013-11-25,Pacific Crest Securities,12 month,5.0,outperform,58.0
2013-11-26,Edward Jones,Not Provided,5.0,buy,-0.0
2013-11-26,William Blair & Co,Not Provided,3.0,market perform,-0.0
2013-11-26,Macquarie,12 month,3.0,neutral,52.0
2013-12-02,Evercore ISI,12 month,5.0,overweight,54.0
2013-12-05,BMO Capital Markets,Not Provided,5.0,outperform,59.0
2013-12-05,Edward Jones,Not Provided,5.0,buy,-0.0
2013-12-09,Wells Fargo Securities,Not Provided,5.0,outperform,-0.0
2013-12-10,Edward Jones,Not Provided,5.0,buy,-0.0
2013-12-10,William Blair & Co,Not Provided,3.0,market perform,-0.0
2013-12-11,Macquarie,12 month,3.0,neutral,52.0
2013-12-12,Evercore ISI,12 month,5.0,overweight,54.0
2013-12-16,Canaccord Genuity,12 month,5.0,buy,55.0
2013-12-16,Macquarie,12 month,5.0,outperform,53.0
2013-12-16,Baird,12 month,5.0,outperform,54.0
2013-12-17,Raymond James,12 month,5.0,outperform,54.0
2013-12-17,Stifel,Not Provided,3.0,hold,-0.0
2013-12-18,Jefferies,12 month,5.0,buy,55.0
2013-12-18,New Street Research,Not Provided,3.0,neutral,53.0
2013-12-19,FBR Capital Markets,12 month,3.0,market perform,55.0
2013-12-20,Pacific Crest Securities,12 month,5.0,outperform,58.0
2013-12-22,Evercore ISI,12 month,5.0,overweight,54.0
2013-12-22,BMO Capital Markets,Not Provided,5.0,outperform,59.0
2013-12-24,Stifel,Not Provided,3.0,hold,-0.0
2014-01-02,Cowen,12 month,3.0,market perform,50.0
2014-01-02,Edward Jones,Not Provided,5.0,buy,-0.0
2014-01-03,Macquarie,12 month,5.0,outperform,53.0
2014-01-03,Jefferies,12 month,5.0,buy,55.0
2014-01-06,Evercore ISI,12 month,5.0,overweight,54.0
2014-01-06,Stifel,Not Provided,3.0,hold,-0.0
2014-01-06,RBC Capital Markets,12 month,5.0,outperform,53.0
2014-01-06,BMO Capital Markets,Not Provided,5.0,outperform,59.0
2014-01-07,Wells Fargo Securities,Not Provided,5.0,outperform,-0.0
2014-01-07,FBR Capital Markets,12 month,3.0,market perform,55.0
2014-01-09,Edward Jones,Not Provided,5.0,buy,-0.0
2014-01-09,Evercore ISI,12 month,5.0,overweight,54.0
2014-01-09,Pacific Crest Securities,12 month,5.0,outperform,58.0
2014-01-10,Jefferies,12 month,5.0,buy,55.0
2014-01-10,Baird,12 month,5.0,outperform,54.0
2014-01-14,Oppenheimer & Co,18 month,5.0,outperform,56.0
2014-01-14,BMO Capital Markets,Not Provided,5.0,outperform,59.0
2014-01-14,Cowen,12 month,3.0,market perform,50.0
2014-01-14,Wells Fargo Securities,Not Provided,5.0,outperform,-0.0
2014-01-21,Stifel,Not Provided,3.0,hold,-0.0
2014-01-21,Raymond James,12 month,5.0,outperform,54.0
2014-01-21,J.P. Morgan,Not Provided,-2147483648.0,restricted,-0.0
2014-01-21,S&P Capital IQ,12 month,3.0,hold,51.0
2014-01-21,Hilliard Lyons,12 month,5.0,buy,54.0
2014-01-21,Atlantic Equities LLP,12 month,5.0,overweight,56.0
2014-01-21,MoffettNathanson,Not Provided,3.0,neutral,46.0
2014-01-21,Canaccord Genuity,12 month,5.0,buy,55.0
2014-01-21,Scotia Capital,12 month,5.0,sector outperform,54.0
2014-01-21,Wells Fargo Securities,Not Provided,5.0,outperform,-0.0
2014-01-21,Evercore ISI,12 month,5.0,overweight,55.0
2014-01-22,Nomura,12 month,5.0,buy,55.0
2014-01-22,BMO Capital Markets,Not Provided,5.0,outperform,59.0
2014-01-22,Oppenheimer & Co,12 month,5.0,outperform,56.0
2014-01-22,Cowen,12 month,3.0,market perform,50.0
2014-01-22,Credit Suisse,Not Provided,3.0,neutral,53.0
2014-01-22,Barclays,Not Provided,-2147483648.0,suspended coverage,-0.0
2014-01-22,Jefferies,12 month,5.0,buy,55.0
2014-01-22,William Blair & Co,Not Provided,3.0,market perform,-0.0
2014-01-22,New Street Research,Not Provided,3.0,neutral,53.0
2014-01-22,Baird,12 month,5.0,outperform,54.0
2014-01-22,Pacific Crest Securities,Not Provided,3.0,sector perform,-0.0
2014-01-22,RBC Capital Markets,12 month,5.0,outperform,53.0
2014-01-24,Wells Fargo Securities,Not Provided,5.0,outperform,-0.0
2014-01-27,Gabelli & Co,Not Provided,5.0,buy,-0.0
2014-01-27,Evercore ISI,Not Provided,5.0,overweight,55.0
2014-01-27,Oppenheimer & Co,12 month,5.0,outperform,56.0
2014-01-28,Stifel,Not Provided,3.0,hold,-0.0
2014-01-28,Atlantic Equities LLP,12 month,5.0,overweight,55.0
2014-01-28,S&P Capital IQ,12 month,3.0,hold,51.0
2014-01-29,Edward Jones,Not Provided,5.0,buy,-0.0
2014-01-29,Argus Research Corp,Not Provided,5.0,buy,59.0
2014-01-29,Macquarie,12 month,5.0,outperform,53.0
2014-01-30,BMO Capital Markets,Not Provided,5.0,outperform,59.0
2014-02-03,Morgan Stanley,Not Provided,-2147483648.0,restricted,-0.0
2014-02-03,Edward Jones,Not Provided,5.0,buy,-0.0
2014-02-10,Jefferies,12 month,5.0,buy,55.0
2014-02-10,Drexel Hamilton LLC,Not Provided,3.0,hold,-0.0
2014-02-11,MoffettNathanson,Not Provided,3.0,neutral,46.0
2014-02-13,Credit Suisse,Not Provided,3.0,neutral,53.0
2014-02-13,Evercore ISI,12 month,5.0,overweight,55.0
2014-02-13,EVA Dimensions,Not Provided,3.0,hold,-0.0
2014-02-14,Stifel,Not Provided,3.0,hold,-0.0
2014-02-14,Wells Fargo Securities,Not Provided,5.0,outperform,-0.0
2014-02-19,Pacific Crest Securities,Not Provided,3.0,sector perform,-0.0
2014-02-20,Jefferies,12 month,5.0,buy,55.0
2014-02-20,Macquarie,12 month,5.0,outperform,53.0
2014-02-20,Drexel Hamilton LLC,Not Provided,3.0,hold,-0.0
2014-02-20,Morgan Stanley,Not Provided,-2147483648.0,not rated,-0.0
2014-02-24,Credit Suisse,Not Provided,3.0,neutral,52.0
2014-02-24,Raymond James,12 month,5.0,outperform,54.0
2014-02-24,Edward Jones,Not Provided,5.0,buy,-0.0
2014-02-24,Oppenheimer & Co,12 month,5.0,outperform,56.0
2014-02-24,Scotia Capital,12 month,5.0,sector outperform,55.0
2014-02-24,Argus Research Corp,Not Provided,5.0,buy,59.0
2014-02-24,Wells Fargo Securities,Not Provided,5.0,outperform,-0.0
2014-02-24,Evercore ISI,12 month,5.0,overweight,55.0
2014-02-25,Barclays,Not Provided,5.0,overweight,55.0
2014-02-27,Morgan Stanley,12 month,5.0,Overwt/In-Line,52.0
2014-02-27,J.P. Morgan,9 month,5.0,overweight,57.0
2014-02-27,Nomura,12 month,5.0,buy,55.0
2014-03-04,Evercore ISI,12 month,5.0,overweight,55.0
2014-03-04,Wells Fargo Securities,Not Provided,5.0,outperform,-0.0
2014-03-04,Cowen,12 month,3.0,market perform,50.0
2014-03-11,MoffettNathanson,Not Provided,3.0,neutral,46.0
2014-03-11,Cowen,12 month,3.0,market perform,50.0
2014-03-11,Wells Fargo Securities,Not Provided,5.0,outperform,-0.0
2014-03-14,William Blair & Co,Not Provided,3.0,market perform,-0.0
2014-03-15,Macquarie,12 month,5.0,outperform,53.0
2014-03-18,Pacific Crest Securities,Not Provided,3.0,sector perform,-0.0
2014-03-19,MoffettNathanson,Not Provided,3.0,neutral,46.0
2014-03-24,Oppenheimer & Co,12 month,5.0,outperform,56.0
2014-03-24,J.P. Morgan,6 month,5.0,overweight,57.0
2014-03-25,HSBC,Not Provided,5.0,overweight,55.0
2014-03-26,Edward Jones,Not Provided,5.0,buy,-0.0
2014-03-27,Baird,12 month,5.0,outperform,54.0
2014-03-27,EVA Dimensions,Not Provided,3.0,hold,-0.0
2014-03-27,Wells Fargo Securities,Not Provided,5.0,outperform,-0.0
2014-03-28,Wells Fargo Securities,Not Provided,5.0,outperform,-0.0
2014-03-31,Morgan Stanley,12 month,5.0,Overwt/In-Line,52.0
2014-03-31,Tigress Financial Partners,Not Provided,3.0,neutral,-0.0
2014-04-02,Evercore ISI,12 month,5.0,overweight,55.0
2014-04-02,Jefferies,12 month,5.0,buy,55.0
2014-04-03,EVA Dimensions,Not Provided,3.0,hold,-0.0
2014-04-04,Jefferies,12 month,5.0,buy,55.0
2014-04-04,Edward Jones,Not Provided,5.0,buy,-0.0
2014-04-04,Atlantic Equities LLP,12 month,5.0,overweight,55.0
2014-04-06,Canaccord Genuity,12 month,5.0,buy,55.0
2014-04-09,Oppenheimer & Co,12 month,5.0,outperform,56.0
2014-04-10,EVA Dimensions,Not Provided,3.0,hold,-0.0
2014-04-14,"Morningstar, Inc",Not Provided,3.0,hold,-0.0
2014-04-15,Scotia Capital,12 month,5.0,sector outperform,55.0
2014-04-15,Pacific Crest Securities,Not Provided,3.0,sector perform,-0.0
2014-04-15,MoffettNathanson,Not Provided,3.0,neutral,46.0
2014-04-15,Wells Fargo Securities,Not Provided,5.0,outperform,-0.0
2014-04-16,Evercore ISI,12 month,5.0,overweight,55.0
2014-04-17,Drexel Hamilton LLC,Not Provided,3.0,hold,-0.0
2014-04-17,BMO Capital Markets,Not Provided,5.0,outperform,59.0
2014-04-17,Cowen,12 month,3.0,market perform,48.0
2014-04-17,Raymond James,12 month,5.0,outperform,54.0
2014-04-17,Jefferies,12 month,5.0,buy,55.0
2014-04-17,Morgan Stanley,12 month,5.0,Overwt/In-Line,52.0
2014-04-21,Oppenheimer & Co,12 month,5.0,outperform,56.0
2014-04-24,Atlantic Equities LLP,12 month,5.0,overweight,55.0
2014-04-24,RBC Capital Markets,12 month,5.0,outperform,53.0
2014-04-24,Credit Suisse,Not Provided,3.0,neutral,52.0
2014-04-24,William Blair & Co,Not Provided,3.0,market perform,-0.0
2014-04-24,Edward Jones,Not Provided,5.0,buy,-0.0
2014-04-24,Raymond James,12 month,5.0,outperform,54.0
2014-04-24,MoffettNathanson,Not Provided,3.0,neutral,46.0
2014-04-24,Nomura,12 month,5.0,buy,55.0
2014-04-24,New Street Research,Not Provided,3.0,neutral,53.0
2014-04-24,"Morningstar, Inc",Not Provided,3.0,hold,-0.0
2014-04-24,Canaccord Genuity,12 month,5.0,buy,55.0
2014-04-25,Cowen,12 month,3.0,market perform,49.0
2014-04-25,Pacific Crest Securities,Not Provided,3.0,sector perform,-0.0
2014-04-25,EVA Dimensions,Not Provided,1.0,sell,-0.0
2014-04-25,Hilliard Lyons,12 month,5.0,buy,54.0
2014-04-25,J.P. Morgan,3 month,5.0,overweight,55.0
2014-04-25,Scotia Capital,12 month,5.0,sector outperform,55.0
2014-04-25,Jefferies,12 month,5.0,buy,55.0
2014-04-25,Morgan Stanley,12 month,5.0,Overwt/In-Line,52.0
2014-04-25,BMO Capital Markets,Not Provided,5.0,outperform,55.0
2014-04-25,Evercore ISI,12 month,5.0,overweight,55.0
2014-04-25,Barclays,Not Provided,5.0,overweight,54.0
2014-04-25,Baird,12 month,5.0,outperform,54.0
2014-04-25,Wells Fargo Securities,Not Provided,5.0,outperform,-0.0
2014-04-26,Nomura,12 month,5.0,buy,53.0
2014-04-26,Macquarie,12 month,5.0,outperform,53.0
2014-04-28,Barclays,Not Provided,5.0,overweight,54.0
2014-04-28,Accountability Research Corp,Not Provided,5.0,buy,57.0
2014-04-28,Credit Suisse,Not Provided,3.0,neutral,52.0
2014-04-29,Wells Fargo Securities,Not Provided,5.0,outperform,-0.0
2014-04-29,Baird,12 month,5.0,outperform,54.0
2014-04-29,"Morningstar, Inc",Not Provided,3.0,hold,-0.0
2014-04-29,Argus Research Corp,Not Provided,5.0,buy,59.0
2014-04-29,Oppenheimer & Co,12 month,5.0,outperform,56.0
2014-04-29,Morgan Stanley,12 month,5.0,Overwt/In-Line,52.0
2014-04-29,Cowen,12 month,3.0,market perform,49.0
2014-04-29,BMO Capital Markets,Not Provided,5.0,outperform,55.0
2014-05-01,Jefferies,12 month,5.0,buy,55.0
2014-05-02,MoffettNathanson,Not Provided,3.0,neutral,46.0
2014-05-05,Baird,12 month,5.0,outperform,54.0
2014-05-05,Wells Fargo Securities,Not Provided,5.0,outperform,-0.0
2014-05-05,Oppenheimer & Co,18 month,5.0,outperform,56.0
2014-05-06,Jefferies,12 month,5.0,buy,55.0
2014-05-06,Pacific Crest Securities,Not Provided,3.0,sector perform,-0.0
2014-05-07,MoffettNathanson,Not Provided,3.0,neutral,48.0
2014-05-07,"Morningstar, Inc",Not Provided,3.0,hold,-0.0
2014-05-12,Macquarie,12 month,5.0,outperform,53.0
2014-05-13,Pacific Crest Securities,Not Provided,3.0,sector perform,-0.0
2014-05-14,Wells Fargo Securities,Not Provided,5.0,outperform,-0.0
2014-05-15,"Morningstar, Inc",Not Provided,3.0,hold,-0.0
2014-05-15,Raymond James,12 month,5.0,outperform,54.0
2014-05-15,BMO Capital Markets,Not Provided,5.0,outperform,55.0
2014-05-16,Cowen,12 month,3.0,market perform,49.0
2014-05-19,Cowen,12 month,3.0,market perform,49.0
2014-05-19,Wells Fargo Securities,Not Provided,5.0,outperform,-0.0
2014-05-21,New Street Research,Not Provided,3.0,neutral,47.0
2014-05-21,Edward Jones,Not Provided,5.0,buy,-0.0
2014-05-23,Bernstein,Not Provided,5.0,outperform,57.0
2014-05-30,"Morningstar, Inc",Not Provided,3.0,hold,-0.0
2014-06-02,Evercore ISI,Not Provided,5.0,overweight,55.0
2014-06-02,Jefferies,12 month,5.0,buy,55.0
2014-06-02,Bernstein,Not Provided,5.0,outperform,57.0
2014-06-02,New Street Research,Not Provided,3.0,neutral,47.0
2014-06-04,Atlantic Equities LLP,12 month,5.0,overweight,55.0
2014-06-04,Accountability Research Corp,Not Provided,5.0,buy,57.0
2014-06-06,Barclays,Not Provided,5.0,overweight,54.0
2014-06-09,Bernstein,Not Provided,5.0,outperform,57.0
2014-06-11,Pacific Crest Securities,Not Provided,3.0,sector perform,-0.0
2014-06-12,"Morningstar, Inc",Not Provided,3.0,hold,-0.0
2014-06-16,Bernstein,Not Provided,5.0,outperform,57.0
2014-06-16,Edward Jones,Not Provided,5.0,buy,-0.0
2014-06-16,Oppenheimer & Co,18 month,5.0,outperform,56.0
2014-06-17,New Street Research,Not Provided,3.0,neutral,47.0
2014-06-17,Evercore ISI,Not Provided,5.0,overweight,55.0
2014-06-17,Drexel Hamilton LLC,Not Provided,3.0,hold,-0.0
2014-06-18,MoffettNathanson,Not Provided,3.0,neutral,48.0
2014-06-18,Macquarie,12 month,5.0,outperform,52.0
2014-06-22,Canaccord Genuity,12 month,5.0,buy,55.0
2014-06-23,Bernstein,Not Provided,5.0,outperform,57.0
2014-06-27,Oppenheimer & Co,Not Provided,5.0,outperform,56.0
2014-06-30,Drexel Hamilton LLC,Not Provided,3.0,hold,-0.0
2014-06-30,Evercore ISI,Not Provided,5.0,overweight,55.0
2014-06-30,Edward Jones,Not Provided,5.0,buy,-0.0
2014-06-30,Bernstein,Not Provided,5.0,outperform,57.0
2014-07-01,BTIG LLC,12 month,5.0,buy,60.0
2014-07-06,BMO Capital Markets,Not Provided,5.0,outperform,55.0
2014-07-06,Pacific Crest Securities,Not Provided,3.0,sector perform,-0.0
2014-07-07,Bernstein,Not Provided,5.0,outperform,57.0
2014-07-07,Macquarie,12 month,5.0,outperform,52.0
2014-07-07,Oppenheimer & Co,Not Provided,5.0,outperform,56.0
2014-07-07,William Blair & Co,Not Provided,3.0,market perform,-0.0
2014-07-08,MoffettNathanson,Not Provided,3.0,neutral,48.0
2014-07-08,Wells Fargo Securities,Not Provided,5.0,outperform,-0.0
2014-07-10,Morgan Stanley,12 month,5.0,Overwt/In-Line,52.0
2014-07-10,BMO Capital Markets,Not Provided,5.0,outperform,55.0
2014-07-10,J.P. Morgan,3 month,5.0,overweight,58.0
2014-07-10,Scotia Capital,12 month,5.0,sector outperform,55.0
2014-07-10,Canaccord Genuity,12 month,5.0,buy,55.0
2014-07-10,Barclays,Not Provided,5.0,overweight,54.0
2014-07-11,Evercore ISI,12 month,5.0,overweight,55.0
2014-07-11,"Morningstar, Inc",Not Provided,3.0,hold,-0.0
2014-07-11,Baird,12 month,5.0,outperform,54.0
2014-07-11,Macquarie,12 month,5.0,outperform,52.0
2014-07-14,Jefferies,12 month,5.0,buy,55.0
2014-07-14,Pacific Crest Securities,Not Provided,3.0,sector perform,-0.0
2014-07-14,Oppenheimer & Co,Not Provided,5.0,outperform,56.0
2014-07-14,New Street Research,Not Provided,3.0,neutral,47.0
2014-07-14,Bernstein,12 month,5.0,outperform,57.0
2014-07-15,Wells Fargo Securities,Not Provided,5.0,outperform,-0.0
2014-07-16,CM Research,Not Provided,5.0,buy,64.0
2014-07-17,M Science,Not Provided,-2147483648.0,no rating system,-0.0
2014-07-18,Cowen,12 month,3.0,market perform,49.0
2014-07-21,Bernstein,Not Provided,5.0,outperform,57.0
2014-07-22,BMO Capital Markets,Not Provided,5.0,outperform,55.0
2014-07-22,Wells Fargo Securities,Not Provided,5.0,outperform,-0.0
2014-07-22,MoffettNathanson,Not Provided,3.0,neutral,48.0
2014-07-22,William Blair & Co,Not Provided,3.0,market perform,-0.0
2014-07-22,New Street Research,Not Provided,3.0,neutral,47.0
2014-07-22,Morgan Stanley,12 month,5.0,Overwt/In-Line,52.0
2014-07-22,Barclays,Not Provided,5.0,overweight,54.0
2014-07-22,Evercore ISI,12 month,5.0,overweight,55.0
2014-07-22,"Morningstar, Inc",Not Provided,3.0,hold,-0.0
2014-07-22,Jefferies,12 month,5.0,buy,55.0
2014-07-22,Erste Group,Not Provided,3.0,hold,-0.0
2014-07-22,Nomura,12 month,5.0,buy,53.0
2014-07-22,Drexel Hamilton LLC,Not Provided,3.0,hold,-0.0
2014-07-22,Raymond James,12 month,5.0,outperform,55.0
2014-07-22,J.P. Morgan,15 month,5.0,overweight,59.0
2014-07-22,Canaccord Genuity,Not Provided,5.0,buy,56.0
2014-07-22,Pacific Crest Securities,Not Provided,3.0,sector perform,-0.0
2014-07-22,Credit Suisse,Not Provided,3.0,neutral,52.0
2014-07-22,Scotia Capital,12 month,5.0,sector outperform,55.0
2014-07-22,Oppenheimer & Co,12 month,5.0,outperform,56.0
2014-07-22,Edward Jones,Not Provided,5.0,buy,-0.0
2014-07-23,Cowen,12 month,3.0,market perform,52.0
2014-07-23,Jefferies,12 month,5.0,buy,55.0
2014-07-23,RBC Capital Markets,12 month,5.0,outperform,54.0
2014-07-23,Evercore ISI,12 month,5.0,overweight,55.0
2014-07-23,Drexel Hamilton LLC,Not Provided,3.0,hold,-0.0
2014-07-23,Hilliard Lyons,12 month,5.0,buy,55.0
2014-07-23,Nomura,12 month,5.0,buy,53.0
2014-07-23,Accountability Research Corp,Not Provided,5.0,buy,59.0
2014-07-23,Baird,12 month,5.0,outperform,55.0
2014-07-23,Morgan Stanley,12 month,5.0,Overwt/In-Line,54.0
2014-07-23,Argus Research Corp,Not Provided,5.0,buy,59.0
2014-07-23,EVA Dimensions,Not Provided,1.0,underweight,-0.0
2014-07-24,FBR Capital Markets,12 month,5.0,outperform,57.0
2014-07-24,Gabelli & Co,Not Provided,5.0,buy,-0.0
2014-07-25,Barclays,Not Provided,5.0,overweight,54.0
2014-07-29,Bernstein,Not Provided,5.0,outperform,57.0
2014-07-29,BMO Capital Markets,Not Provided,5.0,outperform,55.0
2014-07-29,Wells Fargo Securities,Not Provided,5.0,outperform,-0.0
2014-07-30,Cowen,12 month,3.0,market perform,52.0
2014-07-30,Macquarie,12 month,3.0,neutral,53.0
2014-07-30,Baird,12 month,5.0,outperform,55.0
2014-07-31,Barclays,Not Provided,5.0,overweight,54.0
2014-07-31,Wells Fargo Securities,Not Provided,5.0,outperform,-0.0
2014-08-01,Bernstein,Not Provided,5.0,outperform,57.0
2014-08-04,MoffettNathanson,Not Provided,3.0,neutral,48.0
2014-08-06,Edward Jones,Not Provided,5.0,buy,-0.0
2014-08-06,Baird,12 month,5.0,outperform,55.0
2014-08-07,"Morningstar, Inc",Not Provided,3.0,hold,-0.0
2014-08-11,Bernstein,Not Provided,5.0,outperform,57.0
2014-08-12,Wells Fargo Securities,Not Provided,5.0,outperform,-0.0
2014-08-12,Oppenheimer & Co,12 month,5.0,outperform,56.0
2014-08-12,Pacific Crest Securities,Not Provided,3.0,sector perform,-0.0
2014-08-13,Jefferies,12 month,5.0,buy,55.0
2014-08-14,Cowen,Not Provided,3.0,market perform,52.0
2014-08-18,Pacific Crest Securities,Not Provided,3.0,sector perform,-0.0
2014-08-18,Bernstein,Not Provided,5.0,outperform,57.0
2014-08-19,BMO Capital Markets,Not Provided,5.0,outperform,55.0
2014-08-19,Baird,12 month,5.0,outperform,55.0
2014-08-20,BMO Capital Markets,Not Provided,5.0,outperform,55.0
2014-08-20,Edward Jones,Not Provided,5.0,buy,-0.0
2014-08-25,Bernstein,Not Provided,5.0,outperform,57.0
2014-08-25,RBC Capital Markets,12 month,5.0,outperform,54.0
2014-08-25,Drexel Hamilton LLC,Not Provided,3.0,hold,-0.0
2014-08-26,Morgan Stanley,12 month,5.0,Overwt/In-Line,54.0
2014-08-27,Drexel Hamilton LLC,Not Provided,3.0,hold,-0.0
2014-08-27,Barclays,Not Provided,5.0,overweight,54.0
2014-09-02,Goldman Sachs,12 month,5.0,Buy/Neutral,56.0
2014-09-02,Bernstein,Not Provided,5.0,outperform,57.0
2014-09-03,Morgan Stanley,12 month,5.0,Overwt/Cautious,54.0
2014-09-04,Edward Jones,Not Provided,5.0,buy,-0.0
2014-09-04,MoffettNathanson,Not Provided,3.0,neutral,48.0
2014-09-05,M Science,Not Provided,-2147483648.0,no rating system,-0.0
2014-09-07,Pacific Crest Securities,Not Provided,3.0,sector perform,-0.0
2014-09-10,Evercore ISI,Not Provided,5.0,overweight,55.0
2014-09-10,"Morningstar, Inc",Not Provided,3.0,hold,-0.0
2014-09-10,Bernstein,Not Provided,5.0,outperform,57.0
2014-09-11,Barclays,Not Provided,5.0,overweight,54.0
2014-09-12,Cowen,12 month,3.0,market perform,52.0
2014-09-12,BMO Capital Markets,Not Provided,5.0,outperform,55.0
2014-09-12,Wells Fargo Securities,Not Provided,5.0,outperform,-0.0
2014-09-15,Edward Jones,Not Provided,5.0,buy,-0.0
2014-09-15,Bernstein,Not Provided,5.0,outperform,57.0
2014-09-15,Oppenheimer & Co,18 month,5.0,outperform,56.0
2014-09-16,Raymond James,12 month,5.0,outperform,55.0
2014-09-17,Pacific Crest Securities,Not Provided,3.0,sector perform,-0.0
2014-09-17,J.P. Morgan,15 month,5.0,overweight,59.0
2014-09-19,"Morningstar, Inc",Not Provided,3.0,hold,-0.0
2014-09-19,Jefferies,12 month,5.0,buy,55.0
2014-09-19,Cowen,12 month,3.0,market perform,52.0
2014-09-22,Bernstein,Not Provided,5.0,outperform,57.0
2014-09-23,BMO Capital Markets,Not Provided,5.0,outperform,55.0
2014-09-24,Edward Jones,Not Provided,5.0,buy,-0.0
2014-09-24,Wells Fargo Securities,Not Provided,5.0,outperform,-0.0
2014-09-24,Barclays,Not Provided,5.0,overweight,54.0
2014-09-25,Jefferies,12 month,5.0,buy,55.0
2014-09-26,Wells Fargo Securities,Not Provided,5.0,outperform,-0.0
2014-09-26,Argus Research Corp,Not Provided,5.0,buy,59.0
2014-09-28,Evercore ISI,Not Provided,5.0,overweight,55.0
2014-09-30,Bernstein,12 month,5.0,outperform,57.0
2014-10-01,J.P. Morgan,12 month,5.0,overweight,59.0
2014-10-03,BMO Capital Markets,Not Provided,5.0,outperform,55.0
2014-10-06,Bernstein,Not Provided,5.0,outperform,57.0
2014-10-06,MoffettNathanson,Not Provided,3.0,neutral,48.0
2014-10-07,Baird,Not Provided,5.0,outperform,55.0
2014-10-07,Evercore ISI,Not Provided,5.0,overweight,55.0
2014-10-07,Pacific Crest Securities,Not Provided,3.0,sector perform,-0.0
2014-10-09,Evercore ISI,Not Provided,5.0,buy,55.0
2014-10-09,"Morningstar, Inc",Not Provided,3.0,hold,-0.0
2014-10-13,Jefferies,12 month,5.0,buy,55.0
2014-10-14,Bernstein,Not Provided,5.0,outperform,57.0
2014-10-14,Wells Fargo Securities,Not Provided,5.0,outperform,-0.0
2014-10-14,Morgan Stanley,12 month,5.0,Overwt/Cautious,54.0
2014-10-14,Cowen,12 month,3.0,market perform,52.0
2014-10-14,Macquarie,12 month,3.0,neutral,50.0
2014-10-14,RBC Capital Markets,12 month,5.0,outperform,54.0
2014-10-14,Edward Jones,Not Provided,5.0,buy,-0.0
2014-10-15,Pacific Crest Securities,Not Provided,3.0,sector perform,-0.0
2014-10-16,M Science,Not Provided,-2147483648.0,no rating system,-0.0
2014-10-21,Drexel Hamilton LLC,Not Provided,3.0,hold,-0.0
2014-10-21,Scotia Capital,12 month,5.0,sector outperform,54.0
2014-10-21,Pacific Crest Securities,Not Provided,3.0,sector perform,-0.0
2014-10-21,J.P. Morgan,12 month,5.0,overweight,59.0
2014-10-21,UBS,12 month,3.0,neutral,50.0
2014-10-21,William Blair & Co,Not Provided,3.0,market perform,-0.0
2014-10-21,New Street Research,Not Provided,3.0,neutral,47.0
2014-10-21,Argus Research Corp,Not Provided,5.0,buy,59.0
2014-10-21,Canaccord Genuity,12 month,5.0,buy,56.0
2014-10-21,Goldman Sachs,12 month,5.0,Buy/Neutral,55.0
2014-10-21,Raymond James,12 month,5.0,outperform,55.0
2014-10-21,Barclays,Not Provided,5.0,overweight,54.0
2014-10-21,BMO Capital Markets,Not Provided,5.0,outperform,55.0
2014-10-21,MoffettNathanson,Not Provided,3.0,neutral,48.0
2014-10-21,Credit Suisse,Not Provided,3.0,neutral,52.0
2014-10-21,Edward Jones,Not Provided,5.0,buy,-0.0
2014-10-22,Oppenheimer & Co,18 month,5.0,outperform,56.0
2014-10-22,Evercore ISI,12 month,5.0,buy,55.0
2014-10-22,"Morningstar, Inc",Not Provided,3.0,hold,-0.0
2014-10-22,Macquarie,12 month,3.0,neutral,48.5
2014-10-22,Bernstein,12 month,5.0,outperform,57.0
2014-10-22,Wells Fargo Securities,Not Provided,5.0,outperform,-0.0
2014-10-22,Nomura,12 month,5.0,buy,53.0
2014-10-22,Jefferies,12 month,5.0,buy,54.0
2014-10-22,Cowen,12 month,3.0,market perform,53.0
2014-10-22,Erste Group,Not Provided,5.0,buy,-0.0
2014-10-22,FBR Capital Markets,Not Provided,5.0,outperform,57.0
2014-10-22,Hilliard Lyons,12 month,5.0,buy,54.0
2014-10-22,Morgan Stanley,12 month,5.0,Overwt/Cautious,54.0
2014-10-22,RBC Capital Markets,12 month,5.0,outperform,54.0
2014-10-22,Baird,12 month,5.0,outperform,54.0
2014-10-23,EVA Dimensions,Not Provided,3.0,hold,-0.0
2014-10-23,Accountability Research Corp,Not Provided,5.0,buy,59.0
2014-10-24,BTIG LLC,Not Provided,5.0,buy,60.0
2014-10-27,Oppenheimer & Co,Not Provided,5.0,outperform,56.0
2014-10-28,"Morningstar, Inc",Not Provided,3.0,hold,-0.0
2014-10-29,Cowen,12 month,3.0,market perform,53.0
2014-10-29,Bernstein,Not Provided,5.0,outperform,57.0
2014-11-02,BMO Capital Markets,Not Provided,5.0,outperform,55.0
2014-11-04,Jefferies,12 month,5.0,buy,54.0
2014-11-04,Raymond James,12 month,5.0,outperform,55.0
2014-11-05,Bernstein,12 month,5.0,outperform,57.0
2014-11-05,Baird,12 month,5.0,outperform,54.0
2014-11-05,Barclays,Not Provided,5.0,overweight,54.0
2014-11-05,Wells Fargo Securities,Not Provided,5.0,outperform,-0.0
2014-11-07,RBC Capital Markets,12 month,5.0,outperform,54.0
2014-11-11,Macquarie,12 month,3.0,neutral,48.5
2014-11-11,Edward Jones,Not Provided,5.0,buy,-0.0
2014-11-11,Bernstein,Not Provided,5.0,outperform,57.0
2014-11-12,"Morningstar, Inc",Not Provided,3.0,hold,-0.0
2014-11-12,Pacific Crest Securities,Not Provided,3.0,sector perform,-0.0
2014-11-12,Wells Fargo Securities,Not Provided,5.0,outperform,-0.0
2014-11-13,Cowen,12 month,3.0,market perform,53.0
2014-11-13,BMO Capital Markets,Not Provided,5.0,outperform,55.0
2014-11-17,New Street Research,Not Provided,3.0,neutral,47.0
2014-11-17,Bernstein,Not Provided,5.0,outperform,57.0
2014-11-19,"Morningstar, Inc",Not Provided,3.0,hold,-0.0
2014-11-19,Evercore ISI,Not Provided,5.0,buy,55.0
2014-11-24,Bernstein,12 month,5.0,outperform,57.0
2014-11-24,Oppenheimer & Co,Not Provided,5.0,outperform,56.0
2014-11-24,Edward Jones,Not Provided,5.0,buy,-0.0
2014-11-26,Wells Fargo Securities,Not Provided,5.0,outperform,-0.0
2014-12-01,Bernstein,Not Provided,5.0,outperform,57.0
2014-12-01,Cowen,Not Provided,3.0,market perform,53.0
2014-12-01,MoffettNathanson,Not Provided,3.0,neutral,48.0
2014-12-01,William Blair & Co,Not Provided,3.0,market perform,-0.0
2014-12-02,HSBC,Not Provided,3.0,neutral,52.5
2014-12-02,Evercore ISI,Not Provided,5.0,buy,55.0
2014-12-03,Edward Jones,Not Provided,5.0,buy,-0.0
2014-12-03,Baird,Not Provided,5.0,outperform,54.0
2014-12-03,"Morningstar, Inc",Not Provided,3.0,hold,-0.0
2014-12-04,Jefferies,12 month,5.0,buy,54.0
2014-12-08,Scotia Capital,12 month,5.0,sector outperform,54.0
2014-12-08,Canaccord Genuity,12 month,5.0,buy,56.0
2014-12-09,Baird,12 month,3.0,neutral,50.0
2014-12-09,Bernstein,12 month,5.0,outperform,57.0
2014-12-09,Macquarie,12 month,3.0,neutral,46.0
2014-12-09,Jefferies,12 month,5.0,buy,54.0
2014-12-09,Evercore ISI,12 month,5.0,buy,55.0
2014-12-09,Credit Suisse,Not Provided,3.0,neutral,51.0
2014-12-09,Cowen,12 month,3.0,market perform,51.0
2014-12-09,Raymond James,12 month,5.0,outperform,55.0
2014-12-09,J.P. Morgan,12 month,5.0,overweight,59.0
2014-12-09,Edward Jones,Not Provided,5.0,buy,-0.0
2014-12-09,"Morningstar, Inc",Not Provided,3.0,hold,-0.0
2014-12-10,Wells Fargo Securities,Not Provided,5.0,outperform,-0.0
2014-12-10,Pacific Crest Securities,Not Provided,3.0,sector perform,-0.0
2014-12-10,BMO Capital Markets,Not Provided,5.0,outperform,55.0
2014-12-10,Oppenheimer & Co,18 month,5.0,outperform,54.0
2014-12-10,Morgan Stanley,12 month,5.0,Overwt/Cautious,51.0
2014-12-10,Gabelli & Co,Not Provided,5.0,buy,-0.0
2014-12-11,Argus Research Corp,Not Provided,5.0,buy,59.0
2014-12-11,FBR Capital Markets,12 month,5.0,outperform,57.0
2014-12-11,Barclays,Not Provided,5.0,overweight,54.0
2014-12-17,Goldman Sachs,12 month,3.0,neutral/neutral,48.0
2014-12-18,Bernstein,Not Provided,5.0,outperform,54.0
2014-12-18,Macquarie,12 month,3.0,neutral,46.0
2014-12-18,RBC Capital Markets,12 month,5.0,outperform,51.0
2014-12-18,MoffettNathanson,Not Provided,3.0,neutral,48.0
2014-12-18,Evercore ISI,Not Provided,5.0,buy,55.0
2014-12-19,M Science,Not Provided,-2147483648.0,no rating system,-0.0
2014-12-19,FBR Capital Markets,12 month,5.0,outperform,57.0
2014-12-22,Bernstein,Not Provided,5.0,outperform,54.0
2014-12-31,Cowen,Not Provided,3.0,market perform,51.0
2015-01-05,Bernstein,Not Provided,5.0,outperform,54.0
2015-01-05,Oppenheimer & Co,Not Provided,5.0,outperform,54.0
2015-01-05,MoffettNathanson,Not Provided,3.0,neutral,48.0
2015-01-06,Scotia Capital,12 month,5.0,sector outperform,54.0
2015-01-06,J.P. Morgan,12 month,5.0,overweight,59.0
2015-01-06,Cowen,12 month,3.0,market perform,51.0
2015-01-06,Wells Fargo Securities,Not Provided,5.0,outperform,-0.0
2015-01-07,Nomura,12 month,5.0,buy,53.0
2015-01-07,Barclays,Not Provided,5.0,overweight,54.0
2015-01-08,Pacific Crest Securities,Not Provided,3.0,sector perform,-0.0
2015-01-09,Baird,12 month,3.0,neutral,50.0
2015-01-09,Evercore ISI,Not Provided,5.0,buy,55.0
2015-01-12,Bernstein,Not Provided,5.0,outperform,54.0
2015-01-12,Edward Jones,Not Provided,5.0,buy,-0.0
2015-01-12,Oppenheimer & Co,Not Provided,5.0,outperform,54.0
2015-01-12,Jefferies,Not Provided,5.0,buy,54.0
2015-01-13,Evercore ISI,12 month,3.0,hold,51.0
2015-01-14,Cowen,Not Provided,3.0,market perform,51.0
2015-01-14,Morgan Stanley,12 month,5.0,Overwt/Cautious,51.0
2015-01-14,Wells Fargo Securities,Not Provided,5.0,outperform,-0.0
2015-01-16,Drexel Hamilton LLC,Not Provided,3.0,hold,-0.0
2015-01-19,Canaccord Genuity,12 month,5.0,buy,56.0
2015-01-19,BMO Capital Markets,Not Provided,5.0,outperform,55.0
2015-01-20,M Science,Not Provided,-2147483648.0,no rating system,-0.0
2015-01-20,William Blair & Co,Not Provided,3.0,market perform,-0.0
2015-01-20,Oppenheimer & Co,Not Provided,5.0,outperform,54.0
2015-01-20,Raymond James,12 month,5.0,outperform,55.0
2015-01-20,Bernstein,Not Provided,5.0,outperform,54.0
2015-01-22,Pacific Crest Securities,Not Provided,3.0,sector perform,-0.0
2015-01-22,Oppenheimer & Co,12 month,5.0,outperform,54.0
2015-01-22,Credit Suisse,Not Provided,3.0,neutral,51.0
2015-01-22,Drexel Hamilton LLC,Not Provided,3.0,hold,-0.0
2015-01-22,Edward Jones,Not Provided,5.0,buy,-0.0
2015-01-22,Canaccord Genuity,12 month,5.0,buy,54.0
2015-01-22,Raymond James,12 month,5.0,outperform,53.0
2015-01-22,BMO Capital Markets,Not Provided,5.0,outperform,55.0
2015-01-22,J.P. Morgan,12 month,5.0,overweight,57.0
2015-01-22,Scotia Capital,12 month,5.0,sector outperform,54.0
2015-01-23,Wells Fargo Securities,Not Provided,5.0,outperform,-0.0
2015-01-23,Nomura,12 month,5.0,buy,53.0
2015-01-23,FBR Capital Markets,12 month,5.0,outperform,57.0
2015-01-23,Baird,12 month,3.0,neutral,48.0
2015-01-23,Evercore ISI,12 month,3.0,hold,50.0
2015-01-23,Barclays,Not Provided,3.0,equalweight,51.0
2015-01-23,RBC Capital Markets,12 month,5.0,outperform,48.0
2015-01-23,CM Research,Not Provided,3.0,hold,49.0
2015-01-23,Accountability Research Corp,Not Provided,5.0,buy,57.0
2015-01-23,William Blair & Co,Not Provided,3.0,market perform,-0.0
2015-01-23,Jefferies,12 month,5.0,buy,53.0
2015-01-23,Cowen,12 month,3.0,market perform,49.0
2015-01-23,Goldman Sachs,12 month,3.0,neutral/neutral,47.0
2015-01-23,Hilliard Lyons,12 month,5.0,buy,52.0
2015-01-23,Argus Research Corp,Not Provided,5.0,buy,59.0
2015-01-23,New Street Research,Not Provided,3.0,neutral,46.0
2015-01-27,Macquarie,12 month,3.0,neutral,45.0
2015-01-27,Bernstein,Not Provided,5.0,outperform,54.0
2015-01-27,"Morningstar, Inc",Not Provided,3.0,hold,-0.0
2015-01-27,Morgan Stanley,12 month,5.0,Overwt/Cautious,50.0
2015-01-30,Tigress Financial Partners,Not Provided,3.0,neutral,-0.0
2015-01-30,Scotia Capital,12 month,5.0,sector outperform,55.0
2015-01-30,Gabelli & Co,Not Provided,5.0,buy,-0.0
2015-01-30,Baird,Not Provided,3.0,neutral,48.0
2015-01-30,Edward Jones,Not Provided,5.0,buy,-0.0
2015-02-01,Goldman Sachs,12 month,3.0,neutral/neutral,48.0
2015-02-01,Pacific Crest Securities,Not Provided,3.0,sector perform,-0.0
2015-02-02,Oppenheimer & Co,12 month,5.0,outperform,54.0
2015-02-02,Bernstein,Not Provided,5.0,outperform,54.0
2015-02-02,"Morningstar, Inc",Not Provided,3.0,hold,-0.0
2015-02-02,Jefferies,Not Provided,5.0,buy,53.0
2015-02-02,Cowen,Not Provided,3.0,market perform,50.0
2015-02-02,Barclays,Not Provided,3.0,equalweight,51.0
2015-02-02,J.P. Morgan,12 month,5.0,overweight,55.0
2015-02-02,MoffettNathanson,Not Provided,3.0,neutral,48.0
2015-02-03,Wells Fargo Securities,Not Provided,5.0,outperform,-0.0
2015-02-04,Pacific Crest Securities,Not Provided,3.0,sector perform,-0.0
2015-02-04,Macquarie,12 month,3.0,neutral,45.0
2015-02-05,Credit Suisse,Not Provided,-2147483648.0,restricted,-0.0
2015-02-05,J.P. Morgan,12 month,5.0,overweight,55.0
2015-02-05,Scotia Capital,12 month,5.0,sector outperform,55.0
2015-02-06,Raymond James,12 month,5.0,outperform,53.0
2015-02-06,FBR Capital Markets,12 month,5.0,outperform,57.0
2015-02-06,Cowen,12 month,3.0,market perform,50.0
2015-02-06,New Street Research,Not Provided,3.0,neutral,47.0
2015-02-06,Nomura,12 month,5.0,buy,53.0
2015-02-06,"Morningstar, Inc",Not Provided,3.0,hold,-0.0
2015-02-06,Canaccord Genuity,12 month,5.0,buy,54.0
2015-02-06,Oppenheimer & Co,12 month,5.0,outperform,54.0
2015-02-06,Evercore ISI,12 month,3.0,hold,50.0
2015-02-06,Morgan Stanley,12 month,5.0,Overwt/Cautious,50.0
2015-02-06,Jefferies,12 month,5.0,buy,53.0
2015-02-06,Baird,12 month,3.0,neutral,48.0
2015-02-06,RBC Capital Markets,12 month,5.0,outperform,48.0
2015-02-09,Bernstein,Not Provided,5.0,outperform,54.0
2015-02-09,Edward Jones,Not Provided,5.0,buy,-0.0
2015-02-09,Hilliard Lyons,12 month,5.0,buy,52.0
2015-02-09,Argus Research Corp,Not Provided,5.0,buy,59.0
2015-02-10,EVA Dimensions,Not Provided,5.0,overweight,-0.0
2015-02-10,Wells Fargo Securities,Not Provided,5.0,outperform,-0.0
2015-02-16,Pacific Crest Securities,Not Provided,3.0,sector perform,-0.0
2015-02-17,Bernstein,Not Provided,5.0,outperform,54.0
2015-02-17,Jefferies,12 month,5.0,buy,53.0
2015-02-17,Barclays,Not Provided,3.0,equalweight,51.0
2015-02-17,Scotia Capital,12 month,5.0,sector outperform,55.0
2015-02-17,"Morningstar, Inc",Not Provided,3.0,hold,-0.0
2015-02-17,Oppenheimer & Co,12 month,5.0,outperform,54.0
2015-02-18,Morgan Stanley,12 month,5.0,Overwt/Cautious,50.0
2015-02-18,Nomura,12 month,5.0,buy,53.0
2015-02-18,Wells Fargo Securities,Not Provided,5.0,outperform,-0.0
2015-02-18,Macquarie,12 month,3.0,neutral,44.5
2015-02-23,Erste Group,Not Provided,1.0,sell,-0.0
2015-02-24,Morgan Stanley,12 month,5.0,Overwt/Cautious,50.0
2015-02-24,Bernstein,Not Provided,5.0,outperform,54.0
2015-02-24,BMO Capital Markets,Not Provided,5.0,outperform,55.0
2015-02-26,Baird,Not Provided,3.0,neutral,48.0
2015-02-26,Edward Jones,Not Provided,5.0,buy,-0.0
2015-03-02,Bernstein,Not Provided,5.0,outperform,54.0
2015-03-03,Evercore ISI,Not Provided,3.0,hold,50.0
2015-03-04,"Morningstar, Inc",Not Provided,3.0,hold,-0.0
2015-03-05,MoffettNathanson,Not Provided,3.0,neutral,48.0
2015-03-05,Jefferies,12 month,5.0,buy,53.0
2015-03-09,Bernstein,Not Provided,5.0,outperform,54.0
2015-03-09,Edward Jones,Not Provided,5.0,buy,-0.0
2015-03-10,Wells Fargo Securities,Not Provided,5.0,outperform,-0.0
2015-03-11,Cowen,Not Provided,3.0,market perform,50.0
2015-03-12,MoffettNathanson,Not Provided,3.0,neutral,48.0
2015-03-12,J.P. Morgan,9 month,5.0,overweight,55.0
2015-03-12,Pacific Crest Securities,Not Provided,3.0,sector perform,-0.0
2015-03-13,Wells Fargo Securities,Not Provided,5.0,outperform,-0.0
2015-03-16,Bernstein,12 month,5.0,outperform,54.0
2015-03-16,Oppenheimer & Co,Not Provided,5.0,outperform,54.0
2015-03-16,Macquarie,12 month,3.0,neutral,44.5
2015-03-16,RBC Capital Markets,12 month,5.0,outperform,48.0
2015-03-18,M Science,Not Provided,-2147483648.0,no rating system,-0.0
2015-03-18,Baird,Not Provided,3.0,neutral,48.0
2015-03-19,Oppenheimer & Co,Not Provided,5.0,outperform,54.0
2015-03-20,Wells Fargo Securities,Not Provided,5.0,outperform,-0.0
2015-03-20,Gabelli & Co,Not Provided,5.0,buy,-0.0
2015-03-23,Bernstein,Not Provided,5.0,outperform,54.0
2015-03-23,Raymond James,Not Provided,5.0,outperform,49.56
2015-03-24,Evercore ISI,Not Provided,3.0,hold,50.0
2015-03-24,Jefferies,Not Provided,5.0,buy,53.0
2015-03-24,Edward Jones,Not Provided,5.0,buy,-0.0
2015-03-27,Cowen,Not Provided,3.0,market perform,50.0
2015-03-29,Evercore ISI,Not Provided,3.0,hold,50.0
2015-03-30,Edward Jones,Not Provided,5.0,buy,-0.0
2015-03-30,Bernstein,Not Provided,5.0,outperform,54.0
2015-03-30,Oppenheimer & Co,Not Provided,5.0,outperform,54.0
2015-04-01,Raymond James,Not Provided,5.0,outperform,-0.0
2015-04-02,Wells Fargo Securities,Not Provided,5.0,outperform,-0.0
2015-04-06,Bernstein,Not Provided,5.0,outperform,54.0
2015-04-07,Baird,Not Provided,3.0,neutral,49.0
2015-04-07,Cowen,Not Provided,3.0,market perform,50.0
2015-04-09,Edward Jones,Not Provided,5.0,buy,-0.0
2015-04-13,Oppenheimer & Co,Not Provided,5.0,outperform,54.0
2015-04-14,Morgan Stanley,12 month,5.0,Overwt/Cautious,50.0
2015-04-15,Evercore ISI,12 month,3.0,hold,50.0
2015-04-15,Bernstein,Not Provided,5.0,outperform,54.0
2015-04-16,Jefferies,Not Provided,5.0,buy,53.0
2015-04-16,Canaccord Genuity,12 month,5.0,buy,54.0
2015-04-16,Wells Fargo Securities,Not Provided,5.0,outperform,-0.0
2015-04-17,M Science,Not Provided,-2147483648.0,no rating system,-0.0
2015-04-20,HSBC,Not Provided,3.0,hold,51.0
2015-04-21,Edward Jones,Not Provided,5.0,buy,-0.0
2015-04-21,Barclays,Not Provided,3.0,equalweight,52.0
2015-04-21,Canaccord Genuity,12 month,5.0,buy,54.0
2015-04-21,Pacific Crest Securities,Not Provided,3.0,sector weight,-0.0
2015-04-21,Drexel Hamilton LLC,Not Provided,3.0,hold,-0.0
2015-04-21,Scotia Capital,12 month,5.0,sector outperform,55.0
2015-04-21,MoffettNathanson,Not Provided,3.0,neutral,48.0
2015-04-21,Evercore ISI,12 month,3.0,hold,50.0
2015-04-21,Oppenheimer & Co,12 month,5.0,outperform,54.0
2015-04-21,Wells Fargo Securities,Not Provided,5.0,outperform,-0.0
2015-04-21,William Blair & Co,Not Provided,3.0,market perform,-0.0
2015-04-21,Hilliard Lyons,12 month,5.0,buy,52.0
2015-04-21,J.P. Morgan,9 month,5.0,overweight,55.0
2015-04-22,Cowen,Not Provided,3.0,market perform,50.0
2015-04-22,New Street Research,Not Provided,3.0,neutral,45.0
2015-04-22,Nomura,12 month,5.0,buy,53.0
2015-04-22,RBC Capital Markets,12 month,5.0,outperform,51.0
2015-04-22,Bernstein,12 month,5.0,outperform,54.0
2015-04-22,"Morningstar, Inc",Not Provided,3.0,hold,-0.0
2015-04-22,Raymond James,12 month,5.0,outperform,55.0
2015-04-22,Argus Research Corp,Not Provided,5.0,buy,59.0
2015-04-22,Morgan Stanley,12 month,5.0,Overwt/Cautious,50.0
2015-04-23,FBR Capital Markets,12 month,5.0,outperform,57.0
2015-04-23,Baird,Not Provided,3.0,neutral,49.0
2015-04-23,Gabelli & Co,Not Provided,5.0,buy,-0.0
2015-04-23,Jefferies,12 month,5.0,buy,54.0
2015-04-27,Oppenheimer & Co,Not Provided,5.0,outperform,54.0
2015-04-28,Jefferies,12 month,5.0,buy,54.0
2015-04-29,Cowen,12 month,3.0,market perform,50.0
2015-04-29,Wells Fargo Securities,Not Provided,5.0,outperform,-0.0
2015-04-29,Nomura,12 month,5.0,buy,53.0
2015-04-29,Evercore ISI,12 month,3.0,hold,51.0
2015-04-29,Barclays,Not Provided,3.0,equalweight,52.0
2015-04-29,"Morningstar, Inc",Not Provided,3.0,hold,-0.0
2015-04-29,Morgan Stanley,12 month,5.0,Overwt/Cautious,50.0
2015-04-30,Bernstein,Not Provided,5.0,outperform,54.0
2015-05-01,Evercore ISI,Not Provided,3.0,hold,51.0
2015-05-01,Edward Jones,Not Provided,5.0,buy,-0.0
2015-05-01,"Morningstar, Inc",Not Provided,3.0,hold,-0.0
2015-05-04,Bernstein,Not Provided,5.0,outperform,54.0
2015-05-04,Wells Fargo Securities,Not Provided,5.0,outperform,-0.0
2015-05-04,Oppenheimer & Co,Not Provided,5.0,outperform,54.0
2015-05-06,Morgan Stanley,12 month,5.0,Overwt/Cautious,50.0
2015-05-08,EVA Dimensions,Not Provided,5.0,overweight,-0.0
2015-05-12,RBC Capital Markets,12 month,5.0,outperform,51.0
2015-05-12,FBR Capital Markets,12 month,5.0,outperform,57.0
2015-05-12,Morgan Stanley,12 month,5.0,Overwt/Cautious,50.0
2015-05-12,"Morningstar, Inc",Not Provided,3.0,hold,-0.0
2015-05-12,New Street Research,Not Provided,3.0,neutral,45.0
2015-05-12,Scotia Capital,12 month,5.0,sector outperform,55.0
2015-05-12,Macquarie,12 month,1.0,underperform,45.0
2015-05-12,Oppenheimer & Co,Not Provided,5.0,outperform,54.0
2015-05-12,Raymond James,12 month,5.0,outperform,55.0
2015-05-12,Hilliard Lyons,12 month,5.0,buy,52.0
2015-05-12,Jefferies,12 month,5.0,buy,54.0
2015-05-12,Edward Jones,Not Provided,5.0,buy,-0.0
2015-05-12,Evercore ISI,12 month,3.0,hold,51.0
2015-05-12,Wells Fargo Securities,Not Provided,5.0,outperform,-0.0
2015-05-13,Argus Research Corp,Not Provided,5.0,buy,59.0
2015-05-13,Gabelli & Co,Not Provided,5.0,buy,-0.0
2015-05-13,Barclays,Not Provided,3.0,equalweight,52.0
2015-05-14,HSBC,Not Provided,3.0,hold,51.0
2015-05-18,MoffettNathanson,Not Provided,3.0,neutral,48.0
2015-05-18,Oppenheimer & Co,18 month,5.0,outperform,54.0
2015-05-19,Wells Fargo Securities,Not Provided,5.0,outperform,-0.0
2015-05-21,Cowen,12 month,3.0,market perform,50.0
2015-05-21,Bernstein,Not Provided,5.0,outperform,54.0
2015-05-21,Canaccord Genuity,12 month,5.0,buy,54.0
2015-05-22,Wells Fargo Securities,Not Provided,5.0,outperform,-0.0
2015-05-26,Bernstein,12 month,5.0,outperform,54.0
2015-05-27,J.P. Morgan,Not Provided,5.0,overweight,55.0
2015-05-28,Oppenheimer & Co,Not Provided,5.0,outperform,54.0
2015-06-01,Bernstein,Not Provided,5.0,outperform,54.0
2015-06-02,Morgan Stanley,12 month,5.0,Overwt/Cautious,50.0
2015-06-03,Barclays,Not Provided,3.0,equalweight,52.0
2015-06-04,J.P. Morgan,6 month,3.0,neutral,55.0
2015-06-05,Evercore ISI,Not Provided,3.0,hold,51.0
2015-06-09,Pacific Crest Securities,Not Provided,3.0,sector weight,-0.0
2015-06-15,Edward Jones,Not Provided,5.0,buy,-0.0
2015-06-15,MoffettNathanson,Not Provided,3.0,neutral,48.0
2015-06-15,Jefferies,Not Provided,5.0,buy,54.0
2015-06-16,Macquarie,12 month,1.0,underperform,45.0
2015-06-19,Argus Research Corp,Not Provided,5.0,buy,59.0
2015-06-19,Bernstein,Not Provided,5.0,outperform,54.0
2015-06-22,Bernstein,Not Provided,5.0,outperform,54.0
2015-06-23,Edward Jones,Not Provided,5.0,buy,-0.0
2015-06-24,MoffettNathanson,Not Provided,3.0,neutral,48.0
2015-06-29,Bernstein,Not Provided,5.0,outperform,54.0
2015-07-01,Buckingham Research Group,12 month,3.0,neutral,51.0
2015-07-01,Wells Fargo Securities,Not Provided,5.0,outperform,-0.0
2015-07-02,RBC Capital Markets,12 month,5.0,outperform,51.0
2015-07-02,Macquarie,12 month,1.0,underperform,45.0
2015-07-06,Evercore ISI,12 month,3.0,hold,51.0
2015-07-09,Stifel,12 month,5.0,buy,60.0
2015-07-10,Wells Fargo Securities,Not Provided,5.0,outperform,-0.0
2015-07-10,Cowen,Not Provided,3.0,market perform,50.0
2015-07-10,J.P. Morgan,6 month,3.0,neutral,55.0
2015-07-13,Bernstein,12 month,5.0,outperform,54.0
2015-07-14,Morgan Stanley,12 month,5.0,Overwt/Cautious,50.0
2015-07-15,M Science,Not Provided,-2147483648.0,no rating system,-0.0
2015-07-15,Cowen,Not Provided,3.0,market perform,50.0
2015-07-16,Barclays,Not Provided,3.0,equalweight,52.0
2015-07-16,Stifel,12 month,5.0,buy,60.0
2015-07-17,Oppenheimer & Co,18 month,5.0,outperform,54.0
2015-07-17,Evercore ISI,Not Provided,3.0,hold,51.0
2015-07-17,Raymond James,12 month,5.0,outperform,55.0
2015-07-17,Goldman Sachs,12 month,3.0,neutral/neutral,49.0
2015-07-19,Pacific Crest Securities,Not Provided,3.0,sector weight,-0.0
2015-07-20,Bernstein,Not Provided,5.0,outperform,54.0
2015-07-21,New Street Research,Not Provided,3.0,neutral,45.0
2015-07-21,Canaccord Genuity,12 month,5.0,buy,54.0
2015-07-21,William Blair & Co,Not Provided,3.0,market perform,-0.0
2015-07-21,Edward Jones,Not Provided,5.0,buy,-0.0
2015-07-21,J.P. Morgan,18 month,3.0,neutral,50.0
2015-07-21,Oppenheimer & Co,12 month,5.0,outperform,54.0
2015-07-21,Barclays,Not Provided,3.0,equalweight,51.0
2015-07-21,"Morningstar, Inc",Not Provided,3.0,hold,-0.0
2015-07-21,Raymond James,12 month,5.0,outperform,55.0
2015-07-21,Evercore ISI,12 month,3.0,hold,51.0
2015-07-21,MoffettNathanson,Not Provided,3.0,neutral,48.0
2015-07-21,Scotia Capital,12 month,5.0,sector outperform,53.0
2015-07-21,Credit Suisse,Not Provided,-2147483648.0,not rated,-0.0
2015-07-22,Buckingham Research Group,12 month,3.0,neutral,51.0
2015-07-22,FBR Capital Markets,12 month,5.0,outperform,57.0
2015-07-22,EVA Dimensions,Not Provided,5.0,buy,-0.0
2015-07-22,Tigress Financial Partners,Not Provided,3.0,neutral,-0.0
2015-07-22,Goldman Sachs,12 month,3.0,neutral/neutral,48.0
2015-07-22,Argus Research Corp,Not Provided,5.0,buy,59.0
2015-07-22,Hilliard Lyons,12 month,5.0,buy,52.0
2015-07-22,Stifel,12 month,5.0,buy,60.0
2015-07-22,RBC Capital Markets,12 month,5.0,outperform,51.0
2015-07-22,Jefferies,12 month,5.0,buy,53.0
2015-07-22,Pacific Crest Securities,Not Provided,3.0,sector weight,-0.0
2015-07-22,Cowen,12 month,3.0,market perform,48.0
2015-07-22,Baird,12 month,3.0,neutral,49.0
2015-07-22,Morgan Stanley,12 month,5.0,Overwt/Cautious,50.0
2015-07-23,Macquarie,12 month,1.0,underperform,44.0
2015-07-24,Wells Fargo Securities,Not Provided,5.0,outperform,-0.0
2015-07-27,Drexel Hamilton LLC,Not Provided,3.0,hold,-0.0
2015-07-27,Bernstein,Not Provided,5.0,outperform,54.0
2015-07-28,J.P. Morgan,18 month,3.0,neutral,50.0
2015-07-28,Gabelli & Co,Not Provided,5.0,buy,-0.0
2015-07-29,Bernstein,Not Provided,5.0,outperform,54.0
2015-08-03,Barclays,Not Provided,3.0,equalweight,51.0
2015-08-03,Edward Jones,Not Provided,5.0,buy,-0.0
2015-08-03,Evercore ISI,Not Provided,3.0,hold,51.0
2015-08-03,Morgan Stanley,12 month,5.0,Overwt/Cautious,50.0
2015-08-10,Jefferies,12 month,5.0,buy,53.0
2015-08-10,Bernstein,Not Provided,5.0,outperform,54.0
2015-08-10,Evercore ISI,Not Provided,3.0,hold,51.0
2015-08-10,Wells Fargo Securities,Not Provided,5.0,outperform,-0.0
2015-08-12,MoffettNathanson,Not Provided,5.0,buy,54.0
2015-08-14,"Morningstar, Inc",Not Provided,3.0,hold,-0.0
2015-08-14,Evercore ISI,Not Provided,3.0,hold,51.0
2015-08-14,Wells Fargo Securities,Not Provided,5.0,outperform,-0.0
2015-08-17,Bernstein,Not Provided,5.0,outperform,54.0
2015-08-18,Pacific Crest Securities,Not Provided,3.0,sector weight,-0.0
2015-08-21,Cowen,Not Provided,3.0,market perform,48.0
2015-08-21,Evercore ISI,Not Provided,3.0,hold,51.0
2015-08-21,Wells Fargo Securities,Not Provided,5.0,outperform,-0.0
2015-08-24,Baird,Not Provided,3.0,neutral,49.0
2015-08-24,Bernstein,Not Provided,5.0,outperform,54.0
2015-08-27,"Morningstar, Inc",Not Provided,3.0,hold,-0.0
2015-08-27,Cowen,Not Provided,3.0,market perform,48.0
2015-08-28,Wells Fargo Securities,Not Provided,5.0,outperform,-0.0
2015-08-28,Edward Jones,Not Provided,5.0,buy,-0.0
2015-08-31,Morgan Stanley,12 month,5.0,Overwt/Cautious,50.0
2015-08-31,Bernstein,Not Provided,5.0,outperform,54.0
2015-08-31,Evercore ISI,Not Provided,3.0,hold,51.0
2015-09-01,Stifel,12 month,5.0,buy,60.0
2015-09-01,Canaccord Genuity,12 month,5.0,buy,54.0
2015-09-03,Edward Jones,Not Provided,5.0,buy,-0.0
2015-09-03,Scotia Capital,12 month,5.0,sector outperform,53.0
2015-09-04,Wells Fargo Securities,Not Provided,5.0,outperform,-0.0
2015-09-07,Bernstein,Not Provided,5.0,outperform,54.0
2015-09-08,Cowen,Not Provided,3.0,market perform,48.0
2015-09-10,Canaccord Genuity,Not Provided,5.0,buy,54.0
2015-09-10,Pacific Crest Securities,Not Provided,3.0,sector weight,-0.0
2015-09-11,Accountability Research Corp,Not Provided,5.0,buy,54.0
2015-09-11,Edward Jones,Not Provided,5.0,buy,-0.0
2015-09-11,Cowen,Not Provided,3.0,market perform,48.0
2015-09-11,Oppenheimer & Co,Not Provided,5.0,outperform,54.0
2015-09-13,Evercore ISI,Not Provided,3.0,hold,51.0
2015-09-14,Bernstein,12 month,5.0,outperform,54.0
2015-09-17,Scotia Capital,12 month,5.0,sector outperform,51.0
2015-09-17,Edward Jones,Not Provided,5.0,buy,-0.0
2015-09-17,J.P. Morgan,Not Provided,3.0,neutral,50.0
2015-09-17,Barclays,Not Provided,3.0,equalweight,51.0
2015-09-21,Bernstein,12 month,5.0,outperform,54.0
2015-09-21,Pacific Crest Securities,Not Provided,3.0,sector weight,-0.0
2015-09-21,Wells Fargo Securities,Not Provided,5.0,outperform,-0.0
2015-09-22,"Morningstar, Inc",Not Provided,5.0,buy,-0.0
2015-09-22,Morgan Stanley,12 month,5.0,Overwt/Cautious,50.0
2015-09-22,Evercore ISI,Not Provided,3.0,hold,51.0
2015-09-23,Pacific Crest Securities,Not Provided,3.0,sector weight,-0.0
2015-09-23,Morgan Stanley,12 month,5.0,Overwt/Cautious,50.0
2015-09-28,Bernstein,Not Provided,5.0,outperform,54.0
2015-09-28,Buckingham Research Group,12 month,3.0,neutral,51.0
2015-09-28,"Morningstar, Inc",Not Provided,5.0,buy,-0.0
2015-09-29,Wells Fargo Securities,Not Provided,5.0,outperform,-0.0
2015-09-29,RBC Capital Markets,12 month,5.0,outperform,48.0
2015-09-29,Barclays,Not Provided,3.0,equalweight,51.0
2015-09-30,MoffettNathanson,Not Provided,5.0,buy,54.0
2015-09-30,M Science,Not Provided,-2147483648.0,no rating system,-0.0
2015-10-01,Canaccord Genuity,Not Provided,5.0,buy,54.0
2015-10-05,Evercore ISI,Not Provided,3.0,hold,51.0
2015-10-05,Bernstein,Not Provided,5.0,outperform,52.0
2015-10-06,Jefferies,Not Provided,5.0,buy,53.0
2015-10-06,Argus Research Corp,Not Provided,5.0,buy,59.0
2015-10-09,Bernstein,Not Provided,5.0,outperform,52.0
2015-10-13,Wells Fargo Securities,Not Provided,5.0,outperform,-0.0
2015-10-13,Barclays,Not Provided,3.0,equalweight,51.0
2015-10-13,MoffettNathanson,12 month,5.0,buy,54.0
2015-10-16,M Science,Not Provided,-2147483648.0,no rating system,-0.0
2015-10-16,Nomura,12 month,3.0,neutral,47.0
2015-10-16,Cowen,Not Provided,3.0,market perform,48.0
2015-10-19,Macquarie,12 month,1.0,underperform,44.0
2015-10-19,Bernstein,Not Provided,5.0,outperform,52.0
2015-10-20,Morgan Stanley,12 month,5.0,Overwt/Cautious,50.0
2015-10-20,Drexel Hamilton LLC,Not Provided,3.0,hold,-0.0
2015-10-20,Canaccord Genuity,12 month,5.0,buy,54.0
2015-10-20,Pacific Crest Securities,Not Provided,3.0,sector weight,-0.0
2015-10-20,New Street Research,Not Provided,3.0,neutral,45.0
2015-10-20,Oppenheimer & Co,12 month,5.0,outperform,54.0
2015-10-20,Barclays,Not Provided,3.0,equalweight,51.0
2015-10-20,Baird,12 month,3.0,neutral,49.0
2015-10-20,UBS,12 month,3.0,neutral,48.0
2015-10-20,Evercore ISI,Not Provided,3.0,hold,52.0
2015-10-20,MoffettNathanson,12 month,5.0,buy,54.0
2015-10-20,Edward Jones,Not Provided,5.0,buy,-0.0
2015-10-20,Jefferies,12 month,5.0,buy,53.0
2015-10-20,"Morningstar, Inc",Not Provided,5.0,buy,-0.0
2015-10-20,Scotia Capital,12 month,5.0,sector outperform,51.0
2015-10-20,Wells Fargo Securities,Not Provided,5.0,outperform,-0.0
2015-10-20,William Blair & Co,Not Provided,3.0,market perform,-0.0
2015-10-21,Goldman Sachs,12 month,3.0,neutral/neutral,49.0
2015-10-21,J.P. Morgan,18 month,3.0,neutral,50.0
2015-10-21,Hilliard Lyons,12 month,5.0,buy,51.0
2015-10-21,FBR Capital Markets,12 month,5.0,outperform,54.0
2015-10-21,Argus Research Corp,Not Provided,5.0,buy,53.0
2015-10-21,HSBC,Not Provided,3.0,hold,47.0
2015-10-21,Morgan Stanley,12 month,5.0,Overwt/Cautious,50.0
2015-10-21,Cowen,12 month,3.0,market perform,48.0
2015-10-21,Barclays,Not Provided,3.0,equalweight,51.0
2015-10-21,Raymond James,12 month,5.0,outperform,55.0
2015-10-21,RBC Capital Markets,12 month,5.0,outperform,48.0
2015-10-21,Jefferies,12 month,5.0,buy,53.0
2015-10-22,Accountability Research Corp,Not Provided,5.0,buy,54.0
2015-10-22,Macquarie,12 month,1.0,underperform,44.0
2015-10-22,Nomura,12 month,3.0,neutral,47.0
2015-10-22,"Morningstar, Inc",Not Provided,3.0,hold,-0.0
2015-10-26,Bernstein,Not Provided,5.0,outperform,52.0
2015-10-27,Edward Jones,Not Provided,5.0,buy,-0.0
2015-11-02,Jefferies,12 month,5.0,buy,53.0
2015-11-02,Raymond James,12 month,5.0,outperform,55.0
2015-11-02,RBC Capital Markets,12 month,5.0,outperform,48.0
2015-11-02,Gabelli & Co,Not Provided,5.0,buy,-0.0
2015-11-02,Edward Jones,Not Provided,5.0,buy,-0.0
2015-11-03,Nomura,12 month,3.0,neutral,47.0
2015-11-03,Buckingham Research Group,12 month,3.0,neutral,51.0
2015-11-03,Cowen,12 month,3.0,market perform,48.0
2015-11-03,Baird,12 month,3.0,neutral,49.0
2015-11-03,Bernstein,12 month,5.0,outperform,52.0
2015-11-03,Barclays,Not Provided,3.0,equalweight,51.0
2015-11-03,Drexel Hamilton LLC,Not Provided,3.0,hold,-0.0
2015-11-03,Morgan Stanley,12 month,5.0,Overwt/Cautious,50.0
2015-11-03,Evercore ISI,12 month,3.0,hold,52.0
2015-11-04,Bernstein,Not Provided,5.0,outperform,52.0
2015-11-05,Baird,12 month,3.0,neutral,49.0
2015-11-06,MoffettNathanson,12 month,5.0,buy,54.0
2015-11-09,Evercore ISI,Not Provided,3.0,hold,52.0
2015-11-10,Wells Fargo Securities,Not Provided,5.0,outperform,-0.0
2015-11-13,Evercore ISI,Not Provided,3.0,hold,52.0
2015-11-13,Bernstein,Not Provided,5.0,outperform,52.0
2015-11-13,"Morningstar, Inc",Not Provided,5.0,buy,-0.0
2015-11-17,Cowen,Not Provided,3.0,market perform,48.0
2015-11-18,MoffettNathanson,12 month,5.0,buy,54.0
2015-11-19,"Morningstar, Inc",Not Provided,3.0,hold,-0.0
2015-11-19,J.P. Morgan,12 month,3.0,neutral,50.0
2015-11-20,Nomura,12 month,3.0,neutral,47.0
2015-11-20,Bernstein,Not Provided,5.0,outperform,52.0
2015-11-22,Evercore ISI,Not Provided,3.0,hold,52.0
2015-11-23,FBR Capital Markets,Not Provided,5.0,outperform,54.0
2015-11-23,Cowen,Not Provided,3.0,market perform,48.0
2015-11-25,Edward Jones,Not Provided,5.0,buy,-0.0
2015-11-27,Wells Fargo Securities,Not Provided,5.0,outperform,-0.0
2015-11-29,New Street Research,Not Provided,3.0,neutral,45.0
2015-11-29,Evercore ISI,Not Provided,3.0,hold,52.0
2015-11-30,Bernstein,Not Provided,5.0,outperform,52.0
2015-12-07,Wells Fargo Securities,Not Provided,5.0,outperform,-0.0
2015-12-07,Jefferies,12 month,5.0,buy,53.0
2015-12-08,Pacific Crest Securities,Not Provided,3.0,sector weight,-0.0
2015-12-09,MoffettNathanson,12 month,5.0,buy,54.0
2015-12-09,Bernstein,Not Provided,5.0,outperform,52.0
2015-12-14,Bernstein,Not Provided,5.0,outperform,52.0
2015-12-15,BTIG LLC,Not Provided,3.0,neutral,-0.0
2015-12-16,Pacific Crest Securities,Not Provided,3.0,sector weight,-0.0
2015-12-17,MoffettNathanson,12 month,5.0,buy,54.0
2015-12-17,Morgan Stanley,12 month,5.0,Overwt/Cautious,50.0
2015-12-18,Evercore ISI,Not Provided,3.0,hold,52.0
2015-12-18,Edward Jones,Not Provided,5.0,buy,-0.0
2015-12-18,"Morningstar, Inc",Not Provided,3.0,hold,-0.0
2015-12-21,Barclays,Not Provided,3.0,equalweight,51.0
2015-12-21,Bernstein,Not Provided,5.0,outperform,52.0
2015-12-23,M Science,Not Provided,-2147483648.0,no rating system,-0.0
2015-12-31,Bernstein,12 month,5.0,outperform,54.0
2016-01-04,Evercore ISI,12 month,3.0,hold,51.0
2016-01-04,Cowen,Not Provided,3.0,market perform,48.0
2016-01-04,Bernstein,Not Provided,5.0,outperform,54.0
2016-01-06,Wells Fargo Securities,Not Provided,5.0,outperform,-0.0
2016-01-07,MoffettNathanson,12 month,5.0,buy,54.0
2016-01-08,Barclays,Not Provided,3.0,equalweight,51.0
2016-01-08,Oppenheimer & Co,12 month,5.0,outperform,54.0
2016-01-11,Jefferies,Not Provided,5.0,buy,53.0
2016-01-12,Scotia Capital,12 month,5.0,sector outperform,51.0
2016-01-12,Wells Fargo Securities,Not Provided,5.0,outperform,-0.0
2016-01-13,Nomura,12 month,3.0,neutral,47.0
2016-01-13,Pacific Crest Securities,Not Provided,3.0,sector weight,-0.0
2016-01-13,William Blair & Co,Not Provided,3.0,market perform,-0.0
2016-01-14,Cowen,Not Provided,3.0,market perform,48.0
2016-01-14,"Morningstar, Inc",Not Provided,5.0,buy,-0.0
2016-01-14,J.P. Morgan,12 month,3.0,neutral,50.0
2016-01-15,Bernstein,Not Provided,5.0,outperform,54.0
2016-01-19,M Science,Not Provided,-2147483648.0,no rating system,-0.0
2016-01-21,William Blair & Co,Not Provided,3.0,market perform,-0.0
2016-01-21,Oppenheimer & Co,12 month,5.0,outperform,54.0
2016-01-21,Raymond James,12 month,5.0,outperform,55.0
2016-01-21,Hilliard Lyons,12 month,5.0,buy,50.0
2016-01-21,Edward Jones,Not Provided,5.0,buy,-0.0
2016-01-21,MoffettNathanson,12 month,5.0,buy,54.0
2016-01-21,"Morningstar, Inc",Not Provided,3.0,hold,-0.0
2016-01-21,Barclays,Not Provided,3.0,equalweight,51.0
2016-01-21,Evercore ISI,12 month,3.0,hold,52.0
2016-01-21,Cowen,12 month,3.0,market perform,50.0
2016-01-21,Wells Fargo Securities,Not Provided,5.0,outperform,-0.0
2016-01-21,Pacific Crest Securities,Not Provided,3.0,sector weight,-0.0
2016-01-22,FBR Capital Markets,12 month,5.0,outperform,54.0
2016-01-22,Scotia Capital,12 month,5.0,sector outperform,51.0
2016-01-22,Baird,12 month,3.0,neutral,48.0
2016-01-22,Goldman Sachs,12 month,3.0,neutral/neutral,49.0
2016-01-22,J.P. Morgan,12 month,3.0,neutral,50.0
2016-01-22,Nomura,Not Provided,3.0,neutral,47.0
2016-01-22,Jefferies,12 month,5.0,buy,53.0
2016-01-22,New Street Research,Not Provided,3.0,neutral,45.0
2016-01-22,Morgan Stanley,12 month,5.0,Overwt/Cautious,50.0
2016-01-22,Buckingham Research Group,12 month,3.0,neutral,51.0
2016-01-24,RBC Capital Markets,12 month,5.0,outperform,50.0
2016-01-25,Bernstein,Not Provided,5.0,outperform,54.0
2016-01-26,Accountability Research Corp,Not Provided,5.0,buy,54.0
2016-01-26,Gabelli & Co,Not Provided,5.0,buy,-0.0
2016-01-28,Morgan Stanley,12 month,5.0,Overwt/Cautious,50.0
2016-01-29,Wells Fargo Securities,Not Provided,5.0,outperform,-0.0
2016-01-29,Oppenheimer & Co,Not Provided,5.0,outperform,54.0
2016-02-01,"Morningstar, Inc",Not Provided,3.0,hold,-0.0
2016-02-01,William Blair & Co,Not Provided,3.0,market perform,-0.0
2016-02-01,Buckingham Research Group,12 month,3.0,neutral,51.0
2016-02-01,Cowen,Not Provided,3.0,market perform,48.0
2016-02-01,Bernstein,Not Provided,5.0,outperform,54.0
2016-02-02,Wells Fargo Securities,Not Provided,5.0,outperform,-0.0
2016-02-02,"Morningstar, Inc",Not Provided,3.0,hold,-0.0
2016-02-02,Morgan Stanley,12 month,5.0,Overwt/Cautious,50.0
2016-02-03,Tigress Financial Partners,Not Provided,3.0,neutral,-0.0
2016-02-03,D.A. Davidson & Co,Not Provided,3.0,neutral,53.0
2016-02-05,Oppenheimer & Co,Not Provided,5.0,outperform,54.0
2016-02-05,Evercore ISI,Not Provided,3.0,hold,52.0
2016-02-07,Pacific Crest Securities,Not Provided,3.0,sector weight,-0.0
2016-02-08,Bernstein,Not Provided,5.0,outperform,54.0
2016-02-08,Barclays,Not Provided,3.0,equalweight,51.0
2016-02-08,Nomura,12 month,3.0,neutral,47.0
2016-02-12,Wells Fargo Securities,Not Provided,5.0,outperform,-0.0
2016-02-13,Evercore ISI,Not Provided,3.0,hold,52.0
2016-02-15,Bernstein,12 month,5.0,outperform,54.0
2016-02-19,Evercore ISI,Not Provided,3.0,hold,52.0
2016-02-22,Nomura,12 month,3.0,neutral,47.0
2016-02-22,Bernstein,12 month,5.0,outperform,54.0
2016-02-22,Edward Jones,Not Provided,5.0,buy,-0.0
2016-02-22,Cowen,12 month,3.0,market perform,48.0
2016-02-22,Buckingham Research Group,12 month,3.0,neutral,51.0
2016-02-22,MoffettNathanson,12 month,5.0,buy,54.0
2016-02-23,Oppenheimer & Co,18 month,5.0,outperform,54.0
2016-02-23,Wells Fargo Securities,Not Provided,5.0,outperform,-0.0
2016-02-23,D.A. Davidson & Co,Not Provided,3.0,neutral,53.0
2016-02-23,Barclays,Not Provided,3.0,equalweight,51.0
2016-02-23,Morgan Stanley,12 month,5.0,Overwt/Cautious,50.0
2016-02-24,Morgan Stanley,12 month,5.0,Overwt/Cautious,50.0
2016-02-24,Jefferies,12 month,5.0,buy,53.0
2016-02-29,RBC Capital Markets,12 month,5.0,outperform,50.0
2016-03-01,Wells Fargo Securities,Not Provided,5.0,outperform,-0.0
2016-03-01,Bernstein,12 month,5.0,outperform,54.0
2016-03-02,New Street Research,Not Provided,3.0,neutral,45.0
2016-03-03,BTIG LLC,Not Provided,3.0,neutral,-0.0
2016-03-04,Nomura,Not Provided,3.0,neutral,47.0
2016-03-04,Erste Group,Not Provided,3.0,hold,-0.0
2016-03-04,Evercore ISI,Not Provided,3.0,hold,52.0
2016-03-07,Bernstein,12 month,5.0,outperform,54.0
2016-03-08,Wells Fargo Securities,Not Provided,5.0,outperform,-0.0
2016-03-10,Cowen,Not Provided,3.0,market perform,48.0
2016-03-11,Evercore ISI,Not Provided,3.0,hold,52.0
2016-03-14,Bernstein,Not Provided,5.0,outperform,54.0
2016-03-16,Baird,Not Provided,3.0,neutral,48.0
2016-03-18,Wells Fargo Securities,Not Provided,5.0,outperform,-0.0
2016-03-18,RBC Capital Markets,12 month,5.0,outperform,50.0
2016-03-21,Bernstein,Not Provided,5.0,outperform,54.0
2016-03-21,William Blair & Co,Not Provided,3.0,market perform,-0.0
2016-03-22,Drexel Hamilton LLC,Not Provided,3.0,hold,-0.0
2016-03-22,Edward Jones,Not Provided,5.0,buy,-0.0
2016-03-22,J.P. Morgan,9 month,3.0,neutral,50.0
2016-03-28,Cowen,12 month,3.0,market perform,48.0
2016-03-28,Wells Fargo Securities,Not Provided,5.0,outperform,-0.0
2016-03-28,Buckingham Research Group,12 month,3.0,neutral,51.0
2016-03-28,Bernstein,12 month,5.0,outperform,54.0
2016-03-30,RBC Capital Markets,12 month,5.0,outperform,58.0
2016-03-31,Baird,Not Provided,3.0,neutral,54.0
2016-04-01,MoffettNathanson,12 month,3.0,neutral,55.0
2016-04-01,Edward Jones,Not Provided,5.0,buy,-0.0
2016-04-01,Evercore ISI,Not Provided,3.0,hold,52.0
2016-04-01,Oppenheimer & Co,18 month,5.0,outperform,54.0
2016-04-04,Bernstein,Not Provided,5.0,outperform,54.0
2016-04-05,Macquarie,12 month,3.0,neutral,56.0
2016-04-07,MoffettNathanson,12 month,3.0,neutral,55.0
2016-04-07,BTIG LLC,Not Provided,3.0,neutral,-0.0
2016-04-07,Jefferies,Not Provided,3.0,hold,53.0
2016-04-07,Barclays,Not Provided,3.0,equalweight,51.0
2016-04-08,Nomura,12 month,3.0,neutral,47.0
2016-04-11,William Blair & Co,Not Provided,3.0,market perform,-0.0
2016-04-11,Evercore ISI,12 month,3.0,hold,53.0
2016-04-11,Macquarie,12 month,3.0,neutral,56.0
2016-04-11,Bernstein,Not Provided,3.0,market perform,55.0
2016-04-12,Goldman Sachs,12 month,3.0,neutral/neutral,50.0
2016-04-12,Morgan Stanley,12 month,5.0,Overwt/Cautious,50.0
2016-04-12,Wells Fargo Securities,Not Provided,5.0,outperform,-0.0
2016-04-13,Argus Research Corp,Not Provided,5.0,buy,60.0
2016-04-13,M Science,Not Provided,-2147483648.0,no rating system,-0.0
2016-04-13,D.A. Davidson & Co,12 month,3.0,neutral,53.0
2016-04-13,Edward Jones,Not Provided,5.0,buy,-0.0
2016-04-15,HSBC,Not Provided,3.0,hold,53.0
2016-04-16,Erste Group,Not Provided,5.0,buy,-0.0
2016-04-18,Scotia Capital,12 month,3.0,sector perform,52.0
2016-04-18,Buckingham Research Group,12 month,3.0,neutral,51.0
2016-04-18,Barclays,Not Provided,3.0,equalweight,52.0
2016-04-19,Morgan Stanley,12 month,5.0,Overwt/Cautious,50.0
2016-04-19,Pacific Crest Securities,Not Provided,3.0,sector weight,-0.0
2016-04-19,Cowen,Not Provided,3.0,market perform,48.0
2016-04-19,Bernstein,Not Provided,3.0,market perform,55.0
2016-04-20,Wells Fargo Securities,Not Provided,5.0,outperform,-0.0
2016-04-21,"Morningstar, Inc",Not Provided,3.0,hold,-0.0
2016-04-21,Edward Jones,Not Provided,5.0,buy,-0.0
2016-04-21,New Street Research,Not Provided,3.0,neutral,45.0
2016-04-21,Pacific Crest Securities,Not Provided,3.0,sector weight,-0.0
2016-04-21,J.P. Morgan,9 month,3.0,neutral,50.0
2016-04-21,MoffettNathanson,12 month,3.0,neutral,55.0
2016-04-21,Buckingham Research Group,12 month,3.0,neutral,51.0
2016-04-22,Hilliard Lyons,12 month,5.0,buy,53.0
2016-04-22,Goldman Sachs,12 month,3.0,neutral/neutral,51.0
2016-04-22,D.A. Davidson & Co,Not Provided,3.0,neutral,53.0
2016-04-22,Macquarie,12 month,3.0,neutral,54.0
2016-04-22,Oppenheimer & Co,12 month,5.0,outperform,54.0
2016-04-22,FBR Capital Markets,12 month,5.0,outperform,54.0
2016-04-24,Evercore ISI,12 month,3.0,hold,53.0
2016-04-25,Jefferies,12 month,3.0,hold,53.0
2016-04-25,Gabelli & Co,Not Provided,5.0,buy,-0.0
2016-04-25,RBC Capital Markets,12 month,5.0,outperform,56.0
2016-04-25,Scotia Capital,12 month,3.0,sector perform,51.0
2016-04-26,Wells Fargo Securities,Not Provided,5.0,outperform,-0.0
2016-04-26,William Blair & Co,Not Provided,3.0,market perform,-0.0
2016-04-26,Morgan Stanley,12 month,5.0,Overwt/Cautious,50.0
2016-04-26,Cowen,12 month,3.0,market perform,51.0
2016-04-26,Bernstein,12 month,3.0,market perform,55.0
2016-04-26,Baird,12 month,3.0,neutral,54.0
2016-04-26,Drexel Hamilton LLC,Not Provided,3.0,hold,-0.0
2016-04-26,Nomura,12 month,3.0,neutral,47.0
2016-04-26,Raymond James,12 month,5.0,outperform,55.0
2016-04-26,Barclays,Not Provided,3.0,equalweight,52.0
2016-05-03,Morgan Stanley,12 month,5.0,Overwt/Cautious,50.0
2016-05-03,Bernstein,Not Provided,3.0,market perform,55.0
2016-05-04,MoffettNathanson,12 month,3.0,neutral,55.0
2016-05-06,Oppenheimer & Co,12 month,5.0,outperform,54.0
2016-05-06,Morgan Stanley,12 month,5.0,Overwt/Cautious,50.0
2016-05-09,Jefferies,Not Provided,3.0,hold,53.0
2016-05-09,Bernstein,Not Provided,3.0,market perform,55.0
2016-05-09,Scotia Capital,12 month,3.0,sector perform,51.0
2016-05-12,MoffettNathanson,Not Provided,3.0,neutral,55.0
2016-05-13,Oppenheimer & Co,18 month,5.0,outperform,54.0
2016-05-13,Jefferies,12 month,3.0,hold,53.0
2016-05-16,Evercore ISI,Not Provided,3.0,hold,53.0
2016-05-16,Bernstein,Not Provided,3.0,market perform,55.0
2016-05-17,Cowen,Not Provided,3.0,market perform,51.0
2016-05-18,Buckingham Research Group,12 month,3.0,neutral,51.0
2016-05-18,Baird,Not Provided,3.0,neutral,54.0
2016-05-19,Cowen,12 month,3.0,market perform,51.0
2016-05-20,Oppenheimer & Co,18 month,5.0,outperform,54.0
2016-05-22,Pacific Crest Securities,Not Provided,3.0,sector weight,-0.0
2016-05-23,Nomura,12 month,3.0,neutral,47.0
2016-05-23,Drexel Hamilton LLC,Not Provided,3.0,hold,-0.0
2016-05-24,Bernstein,Not Provided,3.0,market perform,55.0
2016-05-24,Wells Fargo Securities,Not Provided,5.0,outperform,-0.0
2016-05-24,RBC Capital Markets,12 month,5.0,outperform,56.0
2016-05-24,Macquarie,12 month,3.0,neutral,53.0
2016-05-25,Barclays,Not Provided,3.0,equalweight,52.0
2016-05-26,Nomura,Not Provided,3.0,neutral,47.0
2016-05-27,Edward Jones,Not Provided,5.0,buy,-0.0
2016-05-27,Evercore ISI,Not Provided,3.0,hold,53.0
2016-05-30,Bernstein,Not Provided,3.0,market perform,55.0
2016-05-31,Wells Fargo Securities,Not Provided,5.0,outperform,-0.0
2016-06-01,D.A. Davidson & Co,Not Provided,3.0,neutral,53.0
2016-06-03,Morgan Stanley,12 month,5.0,Overwt/Cautious,50.0
2016-06-03,Evercore ISI,Not Provided,3.0,hold,53.0
2016-06-06,Jefferies,12 month,3.0,hold,53.0
2016-06-06,Bernstein,Not Provided,3.0,market perform,55.0
2016-06-07,Barclays,Not Provided,3.0,equalweight,52.0
2016-06-07,Wells Fargo Securities,Not Provided,5.0,outperform,-0.0
2016-06-07,J.P. Morgan,6 month,3.0,neutral,50.0
2016-06-08,Buckingham Research Group,12 month,3.0,neutral,51.0
2016-06-08,Pacific Crest Securities,Not Provided,3.0,sector weight,-0.0
2016-06-09,Edward Jones,Not Provided,5.0,buy,-0.0
2016-06-10,Wells Fargo Securities,Not Provided,5.0,outperform,-0.0
2016-06-12,Evercore ISI,Not Provided,3.0,hold,53.0
2016-06-13,Raymond James,12 month,5.0,outperform,55.0
2016-06-13,Argus Research Corp,Not Provided,5.0,buy,60.0
2016-06-13,"Morningstar, Inc",Not Provided,3.0,hold,-0.0
2016-06-14,Edward Jones,Not Provided,5.0,buy,-0.0
2016-06-14,Bernstein,Not Provided,3.0,market perform,55.0
2016-06-17,Evercore ISI,Not Provided,3.0,hold,53.0
2016-06-17,Nomura,Not Provided,3.0,neutral,47.0
2016-06-20,Bernstein,Not Provided,3.0,market perform,55.0
2016-06-20,Buckingham Research Group,12 month,3.0,neutral,51.0
2016-06-21,Jefferies,12 month,3.0,hold,53.0
2016-06-21,MoffettNathanson,Not Provided,3.0,neutral,55.0
2016-06-26,New Street Research,Not Provided,3.0,neutral,45.0
2016-06-27,Baird,12 month,3.0,neutral,54.0
2016-06-30,"Morningstar, Inc",Not Provided,3.0,hold,-0.0
2016-06-30,Gabelli & Co,Not Provided,5.0,buy,-0.0
2016-06-30,Bernstein,Not Provided,3.0,market perform,55.0
2016-07-03,Credit Suisse,Not Provided,-2147483648.0,not rated,-0.0
2016-07-04,Evercore ISI,Not Provided,3.0,hold,53.0
2016-07-06,Macquarie,12 month,3.0,neutral,55.0
2016-07-06,Jefferies,12 month,3.0,hold,53.0
2016-07-07,Buckingham Research Group,12 month,3.0,neutral,51.0
2016-07-07,Nomura,12 month,3.0,neutral,47.0
2016-07-07,Cowen,Not Provided,3.0,market perform,51.0
2016-07-07,Wells Fargo Securities,Not Provided,5.0,outperform,-0.0
2016-07-08,Oppenheimer & Co,18 month,5.0,outperform,54.0
2016-07-08,Drexel Hamilton LLC,Not Provided,3.0,hold,-0.0
2016-07-11,Buckingham Research Group,Not Provided,3.0,neutral,51.0
2016-07-13,Edward Jones,Not Provided,5.0,buy,-0.0
2016-07-14,Pacific Crest Securities,Not Provided,3.0,sector weight,-0.0
2016-07-15,Evercore ISI,Not Provided,3.0,hold,56.0
2016-07-15,Barclays,Not Provided,3.0,equalweight,52.0
2016-07-15,Cowen,Not Provided,3.0,market perform,51.0
2016-07-18,Barclays,Not Provided,3.0,equalweight,52.0
2016-07-18,HSBC,Not Provided,3.0,hold,54.0
2016-07-19,Cowen,Not Provided,3.0,market perform,51.0
2016-07-19,MoffettNathanson,Not Provided,3.0,neutral,55.0
2016-07-20,Oppenheimer & Co,Not Provided,3.0,market perform,-0.0
2016-07-20,Morgan Stanley,12 month,5.0,Overwt/Cautious,59.0
2016-07-20,Argus Research Corp,Not Provided,5.0,buy,60.0
2016-07-20,M Science,Not Provided,-2147483648.0,no rating system,-0.0
2016-07-21,Buckingham Research Group,Not Provided,3.0,neutral,51.0
2016-07-21,Scotia Capital,12 month,3.0,sector perform,54.0
2016-07-21,Drexel Hamilton LLC,Not Provided,3.0,hold,-0.0
2016-07-21,Macquarie,12 month,3.0,neutral,55.0
2016-07-22,Wells Fargo Securities,Not Provided,5.0,outperform,-0.0
2016-07-22,William Blair & Co,Not Provided,3.0,market perform,-0.0
2016-07-26,Baird,12 month,3.0,neutral,55.0
2016-07-26,Cowen,12 month,3.0,market perform,52.0
2016-07-26,Pacific Crest Securities,Not Provided,3.0,sector weight,-0.0
2016-07-26,Drexel Hamilton LLC,Not Provided,3.0,hold,-0.0
2016-07-26,William Blair & Co,Not Provided,3.0,market perform,-0.0
2016-07-26,Raymond James,12 month,5.0,outperform,58.0
2016-07-26,Buckingham Research Group,12 month,3.0,neutral,51.0
2016-07-26,"Morningstar, Inc",Not Provided,3.0,hold,-0.0
2016-07-26,Barclays,Not Provided,3.0,equalweight,52.0
2016-07-26,Edward Jones,Not Provided,5.0,buy,-0.0
2016-07-26,New Street Research,Not Provided,3.0,neutral,45.0
2016-07-26,Oppenheimer & Co,Not Provided,3.0,market perform,-0.0
2016-07-26,Wells Fargo Securities,Not Provided,5.0,outperform,-0.0
2016-07-26,MoffettNathanson,Not Provided,3.0,neutral,55.0
2016-07-27,Jefferies,12 month,3.0,hold,53.0
2016-07-27,UBS,12 month,3.0,neutral,54.0
2016-07-27,FBR Capital Markets,Not Provided,5.0,outperform,57.0
2016-07-27,Goldman Sachs,12 month,3.0,neutral/neutral,53.0
2016-07-27,Hilliard Lyons,Not Provided,3.0,neutral,-0.0
2016-07-27,J.P. Morgan,18 month,3.0,neutral,56.0
2016-07-27,Evercore ISI,Not Provided,3.0,hold,56.0
2016-07-27,Scotia Capital,12 month,3.0,sector perform,54.0
2016-07-27,Macquarie,12 month,3.0,neutral,57.0
2016-07-27,Nomura,12 month,3.0,neutral,47.0
2016-07-27,RBC Capital Markets,12 month,5.0,outperform,57.0
2016-07-28,Morgan Stanley,12 month,5.0,Overwt/Cautious,60.0
2016-08-01,"Morningstar, Inc",Not Provided,3.0,hold,-0.0
2016-08-01,Wells Fargo Securities,Not Provided,-2147483648.0,suspended coverage,-0.0
2016-08-01,Barclays,Not Provided,3.0,equalweight,52.0
2016-08-01,Oppenheimer & Co,Not Provided,3.0,market perform,-0.0
2016-08-01,Buckingham Research Group,Not Provided,3.0,neutral,51.0
2016-08-01,Edward Jones,Not Provided,5.0,buy,-0.0
2016-08-01,Tigress Financial Partners,Not Provided,3.0,neutral,-0.0
2016-08-02,RBC Capital Markets,12 month,5.0,outperform,57.0
2016-08-02,Credit Suisse,Not Provided,-2147483648.0,not rated,-0.0
2016-08-03,Morgan Stanley,12 month,5.0,Overwt/Cautious,60.0
2016-08-06,Evercore ISI,Not Provided,3.0,hold,56.0
2016-08-08,New Street Research,Not Provided,3.0,neutral,45.0
2016-08-12,Oppenheimer & Co,Not Provided,3.0,market perform,-0.0
2016-08-17,M Science,Not Provided,-2147483648.0,no rating system,-0.0
2016-08-18,Morgan Stanley,12 month,5.0,Overwt/Cautious,60.0
2016-08-22,"Morningstar, Inc",Not Provided,3.0,hold,-0.0
2016-08-25,Buckingham Research Group,12 month,3.0,neutral,51.0
2016-08-25,Barclays,Not Provided,3.0,equalweight,52.0
2016-08-26,Nomura,12 month,3.0,neutral,47.0
2016-08-31,Accountability Research Corp,Not Provided,5.0,buy,54.0
2016-09-02,Barclays,Not Provided,3.0,equalweight,52.0
2016-09-02,Edward Jones,Not Provided,5.0,buy,-0.0
2016-09-05,Pacific Crest Securities,Not Provided,3.0,sector weight,-0.0
2016-09-06,Buckingham Research Group,12 month,3.0,neutral,51.0
2016-09-07,MoffettNathanson,Not Provided,3.0,neutral,55.0
2016-09-07,Argus Research Corp,Not Provided,5.0,buy,60.0
2016-09-08,RBC Capital Markets,12 month,5.0,outperform,57.0
2016-09-09,Macquarie,12 month,3.0,neutral,57.0
2016-09-12,Nomura,12 month,3.0,neutral,47.0
2016-09-12,Cowen,Not Provided,3.0,market perform,52.0
2016-09-12,Scotia Capital,12 month,3.0,sector perform,54.0
2016-09-13,Cowen,12 month,3.0,market perform,52.0
2016-09-14,Baird,Not Provided,3.0,neutral,55.0
2016-09-15,Macquarie,12 month,3.0,neutral,57.0
2016-09-16,MoffettNathanson,Not Provided,3.0,neutral,55.0
2016-09-19,Jefferies,12 month,3.0,hold,53.0
2016-09-20,Morgan Stanley,12 month,5.0,Overwt/Cautious,60.0
2016-09-23,RBC Capital Markets,12 month,5.0,outperform,57.0
2016-09-23,Baird,Not Provided,3.0,neutral,55.0
2016-09-23,Edward Jones,Not Provided,5.0,buy,-0.0
2016-09-25,BTIG LLC,Not Provided,3.0,neutral,-0.0
2016-09-26,HSBC,Not Provided,3.0,hold,54.0
2016-09-26,J.P. Morgan,18 month,3.0,neutral,56.0
2016-09-26,Argus Research Corp,Not Provided,5.0,buy,60.0
2016-09-27,"Morningstar, Inc",Not Provided,3.0,hold,-0.0
2016-09-28,Pacific Crest Securities,Not Provided,3.0,sector weight,-0.0
2016-09-28,MoffettNathanson,Not Provided,3.0,neutral,55.0
2016-09-30,Jefferies,Not Provided,3.0,hold,53.0
2016-09-30,Oppenheimer & Co,Not Provided,3.0,market perform,-0.0
2016-09-30,M Science,Not Provided,-2147483648.0,no rating system,-0.0
2016-10-03,HSBC,Not Provided,3.0,hold,54.0
2016-10-03,Edward Jones,Not Provided,5.0,buy,-0.0
2016-10-03,Morgan Stanley,12 month,5.0,Overwt/Cautious,60.0
2016-10-04,Cowen,12 month,3.0,market perform,52.0
2016-10-06,MoffettNathanson,Not Provided,3.0,neutral,55.0
2016-10-13,Pacific Crest Securities,Not Provided,3.0,sector weight,-0.0
2016-10-13,RBC Capital Markets,12 month,5.0,outperform,57.0
2016-10-14,Nomura,12 month,3.0,neutral,47.0
2016-10-14,Oppenheimer & Co,Not Provided,3.0,market perform,-0.0
2016-10-14,Edward Jones,Not Provided,5.0,buy,-0.0
2016-10-14,Barclays,Not Provided,3.0,equalweight,52.0
2016-10-14,Gabelli & Co,Not Provided,5.0,buy,-0.0
2016-10-17,Wells Fargo Securities,Not Provided,5.0,outperform,-0.0
2016-10-17,Morgan Stanley,12 month,5.0,Overwt/Cautious,60.0
2016-10-17,M Science,Not Provided,-2147483648.0,no rating system,-0.0
2016-10-17,Scotia Capital,12 month,3.0,sector perform,54.0
2016-10-18,M Science,Not Provided,-2147483648.0,no rating system,-0.0
2016-10-18,Cowen,Not Provided,3.0,market perform,52.0
2016-10-20,MoffettNathanson,Not Provided,3.0,neutral,55.0
2016-10-20,Baird,12 month,3.0,neutral,52.0
2016-10-20,Pacific Crest Securities,Not Provided,3.0,sector weight,-0.0
2016-10-20,J.P. Morgan,18 month,3.0,neutral,54.0
2016-10-20,Oppenheimer & Co,Not Provided,3.0,market perform,-0.0
2016-10-20,"Morningstar, Inc",Not Provided,3.0,hold,-0.0
2016-10-20,Edward Jones,Not Provided,5.0,buy,-0.0
2016-10-21,Argus Research Corp,Not Provided,5.0,buy,60.0
2016-10-21,UBS,12 month,3.0,neutral,52.0
2016-10-21,Jefferies,12 month,3.0,hold,53.0
2016-10-21,William Blair & Co,Not Provided,3.0,market perform,-0.0
2016-10-21,Barclays,Not Provided,3.0,equalweight,52.0
2016-10-21,Nomura,12 month,3.0,neutral,47.0
2016-10-21,Goldman Sachs,12 month,3.0,neutral/neutral,51.0
2016-10-21,Hilliard Lyons,Not Provided,3.0,neutral,-0.0
2016-10-21,FBR Capital Markets,Not Provided,5.0,outperform,57.0
2016-10-21,Wells Fargo Securities,Not Provided,5.0,outperform,-0.0
2016-10-21,Raymond James,12 month,5.0,outperform,56.0
2016-10-21,New Street Research,Not Provided,3.0,neutral,45.0
2016-10-21,Morgan Stanley,12 month,5.0,Overwt/Cautious,60.0
2016-10-21,Macquarie,12 month,3.0,neutral,55.0
2016-10-23,RBC Capital Markets,12 month,5.0,outperform,54.0
2016-10-24,Drexel Hamilton LLC,Not Provided,5.0,buy,54.0
2016-10-24,Scotia Capital,12 month,3.0,sector perform,53.0
2016-10-31,Drexel Hamilton LLC,12 month,5.0,buy,54.0
2016-10-31,Morgan Stanley,12 month,5.0,Overwt/Cautious,60.0
2016-11-01,Cowen,12 month,3.0,market perform,50.0
2016-11-02,Morgan Stanley,12 month,5.0,Overwt/Cautious,60.0
2016-11-04,Oppenheimer & Co,Not Provided,3.0,market perform,-0.0
2016-11-10,Edward Jones,Not Provided,5.0,buy,-0.0
2016-11-10,Wells Fargo Securities,Not Provided,5.0,outperform,-0.0
2016-11-10,RBC Capital Markets,12 month,5.0,outperform,54.0
2016-11-14,Baird,Not Provided,3.0,neutral,52.0
2016-11-15,MoffettNathanson,Not Provided,3.0,neutral,53.0
2016-11-15,Macquarie,12 month,3.0,neutral,47.0
2016-11-15,Nomura Instinet,12 month,3.0,neutral,47.0
2016-11-21,M Science,Not Provided,-2147483648.0,no rating system,-0.0
2016-11-22,Barclays,Not Provided,3.0,equalweight,52.0
2016-11-27,Pacific Crest Securities,Not Provided,3.0,sector weight,-0.0
2016-11-29,Cowen,Not Provided,3.0,market perform,50.0
2016-12-01,Gabelli & Co,Not Provided,5.0,buy,-0.0
2016-12-04,Wells Fargo Securities,Not Provided,5.0,outperform,-0.0
2016-12-05,MoffettNathanson,Not Provided,3.0,neutral,53.0
2016-12-06,Edward Jones,Not Provided,5.0,buy,-0.0
2016-12-08,New Street Research,Not Provided,3.0,neutral,45.0
2016-12-09,Macquarie,12 month,3.0,neutral,47.0
2016-12-11,BTIG LLC,Not Provided,3.0,neutral,-0.0
2016-12-12,RBC Capital Markets,12 month,5.0,outperform,54.0
2016-12-13,Jefferies,12 month,3.0,hold,53.0
2016-12-13,Cowen,12 month,3.0,market perform,50.0
2016-12-14,Morgan Stanley,12 month,5.0,Overwt/Cautious,54.0
2016-12-14,Barclays,Not Provided,3.0,equalweight,52.0
2016-12-14,Nomura Instinet,12 month,3.0,neutral,47.0
2016-12-14,"Morningstar, Inc",Not Provided,3.0,hold,-0.0
2016-12-14,Raymond James,12 month,5.0,outperform,56.0
2016-12-14,Wells Fargo Securities,Not Provided,5.0,outperform,-0.0
2016-12-15,Gabelli & Co,Not Provided,5.0,buy,-0.0
2016-12-15,Macquarie,12 month,3.0,neutral,49.0
2016-12-15,Edward Jones,Not Provided,5.0,buy,-0.0
2016-12-15,J.P. Morgan,12 month,3.0,neutral,54.0
2016-12-16,Baird,Not Provided,3.0,neutral,52.0
2016-12-19,M Science,Not Provided,-2147483648.0,no rating system,-0.0
2016-12-19,Argus Research Corp,Not Provided,5.0,buy,60.0
2016-12-24,EVA Dimensions,Not Provided,5.0,buy,-0.0
2016-12-28,Wells Fargo Securities,Not Provided,5.0,outperform,-0.0
2016-12-30,RBC Capital Markets,12 month,5.0,outperform,54.0
2017-01-04,J.P. Morgan,12 month,3.0,neutral,54.0
2017-01-04,Cowen,Not Provided,3.0,market perform,50.0
2017-01-06,Nomura Instinet,Not Provided,3.0,neutral,47.0
2017-01-09,Wells Fargo Securities,Not Provided,5.0,outperform,-0.0
2017-01-10,MoffettNathanson,Not Provided,3.0,neutral,53.0
2017-01-10,William Blair & Co,Not Provided,3.0,market perform,-0.0
2017-01-10,Drexel Hamilton LLC,12 month,5.0,buy,54.0
2017-01-11,BTIG LLC,Not Provided,3.0,neutral,-0.0
2017-01-11,Barclays,Not Provided,3.0,equalweight,53.0
2017-01-13,Edward Jones,Not Provided,5.0,buy,-0.0
2017-01-13,Jefferies,Not Provided,3.0,hold,53.0
2017-01-17,Wells Fargo Securities,Not Provided,5.0,outperform,-0.0
2017-01-17,William Blair & Co,Not Provided,3.0,market perform,-0.0
2017-01-17,Goldman Sachs,12 month,3.0,neutral/neutral,54.0
2017-01-18,Morgan Stanley,12 month,5.0,Overwt/Cautious,54.0
2017-01-19,Pacific Crest Securities,Not Provided,3.0,sector weight,-0.0
2017-01-19,HSBC,Not Provided,5.0,buy,61.0
2017-01-19,M Science,Not Provided,-2147483648.0,no rating system,-0.0
2017-01-20,Cowen,Not Provided,3.0,market perform,50.0
2017-01-20,Barclays,Not Provided,3.0,equalweight,53.0
2017-01-20,Scotia Capital,12 month,3.0,sector perform,56.0
2017-01-20,RBC Capital Markets,12 month,5.0,outperform,54.0
2017-01-24,J.P. Morgan,12 month,3.0,neutral,52.0
2017-01-24,Pacific Crest Securities,Not Provided,3.0,sector weight,-0.0
2017-01-24,Drexel Hamilton LLC,12 month,5.0,buy,54.0
2017-01-24,BTIG LLC,Not Provided,3.0,neutral,-0.0
2017-01-24,Hilliard Lyons,Not Provided,3.0,neutral,-0.0
2017-01-24,Cowen,12 month,3.0,market perform,49.0
2017-01-24,Barclays,Not Provided,3.0,equalweight,52.0
2017-01-24,ROE Equity Research,Not Provided,5.0,buy,-0.0
2017-01-24,Oppenheimer & Co,Not Provided,3.0,market perform,-0.0
2017-01-24,MoffettNathanson,Not Provided,3.0,neutral,53.0
2017-01-25,Raymond James,Not Provided,3.0,market perform,-0.0
2017-01-25,Credit Suisse,Not Provided,-2147483648.0,not rated,-0.0
2017-01-25,FBR Capital Markets,12 month,3.0,market perform,52.0
2017-01-25,Morgan Stanley,12 month,5.0,Overwt/Cautious,53.0
2017-01-25,Scotia Capital,12 month,3.0,sector perform,54.0
2017-01-25,Macquarie,12 month,3.0,neutral,53.0
2017-01-25,Argus Research Corp,Not Provided,5.0,buy,60.0
2017-01-25,William Blair & Co,Not Provided,3.0,market perform,-0.0
2017-01-25,Goldman Sachs,12 month,3.0,neutral/neutral,51.0
2017-01-26,RBC Capital Markets,12 month,3.0,sector perform,51.0
2017-01-26,New Street Research,12 month,3.0,neutral,45.0
2017-01-26,Baird,12 month,3.0,neutral,49.0
2017-01-26,"Morningstar, Inc",Not Provided,3.0,hold,-0.0
2017-01-26,Jefferies,12 month,3.0,hold,51.0
2017-01-26,Nomura Instinet,12 month,3.0,neutral,47.0
2017-01-26,Wells Fargo Securities,Not Provided,3.0,market perform,-0.0
2017-01-26,Edward Jones,Not Provided,5.0,buy,-0.0
2017-01-26,Gabelli & Co,Not Provided,5.0,buy,-0.0
2017-01-30,Evercore ISI,12 month,3.0,hold,53.0
2017-02-01,CM Research,Not Provided,5.0,buy,59.52
2017-02-01,MoffettNathanson,Not Provided,3.0,neutral,53.0
2017-02-02,Pacific Crest Securities,Not Provided,3.0,sector weight,-0.0
2017-02-03,Wells Fargo Securities,Not Provided,3.0,market perform,-0.0
2017-02-03,RBC Capital Markets,12 month,3.0,sector perform,51.0
2017-02-03,Cowen,Not Provided,3.0,market perform,49.0
2017-02-05,RBC Capital Markets,12 month,3.0,sector perform,51.0
2017-02-06,Edward Jones,Not Provided,5.0,buy,-0.0
2017-02-12,New Street Research,12 month,3.0,neutral,45.0
2017-02-13,Nomura Instinet,12 month,3.0,neutral,47.0
2017-02-13,Evercore ISI,12 month,3.0,hold,53.0
2017-02-13,Barclays,Not Provided,3.0,equalweight,52.0
2017-02-13,Jefferies,12 month,3.0,hold,51.0
2017-02-13,RBC Capital Markets,12 month,3.0,sector perform,51.0
2017-02-15,Morgan Stanley,12 month,5.0,Overwt/Cautious,53.0
2017-02-17,Wells Fargo Securities,Not Provided,3.0,market perform,-0.0
2017-02-21,Wells Fargo Securities,Not Provided,3.0,market perform,-0.0
2017-02-21,Edward Jones,Not Provided,5.0,buy,-0.0
2017-02-21,MoffettNathanson,12 month,5.0,buy,54.0
2017-02-22,Hilliard Lyons,Not Provided,3.0,neutral,-0.0
2017-02-22,Barclays,Not Provided,3.0,equalweight,52.0
2017-02-24,Cowen,12 month,3.0,market perform,49.0
2017-02-26,Macquarie,12 month,3.0,neutral,53.0
2017-02-27,Tigress Financial Partners,Not Provided,3.0,neutral,-0.0
2017-02-27,Raymond James,Not Provided,3.0,market perform,-0.0
2017-03-01,Baird,12 month,3.0,neutral,49.0
2017-03-01,William Blair & Co,Not Provided,3.0,market perform,-0.0
2017-03-01,Edward Jones,Not Provided,5.0,buy,-0.0
2017-03-02,Evercore ISI,Not Provided,3.0,in-line,53.0
2017-03-03,Oppenheimer & Co,Not Provided,3.0,market perform,-0.0
2017-03-06,Scotia Capital,12 month,3.0,sector perform,67.0
2017-03-06,MoffettNathanson,12 month,5.0,buy,56.0
2017-03-06,Pacific Crest Securities,Not Provided,3.0,sector weight,-0.0
2017-03-06,New Street Research,12 month,3.0,neutral,45.0
2017-03-09,Evercore ISI,Not Provided,3.0,in-line,53.0
2017-03-10,HSBC,Not Provided,5.0,buy,59.0
2017-03-10,Cowen,Not Provided,3.0,market perform,49.0
2017-03-17,Cowen,Not Provided,3.0,market perform,49.0
2017-03-17,Oppenheimer & Co,Not Provided,3.0,market perform,-0.0
2017-03-19,BTIG LLC,Not Provided,3.0,neutral,-0.0
2017-03-19,Evercore ISI,Not Provided,3.0,in-line,53.0
2017-03-20,"Morningstar, Inc",Not Provided,3.0,hold,-0.0
2017-03-22,Barclays,Not Provided,3.0,equalweight,52.0
2017-03-23,Jefferies,12 month,3.0,hold,51.0
2017-03-24,Raymond James,Not Provided,3.0,market perform,-0.0
2017-03-26,RBC Capital Markets,12 month,3.0,sector perform,51.0
2017-03-27,J.P. Morgan,9 month,3.0,neutral,52.0
2017-03-28,Drexel Hamilton LLC,12 month,5.0,buy,54.0
2017-03-30,Macquarie,12 month,3.0,neutral,53.0
2017-04-03,Jefferies,12 month,3.0,hold,51.0
2017-04-03,J.P. Morgan,9 month,3.0,neutral,52.0
2017-04-04,Edward Jones,Not Provided,5.0,buy,-0.0
2017-04-04,Pacific Crest Securities,Not Provided,3.0,sector weight,-0.0
2017-04-06,Nomura Instinet,12 month,3.0,neutral,47.0
2017-04-06,Drexel Hamilton LLC,12 month,5.0,buy,54.0
2017-04-09,Wells Fargo Securities,Not Provided,3.0,market perform,-0.0
2017-04-10,Baird,Not Provided,3.0,neutral,49.0
2017-04-12,M Science,Not Provided,-2147483648.0,no rating system,-0.0
2017-04-12,Macquarie,12 month,3.0,neutral,50.0
2017-04-13,Wells Fargo Securities,Not Provided,3.0,market perform,-0.0
2017-04-13,Morgan Stanley,12 month,5.0,Overwt/Cautious,53.0
2017-04-13,Barclays,Not Provided,3.0,equalweight,49.0
2017-04-16,Evercore ISI,Not Provided,3.0,in-line,53.0
2017-04-17,Jefferies,12 month,3.0,hold,51.0
2017-04-17,Raymond James,Not Provided,3.0,market perform,-0.0
2017-04-17,Scotia Capital,12 month,3.0,sector perform,52.0
2017-04-17,Baird,Not Provided,3.0,neutral,49.0
2017-04-18,SunTrust Robinson Humphrey,12 month,3.0,hold,50.0
2017-04-18,"Morningstar, Inc",Not Provided,3.0,hold,-0.0
2017-04-18,Pacific Crest Securities,Not Provided,3.0,sector weight,-0.0
2017-04-18,RBC Capital Markets,12 month,3.0,sector perform,51.0
2017-04-18,Cowen,Not Provided,3.0,market perform,49.0
2017-04-18,MoffettNathanson,12 month,5.0,buy,56.0
2017-04-18,Oppenheimer & Co,Not Provided,3.0,market perform,-0.0
2017-04-20,Edward Jones,Not Provided,5.0,buy,-0.0
2017-04-20,New Street Research,Not Provided,3.0,neutral,45.0
2017-04-20,J.P. Morgan,9 month,3.0,neutral,50.0
2017-04-20,Hilliard Lyons,Not Provided,3.0,neutral,-0.0
2017-04-20,MoffettNathanson,12 month,5.0,buy,56.0
2017-04-20,Raymond James,Not Provided,3.0,market perform,-0.0
2017-04-20,"Morningstar, Inc",Not Provided,3.0,hold,-0.0
2017-04-20,Wells Fargo Securities,Not Provided,3.0,market perform,-0.0
2017-04-20,William Blair & Co,Not Provided,3.0,market perform,-0.0
2017-04-20,Barclays,Not Provided,3.0,equalweight,49.0
2017-04-20,Baird,12 month,3.0,neutral,48.0
2017-04-20,ROE Equity Research,Not Provided,5.0,buy,-0.0
2017-04-20,Pacific Crest Securities,Not Provided,3.0,sector weight,-0.0
2017-04-20,Cowen,12 month,3.0,market perform,49.0
2017-04-21,Jefferies,12 month,3.0,hold,50.0
2017-04-21,Drexel Hamilton LLC,12 month,5.0,buy,54.0
2017-04-21,Scotia Capital,12 month,3.0,sector perform,51.0
2017-04-21,SunTrust Robinson Humphrey,18 month,3.0,hold,50.0
2017-04-21,UBS,12 month,3.0,neutral,51.0
2017-04-21,Goldman Sachs,12 month,3.0,neutral/neutral,49.0
2017-04-21,Argus Research Corp,Not Provided,3.0,hold,-0.0
2017-04-21,RBC Capital Markets,12 month,3.0,sector perform,48.0
2017-04-21,Nomura Instinet,12 month,3.0,neutral,46.0
2017-04-21,Evercore ISI,Not Provided,3.0,in-line,51.0
2017-04-21,Morgan Stanley,12 month,5.0,Overwt/Cautious,53.0
2017-04-24,Macquarie,12 month,3.0,neutral,49.0
2017-04-24,Oppenheimer & Co,Not Provided,3.0,market perform,-0.0
2017-04-25,Gabelli & Co,Not Provided,5.0,buy,-0.0
2017-04-28,MoffettNathanson,12 month,5.0,buy,56.0
2017-04-28,Morgan Stanley,12 month,5.0,Overwt/Cautious,53.0
2017-04-28,Oppenheimer & Co,Not Provided,3.0,market perform,-0.0
2017-05-01,Macquarie,12 month,3.0,neutral,49.0
2017-05-01,Edward Jones,Not Provided,5.0,buy,-0.0
2017-05-02,Evercore ISI,Not Provided,3.0,in-line,51.0
2017-05-02,"Morningstar, Inc",Not Provided,3.0,hold,-0.0
2017-05-03,MoffettNathanson,12 month,5.0,buy,56.0
2017-05-03,Evercore ISI,Not Provided,3.0,in-line,51.0
2017-05-04,HSBC,Not Provided,5.0,buy,54.0
2017-05-07,BTIG LLC,Not Provided,3.0,neutral,-0.0
2017-05-07,"Morningstar, Inc",Not Provided,3.0,hold,-0.0
2017-05-08,Pacific Crest Securities,Not Provided,3.0,sector weight,-0.0
2017-05-08,ROE Equity Research,Not Provided,5.0,buy,-0.0
2017-05-08,Macquarie,12 month,3.0,neutral,49.0
2017-05-08,Nomura Instinet,12 month,3.0,neutral,46.0
2017-05-09,Raymond James,Not Provided,3.0,market perform,-0.0
2017-05-09,Baird,12 month,3.0,neutral,48.0
2017-05-09,Wells Fargo Securities,12 month,3.0,market perform,51.0
2017-05-09,RBC Capital Markets,12 month,3.0,sector perform,48.0
2017-05-09,Cowen,12 month,3.0,market perform,49.0
2017-05-09,Morgan Stanley,12 month,5.0,Overwt/Cautious,53.0
2017-05-09,Barclays,Not Provided,3.0,equalweight,49.0
2017-05-09,Jefferies,12 month,3.0,hold,50.0
2017-05-10,William Blair & Co,Not Provided,3.0,market perform,-0.0
2017-05-11,Edward Jones,Not Provided,5.0,buy,-0.0
2017-05-11,Jefferies,12 month,3.0,hold,50.0
2017-05-11,Nomura Instinet,12 month,3.0,neutral,46.0
2017-05-11,Morgan Stanley,12 month,5.0,Overwt/Cautious,53.0
2017-05-11,RBC Capital Markets,12 month,3.0,sector perform,48.0
2017-05-11,Barclays,Not Provided,3.0,equalweight,49.0
2017-05-15,Cowen,12 month,3.0,market perform,49.0
2017-05-18,RBC Capital Markets,12 month,3.0,sector perform,48.0
2017-05-19,Cowen,Not Provided,3.0,market perform,49.0
2017-05-23,Wells Fargo Securities,Not Provided,3.0,market perform,-0.0
