Date,Open,High,Low,Close
2007-04-26,22.75,23.25,22.65,22.79
2007-04-27,21.25,21.51,20.85,20.91
2007-04-30,20.5,20.7,20.01,20.45
2007-05-01,20.0,20.35,19.05,19.91
2007-05-02,19.75,20.75,19.55,20.4
2007-05-03,21.75,21.95,20.55,20.72
2007-05-04,21.25,21.35,20.7,20.98
2007-05-07,21.2,21.29,20.2,20.36
2007-05-08,20.0,20.0,19.3,19.63
2007-05-09,19.75,20.2,19.63,19.79
2007-05-10,19.79,19.99,19.55,19.7
2007-05-11,19.71,19.8,19.11,19.3
2007-05-14,19.15,19.39,18.75,18.89
2007-05-15,18.65,18.85,18.15,18.2
2007-05-16,18.06,18.48,18.02,18.34
2007-05-17,18.8,19.75,18.67,19.02
2007-05-18,19.47,19.49,18.54,19.31
2007-05-21,19.2,19.34,19.0,19.0
2007-05-22,19.1,19.53,19.0,19.48
2007-05-23,19.5,19.7,19.1,19.21
2007-05-24,19.21,19.33,18.85,19.02
2007-05-25,19.02,19.05,18.69,18.76
2007-05-29,18.91,19.2,18.85,19.09
2007-05-30,19.05,19.15,18.81,18.98
2007-05-31,19.15,19.28,19.03,19.05
2007-06-01,19.1,19.8,19.05,19.55
2007-06-04,18.7,19.05,18.69,18.84
2007-06-05,18.85,19.04,18.73,18.95
2007-06-06,18.7,18.93,18.65,18.93
2007-06-07,18.77,18.85,18.15,18.48
2007-06-08,18.2,18.83,18.2,18.83
2007-06-11,18.55,18.82,18.22,18.38
2007-06-12,18.15,18.71,18.02,18.4
2007-06-13,18.48,18.7,18.36,18.64
2007-06-14,18.5,19.01,18.425,18.9
2007-06-15,18.89,19.14,18.45,18.88
2007-06-18,18.65,18.9,18.5,18.54
2007-06-19,18.59,19.08,18.55,18.87
2007-06-20,19.0,19.49,18.82,19.36
2007-06-21,19.2,19.6,19.02,19.51
2007-06-22,19.5,19.85,19.37,19.75
2007-06-25,19.69,19.74,19.11,19.43
2007-06-26,19.5,19.66,19.27,19.49
2007-06-27,19.4,19.59,19.13,19.42
2007-06-28,19.75,19.89,19.6225,19.67
2007-06-29,19.55,19.83,19.51,19.7
2007-07-02,19.57,19.76,19.53,19.58
2007-07-03,19.71,20.26,19.71,20.25
2007-07-05,20.01,20.73,19.92,20.52
2007-07-06,20.55,20.9,20.38,20.83
2007-07-09,20.94,21.39,20.855,21.33
2007-07-10,21.18,21.25,20.53,20.65
2007-07-11,20.18,20.59,20.0,20.12
2007-07-12,20.43,20.63,20.11,20.43
2007-07-13,20.35,20.54,20.08,20.5
2007-07-16,20.45,21.0,20.31,20.94
2007-07-17,21.0,21.25,20.78,21.19
2007-07-18,21.79,21.8,21.15,21.37
2007-07-19,21.48,21.8,21.4,21.51
2007-07-20,21.41,21.58,21.0,21.4
2007-07-23,21.4,21.5,21.01,21.11
2007-07-24,21.15,21.6,20.73,21.33
2007-07-25,21.3,21.31,20.45,20.78
2007-07-26,20.56,20.56,18.87,19.36
2007-07-27,19.71,19.72,18.37,18.59
2007-07-30,18.5,18.59,17.32,18.05
2007-07-31,18.28,18.54,17.72,17.82
2007-08-01,18.0,18.65,17.18,18.35
2007-08-02,18.67,19.5,18.26,18.88
2007-08-03,18.88,19.17,18.19,18.7
2007-08-06,18.94,19.0,17.71,18.02
2007-08-07,17.85,18.77,17.85,18.45
2007-08-08,18.38,18.85,18.05,18.49
2007-08-09,18.04,18.13,17.65,17.87
2007-08-10,17.5,17.61,16.95,17.56
2007-08-13,17.65,18.05,17.18,17.29
2007-08-14,17.29,17.579,15.96,16.97
2007-08-15,16.85,16.95,15.02,15.75
2007-08-16,15.25,16.2,14.94,15.92
2007-08-17,16.55,16.6,15.02,16.0
2007-08-20,16.1,16.65,15.86,16.08
2007-08-21,16.01,17.83,15.95,17.71
2007-08-22,18.15,18.65,17.64,18.1
2007-08-23,18.0,18.15,17.55,18.0
2007-08-24,17.79,18.28,17.62,18.24
2007-08-27,17.61,18.23,17.5,17.7
2007-08-28,17.55,17.68,17.23,17.35
2007-08-29,17.46,17.64,17.31,17.36
2007-08-30,17.05,17.3,16.82,16.98
2007-08-31,17.05,17.27,16.82,16.88
2007-09-04,17.04,17.68,16.9701,17.53
2007-09-05,17.5,17.98,17.5,17.62
2007-09-06,17.75,18.3,17.26,18.07
2007-09-07,17.58,17.74,17.39,17.62
2007-09-10,17.73,17.99,17.26,17.44
2007-09-11,17.4,17.9,17.31,17.69
2007-09-12,17.65,17.65,17.06,17.15
2007-09-13,17.31,17.62,17.16,17.59
2007-09-14,17.34,17.7,17.27,17.65
2007-09-17,17.57,17.67,17.11,17.15
2007-09-18,17.35,17.56,16.87,17.45
2007-09-19,17.5,18.34,17.5,18.29
2007-09-20,18.17,18.18,17.64,17.72
2007-09-21,18.19,18.19,17.46,17.56
2007-09-24,17.52,17.57,16.01,16.03
2007-09-25,16.0,17.08,15.9,17.08
2007-09-26,17.15,17.95,16.95,17.87
2007-09-27,17.93,18.04,17.57,17.82
2007-09-28,17.6,17.96,17.27,17.95
2007-10-01,18.0,18.33,17.81,18.22
2007-10-02,18.4,19.0,18.37,18.98
2007-10-03,19.03,19.29,18.51,19.28
2007-10-04,19.12,19.55,18.4,18.61
2007-10-05,18.63,19.7,18.63,19.19
2007-10-08,19.12,19.66,19.1105,19.48
2007-10-09,19.42,19.78,19.21,19.59
2007-10-10,19.25,19.69,19.22,19.63
2007-10-11,19.64,19.6799,19.24,19.39
2007-10-12,19.25,19.98,19.08,19.96
2007-10-15,19.78,20.0,19.17,20.0
2007-10-16,20.25,20.5,19.3,20.08
2007-10-17,20.36,20.56,20.03,20.4
2007-10-18,20.35,20.4,19.79,19.96
2007-10-19,20.04,20.04,19.49,19.5
2007-10-22,19.21,20.25,19.2,20.0
2007-10-23,20.18,21.0,20.1,20.82
2007-10-24,20.73,21.05,20.47,20.58
2007-10-25,20.4,20.75,19.85,20.06
2007-10-26,20.25,20.29,19.41,19.74
2007-10-29,19.59,20.36,19.5,19.85
2007-10-30,19.91,20.94,19.9,20.68
2007-10-31,20.02,20.85,19.94,20.8
2007-11-01,20.45,20.86,20.15,20.2
2007-11-02,20.22,20.29,19.68,19.93
2007-11-05,19.8,20.09,19.27,19.51
2007-11-06,19.5,19.85,18.12,18.51
2007-11-07,18.47,18.49,16.96,17.45
2007-11-08,17.45,17.53,16.2,17.0
2007-11-09,16.5,17.14,16.4,16.5
2007-11-12,16.88,17.96,16.77,17.88
2007-11-13,18.33,19.12,18.08,18.75
2007-11-14,18.7,21.1,17.87,19.52
2007-11-15,19.52,20.46,19.16,19.84
2007-11-16,19.91,20.49,19.26,19.97
2007-11-19,19.5,19.75,18.89,19.01
2007-11-20,18.73,18.85,17.03,17.45
2007-11-21,17.1,18.1,16.27,17.91
2007-11-23,18.25,18.56,18.04,18.15
2007-11-26,18.35,18.48,17.27,17.48
2007-11-27,18.2,18.39,17.25,17.56
2007-11-28,17.67,19.02,17.4501,18.77
2007-11-29,18.69,19.17,18.12,18.63
2007-11-30,19.18,19.87,19.08,19.76
2007-12-03,19.75,20.0,18.94,19.58
2007-12-04,18.65,18.98,17.86,18.61
2007-12-05,18.65,18.77,18.22,18.3
2007-12-06,18.32,18.78,18.2,18.38
2007-12-07,18.5,19.45,18.5,18.7
2007-12-10,18.86,18.86,18.1,18.24
2007-12-11,18.34,18.34,16.96,17.03
2007-12-12,17.2,17.21,14.83,15.74
2007-12-13,15.55,16.45,14.94,15.35
2007-12-14,15.56,15.83,14.45,15.6
2007-12-17,15.61,15.63,14.5,14.53
2007-12-18,14.7,14.73,14.11,14.17
2007-12-19,14.28,14.88,14.04,14.74
2007-12-20,14.75,14.92,14.07,14.38
2007-12-21,14.37,15.18,14.12,15.08
2007-12-24,15.1,15.45,14.69,15.11
2007-12-26,15.01,15.01,14.47,14.78
2007-12-27,14.73,14.73,14.2,14.42
2007-12-28,14.46,14.85,14.28,14.6
2007-12-31,14.64,15.25,14.5,14.89
2008-01-02,14.73,14.79,13.58,13.79
2008-01-03,13.69,13.97,13.5,13.65
2008-01-04,13.39,13.62,12.6601,13.37
2008-01-07,13.43,13.74,12.81,13.39
2008-01-08,13.3,13.55,11.5,11.77
2008-01-09,12.6,13.85,11.76,13.52
2008-01-10,14.06,16.93,13.8,15.98
2008-01-11,16.2,16.5,14.77,15.48
2008-01-14,15.7,15.85,14.95,15.3
2008-01-15,15.35,16.44,15.3,15.98
2008-01-16,16.0,16.22,14.83,16.0
2008-01-17,16.1,16.47,14.68,15.19
2008-01-18,15.58,15.64,14.87,15.14
2008-01-22,13.7,15.39,13.7,14.85
2008-01-23,14.21,16.24,14.0,15.98
2008-01-24,15.98,16.21,15.6,15.99
2008-01-25,16.0,16.5,15.5601,16.21
2008-01-28,16.21,16.69,15.91,16.16
2008-01-29,16.16,16.55,15.83,16.01
2008-01-30,15.95,16.66,15.92,16.15
2008-01-31,15.9,17.0,15.9,16.82
2008-02-01,16.8,18.64,16.44,18.53
2008-02-04,18.44,18.79,17.1,17.25
2008-02-05,16.9,17.77,16.82,17.03
2008-02-06,16.5,18.56,16.5,17.95
2008-02-07,18.74,18.99,17.94,18.49
2008-02-08,18.03,18.5,17.99,18.19
2008-02-11,18.59,18.59,17.7,18.0
2008-02-12,18.0,18.13,17.06,17.53
2008-02-13,17.42,17.94,17.35,17.71
2008-02-14,17.9,17.9,16.81,17.05
2008-02-15,17.06,17.56,17.03,17.32
2008-02-19,17.63,17.63,16.49,16.77
2008-02-20,16.75,17.0,16.08,16.81
2008-02-21,16.99,17.15,15.81,16.21
2008-02-22,16.36,16.52,15.62,16.37
2008-02-25,16.4,16.54,15.4,16.15
2008-02-26,15.95,16.21,15.5,15.91
2008-02-27,15.36,15.52,14.75,15.0
2008-02-28,15.14,15.23,13.91,14.09
2008-02-29,14.32,14.32,13.24,13.35
2008-03-03,13.27,13.35,12.5,12.98
2008-03-04,12.85,13.53,12.51,13.14
2008-03-05,13.19,14.6,12.87,14.33
2008-03-06,14.15,14.45,13.34,13.5
2008-03-07,13.13,13.75,12.71,12.89
2008-03-10,12.92,13.26,11.95,11.98
2008-03-11,12.16,12.64,11.64,12.11
2008-03-12,11.58,11.8,10.05,10.13
2008-03-13,9.82,10.72,9.56,10.52
2008-03-14,10.93,11.01,9.38,9.6
2008-03-17,9.41,9.42,8.61,9.23
2008-03-18,9.01,10.85,8.9,10.09
2008-03-19,10.13,11.06,10.02,10.43
2008-03-20,10.67,10.67,9.92,10.0
2008-03-24,10.14,10.39,9.87,10.01
2008-03-25,10.11,10.29,9.9,9.97
2008-03-26,10.04,10.04,8.68,8.74
2008-03-27,8.84,8.84,8.34,8.35
2008-03-28,8.45,9.04,7.9399999999999995,8.61
2008-03-31,8.67,8.79,8.15,8.6
2008-04-01,8.94,9.38,8.76,9.14
2008-04-02,9.01,9.19,8.7,8.8
2008-04-03,8.77,8.95,8.52,8.81
2008-04-04,8.84,8.91,8.59,8.75
2008-04-07,9.1,9.4,8.79,9.29
2008-04-08,9.36,9.5,9.1,9.34
2008-04-09,9.38,9.58,8.43,8.91
2008-04-10,9.06,10.0,8.76,9.75
2008-04-11,10.28,10.55,9.9,10.01
2008-04-14,10.69,10.75,10.15,10.48
2008-04-15,10.75,10.89,8.84,9.16
2008-04-16,9.15,9.4,8.59,8.62
2008-04-17,8.64,8.78,8.4,8.55
2008-04-18,8.8,9.06,8.66,8.75
2008-04-21,8.61,8.73,8.12,8.2
2008-04-22,8.0,8.1,6.7,6.8
2008-04-23,6.93,7.19,6.5,6.5600000000000005
2008-04-24,6.93,7.39,6.57,7.26
2008-04-25,7.11,7.3,6.71,7.01
2008-04-28,6.95,7.23,6.82,7.19
2008-04-29,7.35,8.24,7.35,8.24
2008-04-30,8.22,8.67,8.04,8.51
2008-05-01,8.64,9.02,8.57,8.83
2008-05-02,8.91,8.94,8.15,8.5
2008-05-05,8.38,8.4,7.96,8.11
2008-05-06,7.92,7.95,7.65,7.87
2008-05-07,7.9,8.1,7.53,7.67
2008-05-08,7.6,7.83,7.46,7.57
2008-05-09,7.31,7.93,7.27,7.65
2008-05-12,7.98,7.98,7.38,7.44
2008-05-13,7.59,7.62,7.25,7.39
2008-05-14,7.46,7.98,7.43,7.95
2008-05-15,7.85,8.18,7.6,7.85
2008-05-16,7.79,7.89,7.44,7.5
2008-05-19,7.48,7.55,7.07,7.15
2008-05-20,7.1,7.1,6.68,6.9
2008-05-21,6.8,6.88,5.6899999999999995,5.77
2008-05-22,6.01,6.17,5.74,5.77
2008-05-23,5.65,5.78,5.37,5.5
2008-05-27,5.71,6.0,5.53,5.92
2008-05-28,6.22,6.35,5.57,5.65
2008-05-29,5.78,6.16,5.53,6.14
2008-05-30,6.17,6.23,5.85,6.15
2008-06-02,6.25,6.25,5.75,5.85
2008-06-03,5.99,6.131,5.87,6.1
2008-06-04,6.11,6.33,6.0,6.1
2008-06-05,6.3,7.03,6.3,6.84
2008-06-06,6.38,6.67,6.14,6.3
2008-06-09,6.4,6.5,5.9199,6.09
2008-06-10,5.93,6.24,5.83,5.93
2008-06-11,5.85,5.88,5.34,5.36
2008-06-12,5.58,5.71,4.797,5.14
2008-06-13,5.34,5.49,5.2,5.32
2008-06-16,5.19,5.66,5.06,5.5600000000000005
2008-06-17,5.75,5.82,5.54,5.73
2008-06-18,5.5,5.65,5.21,5.45
2008-06-19,5.47,6.38,5.44,6.38
2008-06-20,5.93,6.08,5.51,5.68
2008-06-23,5.89,5.89,4.95,5.0
2008-06-24,5.1,5.5,4.84,5.26
2008-06-25,5.48,5.76,5.27,5.31
2008-06-26,5.05,5.46,5.05,5.46
2008-06-27,5.31,5.54,5.22,5.52
2008-06-30,5.42,5.76,5.2,5.7
2008-07-01,5.47,5.67,5.21,5.53
2008-07-02,5.52,5.52,4.85,4.9
2008-07-03,5.0,5.21,4.71,4.95
2008-07-07,5.34,5.34,4.72,4.88
2008-07-08,5.16,5.9,5.06,5.84
2008-07-09,5.74,5.88,5.2,5.28
2008-07-10,5.22,5.55,4.96,5.19
2008-07-11,4.9,5.23,4.59,4.93
2008-07-14,5.28,5.28,4.64,4.64
2008-07-15,4.6,4.95,4.0,4.67
2008-07-16,4.76,6.11,4.75,5.91
2008-07-17,6.15,7.0,5.52,6.8100000000000005
2008-07-18,6.76,7.25,6.47,6.93
2008-07-21,6.77,7.14,6.5,6.5600000000000005
2008-07-22,6.78,7.9,6.75,7.71
2008-07-23,8.1,8.79,7.41,8.6
2008-07-24,8.16,8.34,6.45,6.8
2008-07-25,7.25,7.73,7.04,7.34
2008-07-28,7.19,7.55,6.7,6.9
2008-07-29,7.29,7.97,7.04,7.91
2008-07-30,8.11,8.44,7.0,7.19
2008-07-31,7.1,7.8,7.02,7.54
2008-08-01,7.8100000000000005,7.83,7.1601,7.7
2008-08-04,7.8,8.42,7.41,8.12
2008-08-05,8.56,8.76,8.15,8.7
2008-08-06,8.59,8.81,8.01,8.73
2008-08-07,8.18,8.89,8.13,8.79
2008-08-08,9.05,9.4,9.0,9.12
2008-08-11,9.14,10.26,9.0,9.34
2008-08-12,9.35,10.03,9.17,9.24
2008-08-13,9.12,9.17,8.21,8.34
2008-08-14,8.56,9.08,8.41,8.82
2008-08-15,9.27,9.69,9.08,9.41
2008-08-18,9.25,9.78,9.1,9.4
2008-08-19,9.41,9.52,8.44,8.57
2008-08-20,8.26,8.49,7.6899999999999995,8.27
2008-08-21,7.5600000000000005,7.9498999999999995,7.42,7.9
2008-08-22,8.25,8.85,8.19,8.63
2008-08-25,8.51,8.92,8.31,8.37
2008-08-26,8.3,8.4,7.77,7.9399999999999995
2008-08-27,7.6,7.85,6.92,7.32
2008-08-28,7.17,8.3,7.17,8.19
2008-08-29,7.88,8.3,7.71,8.13
2008-09-02,9.32,9.9,9.07,9.17
2008-09-03,9.37,9.74,8.9696,9.11
2008-09-04,9.03,9.6,8.92,8.96
2008-09-05,8.84,9.330400000000001,8.81,8.81
2008-09-08,8.79,9.09,6.46,8.59
2008-09-09,8.99,9.09,8.21,8.23
2008-09-10,8.11,8.27,7.59,7.87
2008-09-11,7.44,8.34,7.39,8.09
2008-09-12,7.99,8.19,7.65,8.13
2008-09-15,8.35,8.52,7.96,8.05
2008-09-16,8.24,10.1,8.22,9.94
2008-09-17,9.55,9.57,8.23,9.0
2008-09-18,8.56,9.5,8.37,9.45
2008-09-19,9.4,9.7,8.76,9.67
2008-09-22,9.35,9.43,8.08,8.7
2008-09-23,8.95,9.21,8.68,8.85
2008-09-24,8.7,8.77,8.03,8.03
2008-09-25,8.44,8.55,8.06,8.06
2008-09-26,8.06,8.51,7.84,7.95
2008-09-29,8.32,8.32,7.17,7.33
2008-09-30,7.5,7.71,6.76,7.45
2008-10-01,7.64,8.88,7.45,8.55
2008-10-02,8.98,8.98,7.52,7.91
2008-10-03,8.46,8.46,7.52,7.86
2008-10-06,7.74,7.8,6.75,7.24
2008-10-07,7.47,7.47,5.61,5.71
2008-10-08,5.5600000000000005,6.05,5.1,5.64
2008-10-09,6.09,6.5600000000000005,5.54,5.66
2008-10-10,5.61,6.04,5.28,6.03
2008-10-13,6.5600000000000005,6.8,6.09,6.8
2008-10-14,7.13,7.42,6.63,7.35
2008-10-15,7.05,7.93,6.93,7.44
2008-10-16,7.63,8.89,7.45,8.84
2008-10-17,8.34,9.19,8.29,9.19
2008-10-20,8.9,9.41,8.59,9.41
2008-10-21,9.6,10.25,9.26,9.76
2008-10-22,9.91,10.66,8.6,9.93
2008-10-23,9.46,9.8,8.44,8.8
2008-10-24,8.0,9.41,7.84,8.31
2008-10-27,8.56,8.84,7.51,7.66
2008-10-28,8.16,8.42,7.2,8.16
2008-10-29,8.04,8.47,7.75,7.99
2008-10-30,8.76,9.55,8.48,9.55
2008-10-31,9.86,11.9,9.4,10.98
2008-11-03,11.14,11.72,10.99,11.52
2008-11-04,11.08,12.0,10.03,11.28
2008-11-05,11.15,11.36,10.28,10.48
2008-11-06,10.25,10.61,9.4,9.52
2008-11-07,10.07,10.14,9.17,9.46
2008-11-10,9.05,9.3901,8.63,8.98
2008-11-11,9.07,9.2,8.59,8.84
2008-11-12,8.84,8.84,7.11,7.37
2008-11-13,7.26,8.17,7.19,8.17
2008-11-14,8.09,8.46,7.76,7.85
2008-11-17,7.8,8.18,7.48,7.87
2008-11-18,8.0,8.49,7.61,7.88
2008-11-19,7.85,8.01,6.97,7.0
2008-11-20,6.87,7.62,6.5,7.02
2008-11-21,7.26,7.48,6.29,6.82
2008-11-24,6.9,7.48,6.57,7.35
2008-11-25,7.35,8.4,7.35,8.39
2008-11-26,8.0,8.65,7.75,8.42
2008-11-28,8.21,8.86,8.02,8.81
2008-12-01,8.6,8.61,7.8,7.96
2008-12-02,8.1,8.59,7.96,8.47
2008-12-03,8.45,8.79,8.0,8.74
2008-12-04,8.78,9.33,8.45,8.88
2008-12-05,8.93,10.43,8.62,10.36
2008-12-08,10.78,11.13,9.91,11.02
2008-12-09,10.78,11.64,10.53,10.87
2008-12-10,10.73,11.25,10.73,11.0
2008-12-11,10.73,10.88,9.41,9.97
2008-12-12,9.48,10.59,9.4,10.5
2008-12-15,10.26,10.88,10.1,10.63
2008-12-16,10.85,11.4,10.5,11.18
2008-12-17,10.61,11.2,10.5,11.0
2008-12-18,11.16,11.5,10.76,11.01
2008-12-19,11.15,11.4,10.47,10.57
2008-12-22,10.5,10.52,9.96,10.25
2008-12-23,10.13,10.56,10.1,10.27
2008-12-24,10.38,10.8,10.14,10.47
2008-12-26,10.5,10.7,10.3,10.6
2008-12-29,10.24,10.89,10.22,10.78
2008-12-30,10.85,11.15,10.67,10.92
2008-12-31,10.97,11.5,10.78,11.46
2009-01-02,11.31,12.56,11.3,12.13
2009-01-05,11.85,12.11,11.58,11.95
2009-01-06,11.79,12.65,11.79,12.38
2009-01-07,12.13,12.422,11.53,11.88
2009-01-08,11.75,12.36,11.3,12.22
2009-01-09,12.19,12.19,11.6,11.76
2009-01-12,11.89,12.24,10.89,11.3
2009-01-13,11.11,11.33,10.8,11.11
2009-01-14,10.85,11.05,10.1,10.29
2009-01-15,10.43,11.6,10.15,10.97
2009-01-16,11.02,11.65,10.82,11.43
2009-01-20,11.4,11.86,10.98,11.04
2009-01-21,11.28,11.5,9.04,10.1
2009-01-22,10.0,10.73,9.76,10.58
2009-01-23,10.1,10.83,9.93,10.26
2009-01-26,10.6,10.6,9.75,9.93
2009-01-27,9.25,9.36,7.5,7.93
2009-01-28,8.34,8.84,8.21,8.74
2009-01-29,8.6,8.97,7.86,8.02
2009-01-30,8.16,8.274000000000001,6.74,6.9
2009-02-02,7.09,7.152,6.64,7.07
2009-02-03,7.25,7.26,6.65,6.9
2009-02-04,7.0,7.12,6.5,6.51
2009-02-05,6.51,7.0,6.06,6.53
2009-02-06,6.76,7.67,6.67,7.34
2009-02-09,7.43,7.5,7.155,7.3
2009-02-10,7.13,7.5,6.8,6.84
2009-02-11,7.02,7.02,6.16,6.47
2009-02-12,6.64,6.99,6.52,6.97
2009-02-13,7.07,7.24,6.72,7.11
2009-02-17,6.8100000000000005,6.83,6.33,6.35
2009-02-18,6.35,6.46,5.43,5.71
2009-02-19,5.89,6.1,5.66,5.73
2009-02-20,5.7,5.74,4.86,5.5600000000000005
2009-02-23,5.82,6.28,5.61,5.71
2009-02-24,5.98,6.04,5.52,5.95
2009-02-25,6.01,6.01,5.45,5.71
2009-02-26,5.85,6.0,5.38,5.6899999999999995
2009-02-27,5.5,5.5,4.95,5.03
2009-03-02,4.85,4.95,4.53,4.59
2009-03-03,4.62,4.76,3.95,4.26
2009-03-04,4.4,4.99,4.32,4.46
2009-03-05,4.27,4.35,3.85,3.93
2009-03-06,3.9699999999999998,4.06,3.51,4.06
2009-03-09,3.9,4.47,3.81,4.185
2009-03-10,4.4,4.75,4.13,4.74
2009-03-11,4.76,5.121,4.71,4.8
2009-03-12,4.8100000000000005,5.5,4.52,5.33
2009-03-13,5.44,6.1,5.43,5.82
2009-03-16,6.06,6.26,5.47,5.54
2009-03-17,5.65,6.19,5.49,6.15
2009-03-18,5.97,6.35,5.62,6.07
2009-03-19,6.015,6.07,5.29,5.37
2009-03-20,5.4,5.55,4.85,5.02
2009-03-23,5.2,5.45,4.9,5.44
2009-03-24,5.26,5.66,5.04,5.45
2009-03-25,5.58,5.99,5.3705,5.68
2009-03-26,5.8,6.45,5.72,6.28
2009-03-27,6.23,6.39,5.96,6.04
2009-03-30,5.87,5.87,5.29,5.4
2009-03-31,5.58,5.85,5.4,5.63
2009-04-01,5.52,5.95,5.36,5.91
2009-04-02,6.01,6.63,5.97,6.45
2009-04-03,6.54,6.78,6.3,6.64
2009-04-06,6.5,7.16,6.5,6.9399999999999995
2009-04-07,6.83,6.99,6.5,6.66
2009-04-08,6.72,7.0,6.72,6.91
2009-04-09,7.18,7.44,7.08,7.39
2009-04-13,7.27,7.54,7.16,7.51
2009-04-14,7.44,7.48,6.83,7.0
2009-04-15,6.87,7.48,6.599,7.28
2009-04-16,7.41,7.46,7.04,7.28
2009-04-17,7.22,7.41,7.15,7.32
2009-04-20,7.19,7.25,6.73,6.8100000000000005
2009-04-21,6.92,8.15,6.8,8.11
2009-04-22,7.88,8.24,7.4,7.65
2009-04-23,7.8,8.27,7.68,8.0
2009-04-24,8.13,8.13,7.83,7.88
2009-04-27,6.82,7.0,6.15,6.75
2009-04-28,6.35,6.95,5.98,6.08
2009-04-29,6.36,6.5,6.15,6.22
2009-04-30,6.46,6.47,6.1,6.17
2009-05-01,6.28,6.55,6.25,6.42
2009-05-04,6.72,7.15,6.67,7.02
2009-05-05,7.15,7.55,7.03,7.53
2009-05-06,7.7,7.88,7.19,7.331
2009-05-07,7.51,7.51,6.74,6.98
2009-05-08,7.09,7.17,6.6899999999999995,6.96
2009-05-11,6.77,7.1401,6.63,6.91
2009-05-12,6.9399999999999995,7.06,6.46,6.63
2009-05-13,6.41,6.58,6.28,6.34
2009-05-14,6.3,6.78,6.14,6.37
2009-05-15,6.32,6.59,6.23,6.33
2009-05-18,6.47,6.78,6.31,6.78
2009-05-19,6.8,6.9,6.59,6.6
2009-05-20,6.92,6.96,6.42,6.47
2009-05-21,6.3,6.59,6.3,6.46
2009-05-22,6.38,6.53,6.14,6.22
2009-05-26,6.19,6.365,6.15,6.25
2009-05-27,6.28,6.36,5.48,5.5600000000000005
2009-05-28,5.67,5.67,5.4,5.5
2009-05-29,5.5,5.8100000000000005,5.43,5.8100000000000005
2009-06-01,6.09,6.47,5.96,6.43
2009-06-02,6.63,7.09,6.5,6.88
2009-06-03,6.8100000000000005,7.24,6.64,7.21
2009-06-04,7.14,7.2,6.91,7.14
2009-06-05,7.2,7.25,6.85,7.02
2009-06-08,6.78,6.9399,6.59,6.72
2009-06-09,6.85,6.91,6.68,6.9
2009-06-10,6.84,6.9,6.38,6.55
2009-06-11,6.46,6.77,6.25,6.68
2009-06-12,6.68,6.74,6.37,6.4
2009-06-15,6.2,6.3,6.03,6.1
2009-06-16,6.25,6.45,6.0,6.16
2009-06-17,6.15,6.38,5.93,6.18
2009-06-18,6.28,6.28,5.9,5.98
2009-06-19,6.02,6.09,5.92,6.07
2009-06-22,6.01,6.05,5.59,5.65
2009-06-23,5.67,5.83,5.31,5.4
2009-06-24,5.5,5.66,5.4,5.53
2009-06-25,5.6,6.05,5.5,6.03
2009-06-26,6.02,6.09,5.64,5.7
2009-06-29,5.75,5.9,5.65,5.79
2009-06-30,5.8,5.84,5.57,5.79
2009-07-01,5.82,6.14,5.8100000000000005,5.85
2009-07-02,5.95,6.0,5.85,5.88
2009-07-06,5.91,6.02,5.6899999999999995,5.73
2009-07-07,5.6899999999999995,5.77,5.59,5.71
2009-07-08,5.78,5.9,5.5600000000000005,5.68
2009-07-09,5.87,5.87,5.62,5.75
2009-07-10,5.74,5.95,5.62,5.9
2009-07-13,5.99,6.05,5.7,5.97
2009-07-14,5.86,6.05,5.84,5.98
2009-07-15,6.1,6.26,5.95,6.16
2009-07-16,6.12,6.23,6.02,6.12
2009-07-17,6.14,6.21,6.01,6.08
2009-07-20,6.01,6.438,6.0,6.27
2009-07-21,6.35,6.37,5.71,6.06
2009-07-22,6.0,6.22,5.77,5.77
2009-07-23,5.87,6.1,5.58,6.06
2009-07-24,5.96,6.27,5.88,6.2
2009-07-27,6.14,6.43,6.14,6.2
2009-07-28,6.2,6.55,6.16,6.5
2009-07-29,6.42,6.85,6.35,6.83
2009-07-30,6.8,6.95,6.6899999999999995,6.86
2009-07-31,6.85,6.95,6.79,6.93
2009-08-03,7.04,7.04,6.78,6.98
2009-08-04,6.89,7.3999,6.85,7.17
2009-08-05,7.2,7.36,6.95,7.32
2009-08-06,7.23,7.4,7.2,7.29
2009-08-07,7.35,7.79,7.08,7.41
2009-08-10,7.42,7.42,7.0,7.08
2009-08-11,7.0,7.06,6.82,7.02
2009-08-12,6.9,7.34,6.83,7.2
2009-08-13,7.25,7.29,7.11,7.2
2009-08-14,7.14,7.19,6.93,7.02
2009-08-17,6.76,6.83,6.55,6.6
2009-08-18,6.72,6.79,6.65,6.75
2009-08-19,6.66,6.79,6.57,6.6
2009-08-20,6.65,6.97,6.65,6.8
2009-08-21,6.83,7.13,6.83,7.13
2009-08-24,7.14,7.5,7.02,7.09
2009-08-25,7.15,7.41,7.13,7.37
2009-08-26,7.37,7.6899999999999995,7.27,7.46
2009-08-27,7.48,7.5,7.2494,7.49
2009-08-28,7.51,7.64,7.3,7.34
2009-08-31,7.16,7.29,7.08,7.22
2009-09-01,7.12,7.22,6.75,6.9
2009-09-02,6.8100000000000005,6.98,6.74,6.84
2009-09-03,6.88,7.27,6.86,7.16
2009-09-04,7.11,7.46,7.11,7.39
2009-09-08,7.4,7.5,7.25,7.3
2009-09-09,7.27,7.5,7.17,7.33
2009-09-10,7.59,8.25,7.59,8.1
2009-09-11,8.11,8.52,7.98,8.06
2009-09-14,8.09,8.73,7.9399999999999995,8.6
2009-09-15,8.63,9.38,8.63,9.15
2009-09-16,9.31,9.84,9.02,9.45
2009-09-17,9.66,9.78,8.94,9.16
2009-09-18,9.14,9.23,8.66,8.96
2009-09-21,8.75,9.7,8.71,9.65
2009-09-22,9.58,9.88,9.35,9.5
2009-09-23,9.57,9.57,8.85,9.09
2009-09-24,9.1,9.24,8.9,8.92
2009-09-25,9.04,9.34,8.98,9.05
2009-09-28,9.18,9.2399,8.97,9.0
2009-09-29,9.14,9.3,9.06,9.2
2009-09-30,9.18,9.28,8.9,8.96
2009-10-01,8.95,8.95,8.09,8.14
2009-10-02,7.97,8.49,7.9,8.32
2009-10-05,8.36,8.69,8.32,8.44
2009-10-06,8.65,8.81,8.31,8.45
2009-10-07,8.49,8.53,8.26,8.28
2009-10-08,8.35,8.83,8.35,8.62
2009-10-09,8.64,8.85,8.52,8.67
2009-10-12,8.74,8.935,8.57,8.9
2009-10-13,8.9,8.98,8.725,8.9
2009-10-14,9.02,9.15,8.98,9.05
2009-10-15,9.0,9.19,8.88,9.07
2009-10-16,8.99,9.11,8.95,9.03
2009-10-19,8.95,9.05,8.82,8.99
2009-10-20,9.04,9.16,8.97,9.02
2009-10-21,9.02,9.2,8.22,8.33
2009-10-22,8.59,8.66,7.73,8.32
2009-10-23,8.38,8.38,8.09,8.24
2009-10-26,8.24,8.42,7.76,7.79
2009-10-27,7.9399999999999995,7.9399999999999995,7.5600000000000005,7.64
2009-10-28,7.74,7.74,7.17,7.19
2009-10-29,7.32,7.62,7.27,7.36
2009-10-30,7.25,7.46,6.92,7.14
2009-11-02,7.14,7.3,6.78,6.95
2009-11-03,6.95,7.34,6.93,7.22
2009-11-04,7.32,7.6899999999999995,7.1498,7.16
2009-11-05,7.21,7.38,7.09,7.33
2009-11-06,7.29,7.95,7.29,7.79
2009-11-09,7.92,8.025,7.73,7.89
2009-11-10,7.9,7.9,7.68,7.73
2009-11-11,7.84,8.01,7.79,7.93
2009-11-12,7.9,8.16,7.79,7.8
2009-11-13,7.89,7.99,7.78,7.8
2009-11-16,7.91,8.125,7.88,7.99
2009-11-17,8.08,8.08,7.84,7.9
2009-11-18,7.9399999999999995,7.98,7.67,7.76
2009-11-19,7.66,7.68,7.4,7.59
2009-11-20,7.58,7.6899999999999995,7.46,7.62
2009-11-23,7.71,7.8100000000000005,7.62,7.73
2009-11-24,7.7,7.8100000000000005,7.5,7.66
2009-11-25,7.74,7.9,7.65,7.89
2009-11-27,7.66,7.93,7.49,7.91
2009-11-30,7.87,8.19,7.82,8.19
2009-12-01,8.31,8.65,8.2,8.62
2009-12-02,8.7,9.3,8.7,9.29
2009-12-03,9.25,9.38,9.02,9.38
2009-12-04,9.5,9.99,9.4,9.94
2009-12-07,9.66,10.32,9.43,10.16
2009-12-08,10.01,10.27,9.84,9.88
2009-12-09,9.84,10.0,9.64,9.87
2009-12-10,9.88,10.02,9.78,9.88
2009-12-11,9.93,11.45,9.93,11.25
2009-12-14,11.51,11.7,10.89,11.09
2009-12-15,10.75,11.14,10.61,10.95
2009-12-16,11.04,11.67,10.9,11.65
2009-12-17,11.54,11.99,11.38,11.6
2009-12-18,11.58,11.66,10.89,11.66
2009-12-21,11.2,11.66,11.2,11.39
2009-12-22,11.5,12.08,11.5,11.79
2009-12-23,11.76,11.96,11.45,11.81
2009-12-24,11.86,11.93,11.62,11.77
2009-12-28,11.44,11.52,11.11,11.29
2009-12-29,11.13,11.39,11.03,11.33
2009-12-30,11.26,11.4,11.05,11.37
2009-12-31,11.3,11.48,11.22,11.38
2010-01-04,11.22,11.43,10.95,11.22
2010-01-05,11.32,12.34,11.29,12.1
2010-01-06,11.99,12.24,11.85,12.11
2010-01-07,12.06,12.86,12.05,12.69
2010-01-08,12.62,12.85,12.05,12.47
2010-01-11,12.34,12.89,12.13,12.79
2010-01-12,12.67,12.91,12.31,12.54
2010-01-13,12.53,12.96,12.41,12.85
2010-01-14,12.72,13.31,12.69,13.17
2010-01-15,13.18,13.33,12.59,12.74
2010-01-19,12.8,13.29,12.79,13.03
2010-01-20,12.97,13.49,12.69,13.41
2010-01-21,13.5,13.69,13.15,13.44
2010-01-22,13.31,13.73,12.91,13.29
2010-01-25,13.38,13.6425,12.95,13.33
2010-01-26,12.78,13.4,12.7,13.15
2010-01-27,13.01,13.44,12.82,13.16
2010-01-28,13.23,13.54,12.63,12.65
2010-01-29,12.8,13.16,12.19,12.23
2010-02-01,12.37,12.64,12.32,12.63
2010-02-02,12.8,13.07,12.66,12.9
2010-02-03,12.91,12.91,12.32,12.42
2010-02-04,11.79,12.03,11.32,11.46
2010-02-05,11.41,11.73,10.93,11.3
2010-02-08,11.31,11.6,11.14,11.25
2010-02-09,11.53,12.55,11.53,12.39
2010-02-10,12.27,12.33,11.49,11.58
2010-02-11,11.65,12.22,11.58,11.83
2010-02-12,11.69,12.265,11.57,12.25
2010-02-16,12.33,12.62,12.3,12.48
2010-02-17,12.33,12.8,12.33,12.73
2010-02-18,12.61,12.82,12.41,12.55
2010-02-19,12.48,12.74,12.48,12.69
2010-02-22,12.73,13.2125,12.68,12.73
2010-02-23,12.73,12.93,12.48,12.64
2010-02-24,12.62,12.77,12.45,12.75
2010-02-25,12.58,12.74,12.36,12.66
2010-02-26,12.74,13.02,12.67,12.92
2010-03-01,12.93,13.5,12.93,13.17
2010-03-02,13.18,13.42,12.73,12.78
2010-03-03,12.83,13.07,12.73,12.93
2010-03-04,13.07,13.07,12.59,12.78
2010-03-05,12.84,12.94,12.61,12.7
2010-03-08,12.7,12.9,12.52,12.54
2010-03-09,12.68,13.27,12.62,12.81
2010-03-10,13.0,13.56,12.95,13.3
2010-03-11,13.18,13.28,12.86,12.99
2010-03-12,13.1,13.11,12.68,12.83
2010-03-15,12.84,12.84,12.51,12.66
2010-03-16,12.83,13.0,12.67,12.98
2010-03-17,12.92,13.05,12.76,12.94
2010-03-18,12.91,13.15,12.9,13.11
2010-03-19,13.0,13.09,12.56,12.57
2010-03-22,12.42,13.09,12.33,13.07
2010-03-23,13.07,13.44,12.81,13.43
2010-03-24,13.35,13.87,13.34,13.81
2010-03-25,13.88,14.45,13.85,14.2
2010-03-26,14.15,14.9,14.15,14.5
2010-03-29,14.57,14.76,14.49,14.65
2010-03-30,14.66,14.82,14.5,14.62
2010-03-31,14.48,14.7,14.39,14.59
2010-04-01,14.63,14.89,14.61,14.69
2010-04-05,14.69,14.78,14.25,14.42
2010-04-06,14.27,14.66,14.27,14.66
2010-04-07,14.55,14.65,14.06,14.17
2010-04-08,14.63,14.83,14.36,14.81
2010-04-09,14.76,14.86,14.4882,14.58
2010-04-12,14.67,14.94,14.61,14.93
2010-04-13,14.84,14.92,14.3,14.37
2010-04-14,14.47,14.78,14.33,14.39
2010-04-15,14.4,14.56,14.01,14.39
2010-04-16,14.38,14.4,13.7,13.87
2010-04-19,13.78,14.2,13.17,13.18
2010-04-20,13.4,13.48,12.68,13.16
2010-04-21,13.37,13.37,12.35,12.57
2010-04-22,12.6,12.84,12.1,12.36
2010-04-23,12.47,13.215,12.45,13.01
2010-04-26,13.08,13.15,12.78,12.95
2010-04-27,12.88,12.99,12.2,12.22
2010-04-28,12.47,12.57,12.11,12.18
2010-04-29,12.36,12.51,11.95,12.11
2010-04-30,12.21,12.58,12.0,12.08
2010-05-03,12.3,12.74,12.16,12.59
2010-05-04,12.28,12.35,11.49,11.76
2010-05-05,11.51,12.42,11.3,12.33
2010-05-06,12.15,12.53,10.9,11.72
2010-05-07,11.73,12.305,11.4,11.7
2010-05-10,12.44,12.44,12.1,12.3
2010-05-11,12.165,12.51,11.92,12.4
2010-05-12,12.54,13.62,12.5,13.55
2010-05-13,13.5,13.97,13.18,13.25
2010-05-14,13.21,13.9,13.01,13.74
2010-05-17,13.76,14.0,13.3,13.94
2010-05-18,13.98,14.1,13.45,13.57
2010-05-19,13.4,13.85,13.2,13.63
2010-05-20,13.23,13.4,12.86,12.91
2010-05-21,12.68,13.54,12.65,13.34
2010-05-24,13.12,13.9,13.01,13.46
2010-05-25,13.0,13.92,13.0,13.84
2010-05-26,13.97,14.48,13.43,13.85
2010-05-27,14.09,14.26,13.84,13.95
2010-05-28,13.65,13.91,13.4,13.58
2010-06-01,13.31,13.88,13.24,13.54
2010-06-02,13.89,14.25,13.86,14.09
2010-06-03,14.18,14.5,14.04,14.28
2010-06-04,13.95,14.1,13.5,13.58
2010-06-07,13.68,13.88,13.11,13.13
2010-06-08,13.26,13.43,12.78,13.19
2010-06-09,13.25,13.73,13.25,13.36
2010-06-10,13.64,13.7,13.33,13.35
2010-06-11,13.21,13.59,13.08,13.45
2010-06-14,13.65,14.055,13.61,13.69
2010-06-15,13.89,14.16,13.75,13.99
2010-06-16,13.88,14.48,13.78,14.08
2010-06-17,14.16,14.4,13.95,14.19
2010-06-18,14.18,14.2,13.44,13.71
2010-06-21,13.88,14.0,13.3301,13.49
2010-06-22,13.49,13.61,12.62,12.67
2010-06-23,12.73,12.88,12.42,12.66
2010-06-24,12.52,12.74,12.29,12.31
2010-06-25,12.3,12.35,11.81,12.0
2010-06-28,12.09,12.32,11.93,12.04
2010-06-29,11.78,11.78,11.24,11.31
2010-06-30,11.37,12.25,11.3,11.75
2010-07-01,11.97,12.28,11.33,11.72
2010-07-02,11.64,11.82,10.71,11.03
2010-07-06,11.4,11.7,10.96,11.1
2010-07-07,11.43,11.74,10.93,11.71
2010-07-08,11.9,11.96,11.5,11.77
2010-07-09,11.78,11.9,11.51,11.65
2010-07-12,11.71,12.08,11.43,11.67
2010-07-13,11.9,12.265,11.9,12.11
2010-07-14,12.16,12.4,12.0,12.21
2010-07-15,12.26,12.32,11.8,12.01
2010-07-16,11.95,12.14,11.68,11.72
2010-07-19,11.43,11.7,10.4,11.38
2010-07-20,11.18,11.62,11.1,11.53
2010-07-21,11.54,11.76,10.85,10.9
2010-07-22,11.15,11.53,11.06,11.46
2010-07-23,11.43,11.57,11.25,11.45
2010-07-26,11.42,12.0,11.39,11.98
2010-07-27,12.15,12.24,11.69,11.71
2010-07-28,11.71,11.87,11.34,11.54
2010-07-29,11.64,11.8,11.32,11.69
2010-07-30,11.54,11.93,11.33,11.88
2010-08-02,12.08,12.8,11.93,12.61
2010-08-03,12.52,12.61,11.78,12.15
2010-08-04,12.26,12.39,11.68,11.86
2010-08-05,11.8,12.13,11.72,11.8
2010-08-06,11.6,11.95,11.57,11.81
2010-08-09,11.93,12.24,11.77,12.19
2010-08-10,12.09,12.09,11.66,11.8
2010-08-11,11.68,11.7,11.21,11.36
2010-08-12,11.15,11.61,11.05,11.48
2010-08-13,11.38,11.64,11.22,11.55
2010-08-16,11.53,11.65,11.33,11.48
2010-08-17,11.58,11.65,11.27,11.36
2010-08-18,11.4,11.47,11.27,11.36
2010-08-19,11.28,11.41,10.34,10.78
2010-08-20,10.68,10.74,10.37,10.53
2010-08-23,10.54,10.88,10.39,10.47
2010-08-24,10.13,10.222,9.77,9.96
2010-08-25,9.74,10.06,9.6,10.03
2010-08-26,10.12,10.32,9.97,10.04
2010-08-27,10.06,10.67,9.85,10.46
2010-08-30,10.38,10.78,10.34,10.37
2010-08-31,10.28,10.505,10.21,10.46
2010-09-01,10.83,10.86,10.53,10.68
2010-09-02,10.73,11.02,10.66,10.84
2010-09-03,11.07,11.245,10.94,11.05
2010-09-07,10.95,11.02,10.61,10.67
2010-09-08,10.66,10.87,10.4,10.69
2010-09-09,10.86,10.86,10.45,10.63
2010-09-10,10.67,10.82,10.4575,10.54
2010-09-13,10.64,10.85,10.58,10.65
2010-09-14,10.61,11.45,10.54,11.18
2010-09-15,11.22,11.53,11.22,11.5
2010-09-16,11.43,11.68,11.25,11.58
2010-09-17,11.65,11.67,11.1301,11.18
2010-09-20,11.31,11.65,11.21,11.55
2010-09-21,11.63,12.0,11.59,11.95
2010-09-22,11.82,11.9,11.34,11.42
2010-09-23,11.19,11.57,11.15,11.32
2010-09-24,11.52,11.71,11.42,11.7
2010-09-27,11.69,11.83,11.29,11.39
2010-09-28,11.34,11.6,11.27,11.59
2010-09-29,11.47,11.63,11.35,11.59
2010-09-30,11.61,11.69,11.39,11.64
2010-10-01,11.75,12.01,11.71,12.01
2010-10-04,11.7,12.01,11.45,11.51
2010-10-05,11.57,11.87,11.45,11.83
2010-10-06,11.87,12.05,11.56,11.78
2010-10-07,11.8,11.82,11.61,11.77
2010-10-08,11.71,11.79,11.35,11.4
2010-10-11,11.44,11.55,11.14,11.24
2010-10-12,11.17,11.57,10.96,11.415
2010-10-13,11.49,11.73,11.23,11.58
2010-10-14,11.6,11.62,11.38,11.45
2010-10-15,11.5,11.6,11.31,11.38
2010-10-18,11.43,11.51,11.12,11.51
2010-10-19,11.33,11.72,11.3,11.7
2010-10-20,12.47,13.17,12.33,12.97
2010-10-21,13.03,13.54,12.9,13.53
2010-10-22,13.45,13.47,13.06,13.18
2010-10-25,13.35,13.65,13.21,13.47
2010-10-26,13.32,13.64,13.13,13.33
2010-10-27,13.17,13.8,13.16,13.78
2010-10-28,13.8,14.1,13.77,13.88
2010-10-29,13.87,13.93,13.46,13.885
2010-11-01,13.9,13.97,13.45,13.72
2010-11-02,13.86,13.92,13.6,13.85
2010-11-03,13.89,14.48,13.63,14.19
2010-11-04,14.31,14.35,13.88,14.18
2010-11-05,14.21,14.54,14.15,14.26
2010-11-08,14.13,14.27,13.86,14.09
2010-11-09,14.14,14.2,13.81,13.86
2010-11-10,13.86,14.07,13.54,13.54
2010-11-11,13.38,13.81,13.25,13.54
2010-11-12,13.42,13.65,13.4,13.46
2010-11-15,13.34,13.47,13.13,13.2
2010-11-16,13.1,13.45,12.93,13.15
2010-11-17,13.05,13.37,12.87,13.21
2010-11-18,13.33,13.87,13.33,13.77
2010-11-19,13.7,13.905,13.45,13.76
2010-11-22,13.7,13.835,13.48,13.76
2010-11-23,13.58,13.73,13.39,13.71
2010-11-24,13.74,14.34,13.59,14.33
2010-11-26,14.17,14.38,14.12,14.23
2010-11-29,14.13,14.26,13.94,14.15
2010-11-30,14.12,14.14,13.6702,13.68
2010-12-01,13.96,14.1,13.75,13.88
2010-12-02,13.77,13.93,13.38,13.51
2010-12-03,13.4,13.82,13.39,13.63
2010-12-06,13.59,13.75,13.31,13.48
2010-12-07,13.59,13.63,13.0101,13.12
2010-12-08,13.03,13.13,12.81,13.1
2010-12-09,13.17,13.5,12.92,13.31
2010-12-10,13.29,13.36,13.02,13.02
2010-12-13,13.08,13.21,12.9,13.08
2010-12-14,13.02,13.27,12.95,13.07
2010-12-15,12.98,13.12,12.56,12.64
2010-12-16,12.67,12.9,12.57,12.57
2010-12-17,12.57,12.67,12.35,12.46
2010-12-20,12.52,12.65,12.33,12.53
2010-12-21,12.54,12.85,12.45,12.65
2010-12-22,12.61,12.66,12.23,12.43
2010-12-23,12.45,12.45,12.15,12.23
2010-12-27,12.29,12.67,12.21,12.45
2010-12-28,12.41,12.67,12.41,12.48
2010-12-29,12.47,12.73,12.44,12.66
2010-12-30,12.66,12.76,12.42,12.49
2010-12-31,12.45,12.6301,12.4201,12.6
2011-01-03,12.69,12.85,12.47,12.58
2011-01-04,12.58,12.79,12.37,12.53
2011-01-05,12.65,13.21,12.58,12.98
2011-01-06,12.93,13.11,12.725,12.91
2011-01-07,12.89,13.06,12.8,13.0
2011-01-10,12.98,12.98,12.56,12.6
2011-01-11,12.7,12.7,12.32,12.35
2011-01-12,12.52,12.55,12.32,12.51
2011-01-13,12.58,12.68,12.28,12.61
2011-01-14,12.51,12.81,12.5,12.75
2011-01-18,12.49,12.55,11.7,11.7025
2011-01-19,11.86,11.95,11.35,11.45
2011-01-20,11.37,11.61,11.11,11.61
2011-01-21,11.71,11.78,11.39,11.54
2011-01-24,11.63,12.07,11.61,12.02
2011-01-25,11.93,12.02,11.49,11.63
2011-01-26,11.8,12.01,11.73,11.9775
2011-01-27,11.95,12.34,11.9,12.3
2011-01-28,12.23,12.29,11.59,11.83
2011-01-31,12.09,12.12,11.67,11.67
2011-02-01,11.75,11.88,11.645,11.79
2011-02-02,11.67,11.73,11.32,11.35
2011-02-03,11.41,11.86,11.39,11.53
2011-02-04,11.53,11.555,11.35,11.4
2011-02-07,11.49,11.695,11.45,11.55
2011-02-08,11.61,11.985,11.59,11.86
2011-02-09,11.88,11.91,11.74,11.74
2011-02-10,11.61,11.78,11.53,11.69
2011-02-11,11.65,12.025,11.61,11.9
2011-02-14,11.9,12.01,11.63,11.82
2011-02-15,11.78,11.99,11.66,11.9
2011-02-16,11.95,12.13,11.71,11.82
2011-02-17,11.85,11.87,11.6,11.65
2011-02-18,11.74,11.74,11.4,11.5
2011-02-22,10.99,10.99,10.45,10.74
2011-02-23,10.63,11.08,10.37,11.02
2011-02-24,10.79,11.31,10.67,11.13
2011-02-25,11.25,11.29,11.0,11.12
2011-02-28,11.03,11.3207,11.01,11.24
2011-03-01,11.26,11.26,10.6,10.61
2011-03-02,10.63,10.8,10.12,10.15
2011-03-03,10.44,10.58,10.08,10.26
2011-03-04,10.28,10.28,9.87,9.91
2011-03-07,10.01,10.21,9.91,10.09
2011-03-08,10.17,11.17,10.1171,11.07
2011-03-09,10.74,10.92,10.64,10.88
2011-03-10,10.86,11.46,10.68,11.18
2011-03-11,11.28,11.64,11.15,11.23
2011-03-14,11.18,11.25,10.82,10.97
2011-03-15,10.51,10.94,10.45,10.69
2011-03-16,10.7,10.75,10.14,10.2
2011-03-17,10.38,10.5,9.83,9.86
2011-03-18,10.18,10.39,10.08,10.24
2011-03-21,10.22,10.35,10.0,10.17
2011-03-22,10.28,10.32,9.92,10.0
2011-03-23,9.93,10.095,9.73,9.91
2011-03-24,9.92,10.08,9.86,10.01
2011-03-25,10.08,10.14,9.8,9.8
2011-03-28,9.96,10.02,9.83,9.91
2011-03-29,9.96,10.0,9.75,9.79
2011-03-30,9.86,10.06,9.81,9.94
2011-03-31,9.84,9.98,9.71,9.8
2011-04-01,9.89,9.94,9.77,9.82
2011-04-04,9.79,9.88,9.7,9.83
2011-04-05,9.79,9.82,9.69,9.7
2011-04-06,9.79,9.79,9.31,9.59
2011-04-07,9.59,9.61,9.33,9.41
2011-04-08,9.37,9.38,8.93,9.04
2011-04-11,9.0,9.52,8.99,9.43
2011-04-12,9.38,10.1294,9.38,9.9
2011-04-13,9.91,9.99,9.51,9.58
2011-04-14,9.56,9.61,9.22,9.35
2011-04-15,9.34,9.45,9.125,9.25
2011-04-18,9.27,9.42,9.01,9.14
2011-04-19,9.19,9.24,9.025,9.13
2011-04-20,9.12,9.19,8.91,9.07
2011-04-21,9.02,9.18,9.0,9.05
2011-04-25,9.03,9.24,9.0,9.0
2011-04-26,9.27,10.06,9.21,9.99
2011-04-27,9.81,10.19,9.8,10.05
2011-04-28,10.04,10.13,9.81,10.07
2011-04-29,9.92,10.7,9.87,10.38
2011-05-02,10.66,10.8,10.3,10.46
2011-05-03,10.3,10.62,10.3,10.52
2011-05-04,10.53,10.71,10.2,10.47
2011-05-05,10.56,11.45,10.55,11.22
2011-05-06,11.31,11.35,10.85,11.21
2011-05-09,10.84,11.13,10.78,10.81
2011-05-10,10.93,11.08,10.76,10.8
2011-05-11,10.81,11.1,10.63,11.06
2011-05-12,11.12,11.17,10.74,10.87
2011-05-13,10.78,10.8301,10.54,10.65
2011-05-16,10.76,11.12,10.73,11.0
2011-05-17,10.9,11.2,10.9,11.01
2011-05-18,10.97,10.99,10.69,10.93
2011-05-19,10.99,11.5,10.84,11.38
2011-05-20,11.27,11.6,11.15,11.51
2011-05-23,11.34,11.53,11.22,11.23
2011-05-24,11.2,11.26,10.92,11.09
2011-05-25,11.04,11.27,10.47,10.49
2011-05-26,10.49,10.52,10.12,10.18
2011-05-27,10.18,10.27,9.96,10.0
2011-05-31,10.04,10.14,9.91,10.08
2011-06-01,10.08,10.18,9.58,9.68
2011-06-02,9.73,9.92,9.58,9.62
2011-06-03,9.53,9.78,9.51,9.62
2011-06-06,9.54,9.62,9.25,9.33
2011-06-07,9.46,9.5294,9.19,9.26
2011-06-08,9.26,9.5984,9.12,9.14
2011-06-09,9.19,9.4,9.11,9.18
2011-06-10,9.25,9.39,9.19,9.22
2011-06-13,9.36,9.5414,9.235,9.26
2011-06-14,9.4,9.58,9.38,9.5
2011-06-15,9.41,9.46,9.1,9.33
2011-06-16,9.33,9.58,9.26,9.4
2011-06-17,9.56,9.74,9.48,9.58
2011-06-20,9.62,9.75,9.53,9.69
2011-06-21,9.68,9.9,9.56,9.81
2011-06-22,9.78,9.93,9.59,9.59
2011-06-23,9.87,10.13,9.71,9.94
2011-06-24,9.64,9.65,9.25,9.43
2011-06-27,9.51,9.7,9.33,9.66
2011-06-28,9.67,9.75,9.325,9.39
2011-06-29,9.34,9.44,9.15,9.2
2011-06-30,9.27,9.36,9.16,9.17
2011-07-01,9.24,9.38,9.17,9.29
2011-07-05,9.37,9.41,9.11,9.12
2011-07-06,9.12,9.2,9.01,9.13
2011-07-07,9.19,9.41,9.05,9.41
2011-07-08,9.19,9.39,9.17,9.35
2011-07-11,9.21,9.26,8.98,9.0
2011-07-12,8.97,9.02,8.56,8.61
2011-07-13,8.79,8.82,8.62,8.7
2011-07-14,8.74,8.74,8.5,8.51
2011-07-15,8.66,8.67,8.31,8.41
2011-07-18,8.28,8.39,7.9,8.06
2011-07-19,8.14,8.29,7.92,8.26
2011-07-20,8.35,8.38,8.081,8.14
2011-07-21,8.27,8.3,8.02,8.17
2011-07-22,8.22,8.25,8.03,8.1
2011-07-25,8.05,8.09,7.78,7.86
2011-07-26,7.89,8.15,7.85,8.02
2011-07-27,7.8100000000000005,7.89,7.28,7.61
2011-07-28,7.73,7.82,7.5600000000000005,7.63
2011-07-29,7.53,7.9399999999999995,7.42,7.89
2011-08-01,8.2,8.24,7.67,7.8
2011-08-02,7.85,7.85,7.4,7.43
2011-08-03,7.54,7.59,7.09,7.55
2011-08-04,7.53,7.66,6.98,7.02
2011-08-05,7.28,7.28,6.58,6.97
2011-08-08,6.44,6.9,6.41,6.62
2011-08-09,6.91,7.11,6.6,7.08
2011-08-10,6.84,6.89,6.6,6.68
2011-08-11,6.78,7.05,6.65,6.97
2011-08-12,7.15,7.25,6.87,6.97
2011-08-15,7.05,7.41,7.01,7.32
2011-08-16,7.27,7.91,7.22,7.66
2011-08-17,7.64,7.84,7.54,7.8
2011-08-18,7.47,7.49,7.21,7.39
2011-08-19,7.24,7.74,7.175,7.21
2011-08-22,7.52,7.65,7.171,7.22
2011-08-23,7.3,7.325,7.05,7.26
2011-08-24,7.2,7.33,7.06,7.25
2011-08-25,7.1,7.29,6.71,6.83
2011-08-26,6.72,7.15,6.7,7.12
2011-08-29,7.19,7.51,7.19,7.5
2011-08-30,7.45,7.75,7.38,7.61
2011-08-31,7.72,7.8100000000000005,7.47,7.53
2011-09-01,7.55,7.66,7.42,7.42
2011-09-02,7.26,7.48,7.2,7.27
2011-09-06,7.08,7.24,7.06,7.13
2011-09-07,7.21,7.48,7.16,7.47
2011-09-08,7.37,7.49,7.25,7.31
2011-09-09,7.26,7.51,7.1205,7.18
2011-09-12,7.16,7.4,7.09,7.38
2011-09-13,7.38,8.1,7.245,7.99
2011-09-14,8.17,8.55,8.04,8.39
2011-09-15,8.47,8.54,8.32,8.46
2011-09-16,8.41,8.57,8.38,8.4
2011-09-19,8.14,8.4,8.08,8.31
2011-09-20,8.4,8.49,8.28,8.37
2011-09-21,8.36,8.5,7.98,8.0
2011-09-22,7.73,7.97,7.52,7.58
2011-09-23,7.52,8.24,7.51,8.17
2011-09-26,8.24,8.41,8.05,8.3
2011-09-27,8.47,8.49,8.1,8.14
2011-09-28,8.05,8.23,7.97,8.11
2011-09-29,8.24,8.29,7.85,7.95
2011-09-30,7.86,7.87,7.47,7.5
2011-10-03,7.385,7.45,6.64,6.65
2011-10-04,6.83,7.29,6.68,7.29
2011-10-05,7.31,7.53,7.18,7.43
2011-10-06,7.51,7.83,7.38,7.78
2011-10-07,7.9,8.07,7.6899999999999995,7.8
2011-10-10,7.92,8.11,7.89,8.05
2011-10-11,7.97,8.36,7.97,8.21
2011-10-12,8.21,8.55,8.2,8.42
2011-10-13,8.32,8.74,8.22,8.68
2011-10-14,8.75,8.8,8.45,8.57
2011-10-17,8.65,8.74,8.2905,8.4
2011-10-18,8.39,8.8,8.34,8.71
2011-10-19,8.65,8.705,8.36,8.5
2011-10-20,8.46,8.7,8.36,8.7
2011-10-21,8.76,8.8,8.42,8.66
2011-10-24,8.7,8.98,8.6025,8.9
2011-10-25,8.65,8.68,8.31,8.44
2011-10-26,8.62,8.65,8.37,8.56
2011-10-27,8.8,8.85,8.49,8.64
2011-10-28,8.55,8.63,8.45,8.51
2011-10-31,8.41,8.53,8.36,8.52
2011-11-01,8.2,8.43,8.11,8.33
2011-11-02,8.4,8.495,8.2,8.25
2011-11-03,8.41,8.41,8.01,8.3
2011-11-04,8.28,8.37,8.15,8.35
2011-11-07,8.37,8.43,8.19,8.31
2011-11-08,8.29,8.36,8.02,8.2
2011-11-09,8.04,8.15,7.95,8.0
2011-11-10,8.02,8.09,7.5,7.62
2011-11-11,7.75,8.005,7.65,7.95
2011-11-14,8.02,8.36,7.98,8.06
2011-11-15,8.06,8.09,7.87,8.0
2011-11-16,7.93,7.95,7.5649999999999995,7.58
2011-11-17,7.59,7.66,7.15,7.28
2011-11-18,7.33,7.37,7.255,7.36
2011-11-21,7.2,7.28,7.08,7.21
2011-11-22,7.26,7.4,7.18,7.28
2011-11-23,7.2,7.35,7.12,7.12
2011-11-25,7.08,7.3,7.08,7.12
2011-11-28,7.4,7.51,7.3,7.43
2011-11-29,7.5,7.9,7.48,7.8
2011-11-30,7.58,8.21,7.51,8.12
2011-12-01,8.04,8.62,8.03,8.52
2011-12-02,8.57,8.65,8.35,8.41
2011-12-05,8.56,8.72,8.51,8.61
2011-12-06,8.55,8.665,8.4,8.47
2011-12-07,8.39,8.65,8.36,8.56
2011-12-08,8.42,8.6,8.085,8.18
2011-12-09,8.25,8.65,8.23,8.5
2011-12-12,8.35,8.65,8.3,8.5
2011-12-13,8.53,8.57,7.93,7.99
2011-12-14,8.2,8.35,8.01,8.15
2011-12-15,8.35,8.84,8.29,8.59
2011-12-16,8.7,9.13,8.7,9.02
2011-12-19,9.05,9.1,8.46,8.51
2011-12-20,8.63,8.73,8.55,8.63
2011-12-21,8.54,8.81,8.43,8.47
2011-12-22,8.61,8.61,8.32,8.36
2011-12-23,8.28,8.33,8.06,8.33
2011-12-27,8.26,8.4,8.08,8.18
2011-12-28,8.16,8.2,8.02,8.12
2011-12-29,8.07,8.21,8.05,8.09
2011-12-30,8.09,8.16,8.01,8.09
2012-01-03,8.23,8.3,8.02,8.04
2012-01-04,8.03,8.14,7.83,8.01
2012-01-05,8.03,8.35,7.87,8.33
2012-01-06,8.26,8.43,8.24,8.32
2012-01-09,8.34,8.5,8.26,8.28
2012-01-10,8.35,8.39,8.13,8.27
2012-01-11,8.34,8.62,8.22,8.61
2012-01-12,8.6,8.98,8.47,8.87
2012-01-13,8.7,9.01,8.62,8.85
2012-01-17,8.87,8.91,8.66,8.73
2012-01-18,8.79,9.12,8.63,8.92
2012-01-19,8.94,9.47,8.92,9.33
2012-01-20,9.3,9.495,9.25,9.41
2012-01-23,9.42,9.56,9.29,9.29
2012-01-24,9.29,9.49,9.19,9.38
2012-01-25,9.92,10.3,9.92,9.96
2012-01-26,10.28,10.545,10.11,10.17
2012-01-27,10.08,10.58,10.01,10.39
2012-01-30,10.42,10.8799,10.27,10.77
2012-01-31,10.77,10.8,10.3,10.55
2012-02-01,10.68,11.01,10.61,10.9
2012-02-02,10.9,11.17,10.82,11.1
2012-02-03,11.25,11.58,11.25,11.3
2012-02-06,11.26,11.28,10.92,10.99
2012-02-07,11.03,11.24,10.93,10.97
2012-02-08,10.91,11.04,10.7,10.99
2012-02-09,11.0,11.15,10.78,11.12
2012-02-10,10.93,11.15,10.81,10.89
2012-02-13,10.94,11.24,10.91,11.15
2012-02-14,11.1,11.15,10.82,10.94
2012-02-15,10.94,11.08,10.74,10.83
2012-02-16,10.8,10.985,10.67,10.93
2012-02-17,11.0,11.05,10.68,10.83
2012-02-21,10.83,10.83,9.57,10.05
2012-02-22,10.0,10.21,9.93,9.93
2012-02-23,10.02,10.04,9.57,9.69
2012-02-24,9.74,9.86,9.49,9.53
2012-02-27,9.57,9.74,9.4,9.66
2012-02-28,9.67,9.92,9.595,9.9
2012-02-29,9.85,10.07,9.75,9.81
2012-03-01,9.8,9.93,9.59,9.64
2012-03-02,9.67,10.09,9.62,9.77
2012-03-05,9.71,9.75,9.41,9.67
2012-03-06,9.53,9.82,9.29,9.36
2012-03-07,9.39,9.6,9.34,9.37
2012-03-08,9.31,9.56,9.24,9.47
2012-03-09,9.6,9.6,9.34,9.37
2012-03-12,9.4,9.53,9.185,9.19
2012-03-13,9.38,9.4,9.135,9.31
2012-03-14,9.3,9.31,9.07,9.3
2012-03-15,9.29,9.83,9.2501,9.63
2012-03-16,9.66,9.69,9.21,9.21
2012-03-19,9.25,9.41,9.17,9.31
2012-03-20,9.36,9.63,9.24,9.53
2012-03-21,9.58,9.93,9.45,9.74
2012-03-22,9.73,9.96,9.46,9.53
2012-03-23,9.51,9.69,9.45,9.62
2012-03-26,9.68,9.9,9.53,9.88
2012-03-27,9.85,9.92,9.72,9.81
2012-03-28,9.87,10.28,9.86,10.0
2012-03-29,10.01,10.11,9.76,10.07
2012-03-30,10.02,10.02,9.7301,9.915
2012-04-02,9.88,10.08,9.8,10.01
2012-04-03,10.08,10.58,10.07,10.32
2012-04-04,10.25,10.62,10.2,10.48
2012-04-05,10.4,10.64,10.29,10.37
2012-04-09,10.3,10.4,10.15,10.29
2012-04-10,10.26,10.36,9.775,9.81
2012-04-11,9.94,10.08,9.835,9.91
2012-04-12,9.98,10.49,9.98,10.26
2012-04-13,10.21,10.26,10.08,10.13
2012-04-16,10.15,10.46,10.08,10.25
2012-04-17,10.35,10.48,10.19,10.44
2012-04-18,10.42,10.61,10.39,10.53
2012-04-19,10.56,11.03,10.38,10.82
2012-04-20,10.85,10.94,10.56,10.75
2012-04-23,10.53,10.619,10.3,10.39
2012-04-24,10.4,10.62,10.39,10.48
2012-04-25,10.46,10.72,10.25,10.48
2012-04-26,10.52,10.64,10.25,10.4
2012-04-27,10.39,10.85,10.3,10.82
2012-04-30,10.77,11.12,10.72,10.96
2012-05-01,11.14,11.34,10.98,11.05
2012-05-02,10.97,11.04,10.76,10.87
2012-05-03,10.81,11.13,10.81,10.96
2012-05-04,11.05,11.2,10.9,11.0
2012-05-07,11.0,11.25,10.95,11.17
2012-05-08,11.1,11.23,10.99,11.17
2012-05-09,11.07,11.09,10.84,10.91
2012-05-10,11.0,11.15,10.95,11.03
2012-05-11,10.97,11.42,10.95,11.37
2012-05-14,11.38,11.58,11.31,11.43
2012-05-15,11.4,11.45,11.1,11.17
2012-05-16,11.23,11.51,11.23,11.39
2012-05-17,11.34,11.35,10.32,10.41
2012-05-18,10.43,10.44,10.03,10.14
2012-05-21,10.15,10.62,10.15,10.58
2012-05-22,10.68,10.8,10.47,10.54
2012-05-23,10.52,10.75,10.25,10.74
2012-05-24,10.9,11.54,10.88,11.27
2012-05-25,11.31,11.55,11.22,11.37
2012-05-29,11.49,11.83,11.3685,11.8
2012-05-30,11.7,12.0,11.63,11.75
2012-05-31,11.85,12.25,11.61,12.1
2012-06-01,12.02,12.04,11.43,11.51
2012-06-04,11.37,11.38,10.11,10.18
2012-06-05,10.35,10.63,10.34,10.58
2012-06-06,10.7,10.79,10.45,10.61
2012-06-07,10.68,10.87,10.28,10.28
2012-06-08,10.06,10.51,9.89,10.38
2012-06-11,10.58,10.59,10.15,10.17
2012-06-12,10.24,10.44,10.0,10.04
2012-06-13,10.16,10.55,10.0,10.29
2012-06-14,10.3,10.7,10.26,10.45
2012-06-15,10.37,10.47,10.07,10.26
2012-06-18,10.25,10.63,10.16,10.63
2012-06-19,10.6,10.96,10.58,10.91
2012-06-20,10.84,11.21,10.72,11.21
2012-06-21,11.21,11.33,10.98,11.23
2012-06-22,11.18,11.32,10.97,11.04
2012-06-25,11.0,11.04,10.43,10.52
2012-06-26,10.47,11.23,10.41,11.14
2012-06-27,11.1,11.38,10.825,11.07
2012-06-28,11.1,11.18,10.72,11.16
2012-06-29,11.21,11.27,10.92,10.95
2012-07-02,11.11,11.25,10.95,11.12
2012-07-03,11.05,11.05,10.7,10.76
2012-07-05,10.71,10.79,10.542,10.63
2012-07-06,10.63,11.06,10.57,11.0
2012-07-09,11.07,11.12,10.77,10.91
2012-07-10,10.9,10.96,10.5,10.72
2012-07-11,10.74,11.15,10.72,11.09
2012-07-12,10.73,10.99,10.68,10.75
2012-07-13,10.76,10.88,10.7,10.82
2012-07-16,10.86,11.11,10.75,10.97
2012-07-17,11.1,11.1,10.72,10.8
2012-07-18,10.82,10.86,10.17,10.23
2012-07-19,10.39,10.48,9.94,10.0
2012-07-20,9.98,10.17,9.845,9.94
2012-07-23,9.84,9.86,9.55,9.66
2012-07-24,9.72,9.8,9.21,9.33
2012-07-25,9.63,9.825,9.08,9.47
2012-07-26,9.58,9.58,9.2,9.41
2012-07-27,9.47,9.55,9.28,9.42
2012-07-30,9.4,9.57,9.22,9.47
2012-07-31,9.47,9.77,9.36,9.65
2012-08-01,9.49,9.62,9.4,9.48
2012-08-02,9.38,9.47,9.14,9.23
2012-08-03,9.3,9.4,9.17,9.29
2012-08-06,9.31,9.43,9.26,9.37
2012-08-07,9.35,9.44,9.22,9.32
2012-08-08,9.37,9.56,9.25,9.39
2012-08-09,9.35,9.38,9.04,9.07
2012-08-10,9.11,9.19,8.97,9.06
2012-08-13,9.06,9.28,8.99,9.26
2012-08-14,9.26,9.47,9.21,9.28
2012-08-15,9.22,9.3,9.17,9.26
2012-08-16,9.27,9.33,9.02,9.03
2012-08-17,9.13,9.18,9.04,9.13
2012-08-20,9.1,9.5,9.1,9.46
2012-08-21,9.53,9.93,9.48,9.71
2012-08-22,9.64,9.7,9.385,9.53
2012-08-23,9.5,9.57,9.07,9.15
2012-08-24,9.2,9.22,9.09,9.11
2012-08-27,9.14,9.21,9.05,9.06
2012-08-28,9.03,9.04,8.67,8.7
2012-08-29,8.73,8.75,8.455,8.61
2012-08-30,8.63,8.65,8.51,8.55
2012-08-31,8.75,8.83,8.65,8.65
2012-09-04,8.66,8.7,8.42,8.56
2012-09-05,8.62,8.97,8.6,8.88
2012-09-06,8.94,9.31,8.92,9.2
2012-09-07,9.26,9.49,9.2,9.28
2012-09-10,9.28,9.7,9.26,9.38
2012-09-11,9.3,9.47,9.21,9.28
2012-09-12,9.28,9.55,9.27,9.5
2012-09-13,9.48,9.52,9.31,9.45
2012-09-14,9.43,9.45,9.23,9.27
2012-09-17,9.25,9.32,9.04,9.23
2012-09-18,9.16,9.28,8.94,8.96
2012-09-19,9.12,9.42,9.08,9.37
2012-09-20,9.28,9.33,9.12,9.15
2012-09-21,9.18,9.25,9.04,9.065
2012-09-24,9.02,9.25,8.89,9.13
2012-09-25,9.13,9.2,9.0,9.02
2012-09-26,8.96,9.21,8.95,9.16
2012-09-27,9.14,9.3,9.04,9.23
2012-09-28,9.14,9.2,9.04,9.16
2012-10-01,9.12,9.655,9.11,9.47
2012-10-02,9.4,9.8,9.35,9.77
2012-10-03,9.87,10.27,9.75,10.16
2012-10-04,10.21,10.21,9.9,10.14
2012-10-05,10.25,10.48,10.13,10.28
2012-10-08,10.28,10.49,10.09,10.13
2012-10-09,10.14,10.185,9.84,9.89
2012-10-10,9.9,9.97,9.75,9.84
2012-10-11,9.88,9.9,9.715,9.75
2012-10-12,9.84,10.11,9.77,10.02
2012-10-15,10.08,10.2,10.01,10.11
2012-10-16,10.09,10.15,9.93,9.99
2012-10-17,9.97,10.3,9.93,10.19
2012-10-18,10.2,10.4,10.2,10.21
2012-10-19,10.18,10.21,9.95,10.0
2012-10-22,10.0,10.195,9.9,10.14
2012-10-23,10.14,10.25,9.91,10.15
2012-10-24,10.08,10.282,9.81,10.04
2012-10-25,10.05,10.1,9.55,9.64
2012-10-26,9.7,9.77,9.49,9.64
2012-10-31,9.53,9.815,9.5,9.63
2012-11-01,9.64,9.78,9.63,9.7
2012-11-02,9.77,9.79,9.54,9.7
2012-11-05,9.64,9.83,9.6,9.77
2012-11-06,9.76,10.04,9.71,10.04
2012-11-07,9.98,10.02,9.615,9.94
2012-11-08,9.87,10.3,9.83,10.29
2012-11-09,10.19,10.49,10.09,10.19
2012-11-12,10.23,10.44,10.07,10.3
2012-11-13,10.19,10.5,10.18,10.21
2012-11-14,10.23,10.42,9.48,9.56
2012-11-15,9.55,9.805,9.46,9.49
2012-11-16,9.49,9.54,9.21,9.33
2012-11-19,9.46,9.56,9.32,9.55
2012-11-20,9.6,9.86,9.41,9.68
2012-11-21,9.69,9.73,9.485,9.72
2012-11-23,9.74,9.86,9.7,9.84
2012-11-26,9.78,9.94,9.57,9.8
2012-11-27,9.76,9.97,9.74,9.82
2012-11-28,9.78,10.15,9.75,10.0
2012-11-29,10.07,10.12,9.86,10.05
2012-11-30,9.98,10.05,9.85,10.0
2012-12-03,9.99,10.01,9.6,9.62
2012-12-04,9.86,9.96,9.5,9.73
2012-12-05,9.81,9.82,9.56,9.71
2012-12-06,9.76,10.03,9.73,10.02
2012-12-07,9.95,10.24,9.88,10.11
2012-12-10,10.11,10.2,9.95,10.14
2012-12-11,10.26,10.94,10.19,10.66
2012-12-12,10.62,11.1,10.47,10.72
2012-12-13,10.87,11.3,10.8,11.29
2012-12-14,11.27,11.425,11.12,11.22
2012-12-17,11.48,11.75,11.16,11.23
2012-12-18,11.26,11.61,11.2,11.53
2012-12-19,11.54,11.94,11.49,11.83
2012-12-20,11.81,11.9792,11.65,11.94
2012-12-21,11.74,11.91,11.68,11.86
2012-12-24,11.8,11.97,11.65,11.78
2012-12-26,11.68,11.89,11.63,11.65
2012-12-27,11.61,11.76,11.43,11.57
2012-12-28,11.54,11.6799,11.46,11.5
2012-12-31,11.57,12.05,11.55,11.87
2013-01-02,12.07,12.28,11.97,12.23
2013-01-03,12.14,12.609,12.12,12.58
2013-01-04,12.56,13.08,12.55,12.98
2013-01-07,13.14,13.38,12.89,12.99
2013-01-08,13.05,13.26,12.87,12.98
2013-01-09,13.0,13.16,12.89,13.11
2013-01-10,13.45,13.65,13.17,13.3
2013-01-11,13.33,13.41,13.09,13.35
2013-01-14,13.3,13.49,13.17,13.44
2013-01-15,13.25,13.74,13.21,13.63
2013-01-16,13.55,14.11,13.52,13.92
2013-01-17,13.95,14.0,13.72,13.83
2013-01-18,13.85,13.91,13.6,13.61
2013-01-22,13.64,14.15,13.46,14.01
2013-01-23,14.05,14.15,13.74,13.78
2013-01-24,13.83,14.17,13.71,13.93
2013-01-25,13.94,14.18,13.82,14.17
2013-01-28,14.16,14.2,13.9,13.94
2013-01-29,13.89,13.93,13.61,13.68
2013-01-30,13.72,13.92,13.68,13.84
2013-01-31,13.77,13.92,13.715,13.89
2013-02-01,13.97,14.09,13.74,13.82
2013-02-04,13.64,13.95,13.44,13.86
2013-02-05,13.83,14.1,13.8,13.93
2013-02-06,13.91,14.49,13.91,14.47
2013-02-07,14.49,14.89,14.46,14.86
2013-02-08,14.77,14.88,14.52,14.62
2013-02-11,14.66,14.9,14.61,14.69
2013-02-12,14.64,14.79,14.46,14.5
2013-02-13,14.57,14.8,14.5,14.78
2013-02-14,14.6,14.68,14.02,14.24
2013-02-15,14.37,14.56,14.31,14.45
2013-02-19,14.4,14.62,14.2,14.3
2013-02-20,14.29,14.32,13.78,13.82
2013-02-21,13.96,13.99,13.16,13.56
2013-02-22,13.56,13.77,13.39,13.75
2013-02-25,13.84,14.34,13.82,14.02
2013-02-26,13.94,14.0,13.6,13.9
2013-02-27,13.89,14.35,13.85,14.27
2013-02-28,14.34,14.42,14.23,14.27
2013-03-01,14.26,15.08,14.26,14.82
2013-03-04,14.75,15.89,14.61,15.65
2013-03-05,15.71,15.93,15.67,15.86
2013-03-06,16.0,16.07,15.465,15.67
2013-03-07,15.7,15.93,15.59,15.9
2013-03-08,16.14,16.4,15.81,16.24
2013-03-11,16.05,16.42,15.77,16.23
2013-03-12,16.2,16.3,15.97,16.03
2013-03-13,15.95,16.41,15.95,16.36
2013-03-14,16.34,16.48,16.17,16.28
2013-03-15,16.15,16.23,15.82,16.0
2013-03-18,15.83,16.38,15.755,16.27
2013-03-19,16.42,16.73,16.3,16.54
2013-03-20,16.71,17.09,16.58,17.07
2013-03-21,16.94,17.25,16.83,16.84
2013-03-22,17.03,17.04,16.59,16.71
2013-03-25,16.78,16.88,16.22,16.31
2013-03-26,16.5,16.6899,16.29,16.55
2013-03-27,16.37,16.76,16.285,16.59
2013-03-28,16.69,16.94,16.47,16.51
2013-04-01,16.43,16.94,16.25,16.25
2013-04-02,15.4,15.58,14.77,14.94
2013-04-03,14.98,15.14,14.26,14.56
2013-04-04,14.42,14.85,14.41,14.75
2013-04-05,14.04,14.62,13.94,14.39
2013-04-08,14.6,14.98,14.4001,14.93
2013-04-09,15.17,15.24,14.75,14.8
2013-04-10,14.92,15.32,14.87,15.25
2013-04-11,15.25,15.74,15.25,15.55
2013-04-12,15.49,15.91,15.39,15.48
2013-04-15,15.58,15.69,14.71,14.91
2013-04-16,15.4,15.89,15.27,15.87
2013-04-17,15.69,15.7,15.2,15.53
2013-04-18,15.53,15.53,15.07,15.15
2013-04-19,15.22,15.465,14.85,15.26
2013-04-22,15.33,15.7,14.91,15.14
2013-04-23,14.93,16.75,14.84,16.72
2013-04-24,16.62,16.75,16.32,16.47
2013-04-25,16.51,16.9,16.28,16.29
2013-04-26,16.35,16.87,16.18,16.81
2013-04-29,16.74,17.1,16.675,16.95
2013-04-30,16.93,17.33,16.75,17.14
2013-05-01,17.26,17.55,16.679,16.84
2013-05-02,16.87,17.54,16.69,17.49
2013-05-03,17.72,18.305,17.68,17.96
2013-05-06,17.99,18.24,17.77,18.06
2013-05-07,18.06,18.15,17.9,18.08
2013-05-08,18.25,18.84,18.25,18.66
2013-05-09,18.73,18.88,17.63,17.7
2013-05-10,17.82,18.24,17.72,18.13
2013-05-13,18.08,18.18,17.78,17.89
2013-05-14,18.0,18.27,17.95,18.25
2013-05-15,18.3,19.43,18.2501,18.96
2013-05-16,18.95,19.3,18.62,18.64
2013-05-17,18.73,18.95,18.44,18.54
2013-05-20,18.58,18.8653,18.22,18.36
2013-05-21,18.36,18.445,17.9,18.13
2013-05-22,18.2,18.512,18.1,18.18
2013-05-23,17.85,18.55,17.68,18.49
2013-05-24,18.21,18.93,18.21,18.93
2013-05-28,19.12,19.25,18.48,18.72
2013-05-29,18.53,18.62,17.75,18.08
2013-05-30,18.22,18.4,18.07,18.1
2013-05-31,18.1,18.42,17.97,18.01
2013-06-03,18.12,18.365,17.55,17.81
2013-06-04,17.97,18.66,17.8,18.09
2013-06-05,17.99,18.1,17.35,17.56
2013-06-06,17.5,17.79,16.94,17.49
2013-06-07,17.75,18.38,17.65,18.38
2013-06-10,18.47,18.69,18.21,18.59
2013-06-11,18.27,18.73,18.06,18.52
2013-06-12,18.68,18.8,18.01,18.07
2013-06-13,18.09,18.8,17.91,18.71
2013-06-14,18.63,18.96,18.53,18.85
2013-06-17,18.97,19.05,18.59,18.82
2013-06-18,18.8,19.05,18.64,18.97
2013-06-19,18.99,19.04,18.69,18.69
2013-06-20,18.47,18.75,18.23,18.41
2013-06-21,18.54,18.66,17.82,18.28
2013-06-24,18.09,18.09,17.29,17.36
2013-06-25,17.57,18.23,17.57,18.15
2013-06-26,18.25,18.43,18.09,18.41
2013-06-27,18.48,18.7,18.25,18.69
2013-06-28,18.61,18.87,18.51,18.71
2013-07-01,18.8,19.73,18.8,19.36
2013-07-02,19.36,19.42,18.66,18.99
2013-07-03,18.73,18.9,18.3,18.41
2013-07-05,18.84,19.18,18.71,19.0
2013-07-08,19.15,19.25,18.9501,19.03
2013-07-09,19.17,19.57,19.08,19.33
2013-07-10,19.36,19.64,18.52,18.7
2013-07-11,19.06,19.11,18.45,18.86
2013-07-12,18.88,19.39,18.79,19.29
2013-07-15,19.45,19.68,19.22,19.44
2013-07-16,19.5,19.59,19.2,19.29
2013-07-17,19.31,20.19,19.31,19.92
2013-07-18,20.0,20.7,20.0,20.56
2013-07-19,20.28,20.42,20.03,20.29
2013-07-22,20.21,20.39,20.08,20.37
2013-07-23,20.46,20.55,20.06,20.45
2013-07-24,21.08,21.64,20.72,20.8
2013-07-25,20.97,21.5,20.7601,21.48
2013-07-26,21.27,21.985,21.15,21.9
2013-07-29,21.82,22.01,21.22,21.32
2013-07-30,21.48,21.5,20.98,21.19
2013-07-31,21.33,21.44,21.13,21.23
2013-08-01,21.53,22.05,21.4,22.05
2013-08-02,21.97,22.02,21.74,21.95
2013-08-05,21.85,21.96,21.57,21.71
2013-08-06,21.71,21.75,20.97,20.98
2013-08-07,20.95,21.09,20.51,20.98
2013-08-08,21.24,21.35,20.98,21.06
2013-08-09,21.09,21.1,20.54,20.57
2013-08-12,20.51,21.09,20.45,21.04
2013-08-13,21.14,21.31,18.53,19.55
2013-08-14,19.3,19.43,18.75,19.04
2013-08-15,19.08,19.75,18.95,19.53
2013-08-16,19.6,20.1801,19.53,19.83
2013-08-19,19.77,19.79,19.01,19.13
2013-08-20,19.31,19.48,18.98,19.19
2013-08-21,19.27,19.77,19.1706,19.56
2013-08-22,19.69,20.4,19.69,20.25
2013-08-23,20.28,20.44,20.05,20.12
2013-08-26,20.14,20.55,19.85,20.27
2013-08-27,19.62,19.66,18.85,19.11
2013-08-28,19.08,19.22,18.92,19.13
2013-08-29,19.6201,20.0,19.33,19.64
2013-08-30,19.7,20.15,19.58,19.73
2013-09-03,20.05,20.45,19.57,19.84
2013-09-04,20.1701,20.44,20.0,20.31
2013-09-05,20.33,20.74,20.2,20.25
2013-09-06,20.51,20.61,19.75,19.89
2013-09-09,20.85,21.785,20.76,21.76
2013-09-10,22.11,23.13,21.97,22.63
2013-09-11,22.43,22.71,22.3,22.42
2013-09-12,22.33,22.44,22.08,22.17
2013-09-13,22.2,22.59,22.15,22.47
2013-09-16,22.98,23.57,22.78,23.15
2013-09-17,23.66,23.71,23.07,23.32
2013-09-18,23.0,23.55,22.91,23.31
2013-09-19,23.32,23.59,23.08,23.45
2013-09-20,23.58,23.72,23.2501,23.3
2013-09-23,23.31,23.51,23.14,23.32
2013-09-24,23.25,24.1,23.25,23.76
2013-09-25,23.8,23.84,23.2,23.81
2013-09-26,23.79,24.02,23.64,24.01
2013-09-27,23.38,23.95,23.1,23.57
2013-09-30,23.16,23.69,22.71,23.59
2013-10-01,23.68,24.22,23.63,24.21
2013-10-02,24.55,24.77,24.11,24.25
2013-10-03,24.49,24.7,23.9001,24.54
2013-10-04,24.69,25.43,24.55,25.19
2013-10-07,24.95,25.09,24.81,24.85
2013-10-08,24.76,24.82,24.05,24.23
2013-10-09,24.29,24.545,23.72,24.25
2013-10-10,24.64,24.94,24.38,24.51
2013-10-11,24.58,24.79,24.17,24.4
2013-10-14,24.2,24.35,23.77,24.11
2013-10-15,24.1,24.27,23.83,24.02
2013-10-16,24.18,24.51,23.88,24.42
2013-10-17,24.38,24.9,24.38,24.79
2013-10-18,24.97,25.175,24.82,25.01
2013-10-21,25.2,25.23,24.46,24.69
2013-10-22,25.56,26.24,25.26,25.49
2013-10-23,25.44,25.95,25.29,25.61
2013-10-24,25.85,26.47,25.67,26.32
2013-10-25,26.3,26.68,26.05,26.31
2013-10-28,26.42,26.44,25.98,26.14
2013-10-29,26.34,26.69,26.24,26.35
2013-10-30,26.59,26.72,26.0,26.48
2013-10-31,26.47,26.62,26.26,26.38
2013-11-01,26.46,26.94,26.05,26.7
2013-11-04,27.13,27.785,27.01,27.44
2013-11-05,27.7,27.71,27.115,27.46
2013-11-06,27.66,27.7,26.77,26.88
2013-11-07,27.01,27.39,26.6,26.68
2013-11-08,26.64,27.6325,26.62,26.89
2013-11-11,27.19,27.56,27.13,27.47
2013-11-12,27.44,28.47,27.43,28.12
2013-11-13,28.11,28.22,27.58,27.79
2013-11-14,27.89,28.19,27.68,27.94
2013-11-15,28.01,28.19,27.785,28.12
2013-11-18,28.27,28.7,28.05,28.12
2013-11-19,28.16,28.745,27.83,27.85
2013-11-20,27.99,28.08,27.42,27.71
2013-11-21,27.85,28.13,27.7201,28.04
2013-11-22,28.25,28.9,28.25,28.6
2013-11-25,29.0,29.389,28.72,29.17
2013-11-26,29.18,29.24,28.74,29.04
2013-11-27,29.17,29.42,29.0,29.34
2013-11-29,29.42,29.435,28.86,28.98
2013-12-02,29.0,29.42,28.91,29.0
2013-12-03,28.95,28.97,27.84,28.05
2013-12-04,27.99,28.01,27.3,27.61
2013-12-05,27.63,28.01,27.62,27.94
2013-12-06,28.37,28.675,28.11,28.23
2013-12-09,28.26,28.95,28.2,28.88
2013-12-10,28.83,29.12,28.57,28.77
2013-12-11,28.85,29.05,27.65,27.66
2013-12-12,27.77,28.42,27.75,28.21
2013-12-13,28.4,28.78,28.25,28.37
2013-12-16,28.67,28.77,27.82,27.92
2013-12-17,27.95,27.96,26.8986,26.94
2013-12-18,26.86,27.225,26.4,27.11
2013-12-19,27.39,27.72,27.31,27.51
2013-12-20,27.56,27.91,27.32,27.55
2013-12-23,27.77,27.89,27.46,27.57
2013-12-24,27.51,27.92,27.51,27.84
2013-12-26,27.86,27.98,27.59,27.88
2013-12-27,27.86,27.89,26.86,27.03
2013-12-30,26.94,27.38,26.89,27.19
2013-12-31,27.23,27.65,27.2,27.47
2014-01-02,27.26,28.05,27.26,27.7
2014-01-03,28.37,29.36,28.24,29.23
2014-01-06,29.43,29.8,29.05,29.29
2014-01-07,29.44,29.6599,28.59,28.78
2014-01-08,28.77,30.1,28.6101,29.8
2014-01-09,30.54,31.5793,30.4,31.06
2014-01-10,31.19,31.48,30.66,31.47
2014-01-13,31.77,31.78,30.87,30.92
2014-01-14,31.08,32.07,31.02,32.01
2014-01-15,32.3,32.3,31.08,31.5
2014-01-16,31.46,31.73,31.33,31.58
2014-01-17,31.27,31.39,30.88,31.07
2014-01-21,32.39,32.65,31.65,32.08
2014-01-22,32.38,32.92,32.285,32.84
2014-01-23,32.55,32.6875,32.1,32.5
2014-01-24,32.03,32.31,30.96,31.11
2014-01-27,31.22,31.59,29.655,30.59
2014-01-28,30.58,31.51,30.54,30.9
2014-01-29,30.44,31.2855,29.78,29.92
2014-01-30,30.45,30.87,30.28,30.58
2014-01-31,30.19,30.84,29.995,30.61
2014-02-03,30.64,30.8,29.22,29.38
2014-02-04,30.0,30.03,29.26,29.94
2014-02-05,29.66,30.1,29.12,30.02
2014-02-06,30.01,31.34,29.81,30.89
2014-02-07,31.33,31.85,31.08,31.65
2014-02-10,31.75,31.8,30.93,31.21
2014-02-11,31.3,31.44,30.62,31.41
2014-02-12,31.51,31.51,30.78,31.13
2014-02-13,30.79,31.5,30.4301,31.35
2014-02-14,31.19,31.62,30.94,31.34
2014-02-18,31.36,31.59,30.915,30.92
2014-02-19,30.82,31.04,30.44,30.57
2014-02-20,30.58,31.885,30.55,31.84
2014-02-21,31.88,32.19,31.71,31.76
2014-02-24,31.92,32.7299,31.84,32.45
2014-02-25,32.62,33.5,32.62,33.24
2014-02-26,33.46,33.75,33.09,33.51
2014-02-27,33.39,33.95,33.28,33.32
2014-02-28,32.93,33.45,32.66,33.21
2014-03-03,32.39,32.73,31.9,32.59
2014-03-04,33.5,34.72,33.485,34.45
2014-03-05,34.85,35.15,34.61,34.72
2014-03-06,35.06,35.58,35.03,35.37
2014-03-07,35.72,35.85,34.8,35.36
2014-03-10,35.34,35.8199,34.71,35.17
2014-03-11,35.06,35.45,34.77,34.92
2014-03-12,34.6,34.84,34.21,34.5
2014-03-13,34.76,34.78,33.29,33.58
2014-03-14,33.49,34.63,33.25,34.12
2014-03-17,34.58,34.58,33.75,34.2
2014-03-18,34.49,34.58,34.045,34.07
2014-03-19,34.1,34.32,33.33,33.73
2014-03-20,33.8,33.91,33.3,33.64
2014-03-21,34.07,34.07,32.73,32.73
2014-03-24,33.11,33.53,32.52,33.32
2014-03-25,33.46,34.51,33.46,34.43
2014-03-26,34.5,34.55,33.91,33.96
2014-03-27,33.9,34.29,32.97,34.13
2014-03-28,34.14,34.69,33.51,33.53
2014-03-31,33.75,34.91,33.75,34.65
2014-04-01,34.93,35.78,34.92,35.75
2014-04-02,35.91,36.52,35.53,35.7
2014-04-03,35.73,36.07,34.97,35.37
2014-04-04,35.69,35.7,34.48,34.61
2014-04-07,34.51,35.37,33.69,33.99
2014-04-08,33.9,34.28,32.41,33.51
2014-04-09,33.73,34.815,33.43,34.73
2014-04-10,35.1,35.14,33.0,33.01
2014-04-11,32.88,33.85,32.27,32.52
2014-04-14,32.86,33.0,31.13,31.73
2014-04-15,31.8,32.43,30.54,31.91
2014-04-16,32.22,33.73,32.17,33.62
2014-04-17,33.61,33.88,32.88,33.76
2014-04-21,33.58,34.08,33.25,33.94
2014-04-22,34.18,35.25,34.17,34.95
2014-04-23,36.87,37.41,36.0,37.09
2014-04-24,37.15,37.465,36.33,36.73
2014-04-25,36.5,36.61,35.78,36.07
2014-04-28,36.2,36.67,35.13,35.84
2014-04-29,36.02,36.75,35.87,36.74
2014-04-30,36.81,37.18,36.3,36.83
2014-05-01,37.0,37.53,36.968,37.12
2014-05-02,37.11,37.47,36.56,37.23
2014-05-05,37.01,37.7,36.63,37.55
2014-05-06,38.45,38.82,37.46,37.69
2014-05-07,37.81,38.26,37.3099,38.24
2014-05-08,38.07,38.58,37.5,37.7
2014-05-09,37.82,37.82,36.95,37.67
2014-05-12,37.77,38.69,37.74,38.65
2014-05-13,38.52,39.11,38.37,38.78
2014-05-14,38.64,38.86,38.19,38.44
2014-05-15,38.08,38.36,37.33,38.13
2014-05-16,38.04,38.19,37.41,37.86
2014-05-19,37.68,38.72,37.6,38.39
2014-05-20,38.4,38.45,37.47,37.83
2014-05-21,38.01,38.47,37.97,38.34
2014-05-22,38.37,38.85,38.29,38.63
2014-05-23,38.77,39.55,38.65,39.16
2014-05-27,39.56,39.595,39.32,39.46
2014-05-28,39.52,40.69,39.49,40.27
2014-05-29,40.32,40.65,39.64,40.14
2014-05-30,40.14,40.54,39.6733,39.91
2014-06-02,40.14,40.95,39.76,40.77
2014-06-03,40.84,41.39,40.67,41.15
2014-06-04,41.29,42.35,40.77,42.17
2014-06-05,42.47,42.659,41.48,41.5
2014-06-06,41.77,42.27,41.73,42.23
2014-06-09,42.35,42.466,41.58,41.87
2014-06-10,41.86,42.02,41.26,41.92
2014-06-11,41.0,41.08,39.88,40.71
2014-06-12,39.82,39.85,38.1,38.5
2014-06-13,38.51,39.63,38.48,39.24
2014-06-16,38.6,39.14,38.25,38.84
2014-06-17,39.13,39.78,39.03,39.49
2014-06-18,39.4,39.82,39.01,39.75
2014-06-19,39.83,40.3397,39.42,39.62
2014-06-20,39.75,39.97,39.405,39.57
2014-06-23,39.41,39.67,38.5699,39.07
2014-06-24,38.89,39.37,38.55,38.57
2014-06-25,38.51,39.5,38.04,39.35
2014-06-26,39.28,39.52,38.85,39.3
2014-06-27,39.26,39.41,38.93,39.33
2014-06-30,39.18,39.33,38.6,38.72
2014-07-01,39.0,40.41,38.9,40.31
2014-07-02,38.96,39.0,38.03,38.24
2014-07-03,38.35,38.96,38.29,38.6
2014-07-07,38.43,38.5,36.71,36.9
2014-07-08,35.6,36.74,34.77,36.44
2014-07-09,37.57,37.83,36.58,36.96
2014-07-10,36.2,37.69,36.08,37.45
2014-07-11,37.6,37.88,37.07,37.23
2014-07-14,37.58,37.75,37.3,37.38
2014-07-15,37.59,38.2,37.52,38.03
2014-07-16,38.33,38.41,37.725,37.87
2014-07-17,37.6,37.95,36.44,36.57
2014-07-18,36.95,37.67,36.86,37.18
2014-07-21,37.02,37.22,36.59,37.15
2014-07-22,37.44,37.89,37.37,37.68
2014-07-23,37.78,39.3,37.76,39.15
2014-07-24,39.49,39.75,37.94,38.07
2014-07-25,38.09,38.92,37.91,38.06
2014-07-28,38.37,38.53,37.82,38.19
2014-07-29,38.25,38.62,37.64,37.68
2014-07-30,37.82,38.13,37.5,37.84
2014-07-31,37.44,37.96,36.83,37.46
2014-08-01,37.38,37.75,36.9,37.58
2014-08-04,37.64,38.0,36.45,37.28
2014-08-05,37.01,37.22,35.87,36.23
2014-08-06,35.77,36.33,35.35,36.02
2014-08-07,36.36,36.715,35.22,35.61
2014-08-08,35.51,36.285,34.59,36.24
2014-08-11,37.0,37.25,36.33,36.69
2014-08-12,36.74,36.82,36.23,36.51
2014-08-13,36.69,37.5,36.57,37.27
2014-08-14,37.39,38.42,37.36,38.4
2014-08-15,38.52,38.63,37.81,38.53
2014-08-18,38.92,39.78,38.81,39.51
2014-08-19,39.73,39.9,39.3413,39.54
2014-08-20,39.62,40.62,39.6,40.52
2014-08-21,40.61,40.77,39.88,39.91
2014-08-22,39.95,40.6,39.91,40.41
2014-08-25,40.71,40.77,40.23,40.52
2014-08-26,40.55,40.7,39.88,39.9
2014-08-27,40.05,40.33,39.85,40.16
2014-08-28,39.91,40.13,39.55,39.89
2014-08-29,40.0,40.05,39.295,39.58
2014-09-02,39.8,40.97,39.75,40.93
2014-09-03,39.49,39.8,38.37,38.82
2014-09-04,39.22,39.5,38.82,39.29
2014-09-05,39.28,39.6101,38.721,39.22
2014-09-08,39.42,39.795,39.02,39.04
2014-09-09,38.83,39.43,38.29,38.82
2014-09-10,38.96,39.55,38.7016,39.55
2014-09-11,39.7,39.99,39.15,39.56
2014-09-12,39.43,39.96,39.3,39.69
2014-09-15,39.64,39.85,39.15,39.2
2014-09-16,39.14,39.6,38.6,39.52
2014-09-17,39.52,39.91,38.76,38.94
2014-09-18,39.11,39.55,38.9999,39.44
2014-09-19,39.62,39.68,38.64,38.64
2014-09-22,38.64,38.78,37.85,37.95
2014-09-23,37.72,38.19,37.07,37.7
2014-09-24,37.78,38.02,37.46,37.66
2014-09-25,37.41,37.49,36.44,36.66
2014-09-26,36.4,36.73,36.13,36.52
2014-09-29,36.04,36.355,35.74,36.0
2014-09-30,36.01,36.53,35.18,36.15
2014-10-01,35.35,35.389,34.29,34.9
2014-10-02,35.33,35.99,34.42,35.28
2014-10-03,35.97,37.14,35.96,36.95
2014-10-06,37.32,37.32,36.07,36.11
2014-10-07,35.65,35.82,35.03,35.27
2014-10-08,35.68,35.74,33.92,34.81
2014-10-09,35.51,35.94,33.61,33.71
2014-10-10,33.81,34.12,32.71,32.91
2014-10-13,33.3,33.31,30.12,30.9
2014-10-14,31.71,33.27,31.28,32.79
2014-10-15,31.08,33.5,30.43,32.38
2014-10-16,31.3,34.1156,31.25,33.32
2014-10-17,34.57,35.14,34.15,34.39
2014-10-20,35.51,36.13,35.012,36.04
2014-10-21,36.77,37.59,36.7,37.48
2014-10-22,37.66,37.86,37.25,37.3
2014-10-23,37.62,38.96,37.45,37.92
2014-10-24,37.99,39.495,37.96,39.44
2014-10-27,39.38,40.1,39.2,39.75
2014-10-28,40.07,40.15,39.47,39.84
2014-10-29,39.72,39.83,38.855,39.58
2014-10-30,39.64,39.82,38.83,39.14
2014-10-31,39.93,40.4,39.54,40.23
2014-11-03,40.28,40.745,40.23,40.61
2014-11-04,41.5,42.86,41.5,42.32
2014-11-05,42.78,42.78,41.48,41.87
2014-11-06,42.12,43.61,42.08,42.9
2014-11-07,42.95,43.0,42.42,42.69
2014-11-10,42.29,43.4,42.01,43.37
2014-11-11,43.57,44.28,43.51,43.84
2014-11-12,43.4,43.79,42.9,43.4
2014-11-13,43.58,44.41,43.46,44.08
2014-11-14,43.94,44.135,43.55,43.75
2014-11-17,43.66,44.19,43.38,43.43
2014-11-18,43.53,45.21,43.53,44.79
2014-11-19,44.33,44.949,43.86,44.45
2014-11-20,44.0,44.64,43.7,43.96
2014-11-21,44.17,44.29,42.91,43.09
2014-11-24,43.47,44.07,43.15,43.51
2014-11-25,43.57,44.33,43.31,44.08
2014-11-26,44.23,44.42,44.04,44.24
2014-11-28,46.39,47.19,46.08,46.67
2014-12-01,46.55,46.73,44.85,45.62
2014-12-02,44.93,46.2772,44.0501,44.67
2014-12-03,45.14,45.5,43.9,44.75
2014-12-04,46.07,46.94,45.55,46.42
2014-12-05,46.86,47.628,46.78,47.28
2014-12-08,47.06,47.67,46.71,47.34
2014-12-09,45.94,46.36,45.21,46.33
2014-12-10,46.89,47.34,46.07,46.22
2014-12-11,46.65,48.55,46.65,48.33
2014-12-12,49.62,49.62,47.65,47.68
2014-12-15,47.73,48.27,46.71,47.8
2014-12-16,47.9,48.0,45.34,45.38
2014-12-17,45.52,46.41,44.3,46.17
2014-12-18,46.4,46.95,45.68,46.77
2014-12-19,46.47,47.745,46.45,47.38
2014-12-22,47.78,48.68,47.3,47.41
2014-12-23,47.72,47.77,46.39,47.13
2014-12-24,47.47,48.16,47.27,48.05
2014-12-26,48.14,48.6,47.84,48.39
2014-12-29,48.01,48.87,47.43,48.78
2014-12-30,48.74,49.43,48.62,49.23
2014-12-31,49.58,50.159,49.1,49.19
2015-01-02,49.92,50.01,48.71,49.18
2015-01-05,49.46,49.48,47.81,48.36
2015-01-06,48.55,48.74,46.25,47.22
2015-01-07,47.48,47.59,46.51,46.97
2015-01-08,47.48,48.32,47.26,48.19
2015-01-09,48.33,48.5,46.79,46.88
2015-01-12,46.72,46.97,45.55,46.06
2015-01-13,46.68,47.75,45.955,46.61
2015-01-14,45.84,46.16,44.4701,45.31
2015-01-15,45.09,45.76,44.91,45.05
2015-01-16,45.0,45.895,44.61,45.84
2015-01-20,47.01,49.29,46.91,49.17
2015-01-21,48.77,49.6,48.2,49.18
2015-01-22,49.93,50.81,49.18,50.7
2015-01-23,50.35,51.06,50.06,50.56
2015-01-26,50.23,50.8253,49.95,50.15
2015-01-27,49.29,49.8999,48.91,49.18
2015-01-28,49.5,49.91,48.28,48.46
2015-01-29,48.67,50.35,48.2,50.21
2015-01-30,49.33,49.8,47.01,47.31
2015-02-02,47.1,47.16,44.81,46.51
2015-02-03,45.0,46.23,44.93,46.01
2015-02-04,46.55,47.45,46.43,46.96
2015-02-05,46.93,46.98,45.27,46.14
2015-02-06,45.97,46.68,45.29,45.51
2015-02-09,44.5,44.88,43.71,44.45
2015-02-10,45.13,45.74,44.74,45.32
2015-02-11,45.72,45.93,44.8,44.98
2015-02-12,44.35,44.9,43.73,44.81
2015-02-13,44.08,44.53,43.35,44.5
2015-02-17,44.78,45.32,44.62,44.76
2015-02-18,45.15,45.45,44.65,45.27
2015-02-19,46.86,47.39,45.835,45.92
2015-02-20,45.73,47.48,45.51,47.44
2015-02-23,47.97,48.27,46.86,47.19
2015-02-24,46.9,48.27,46.4,48.03
2015-02-25,47.93,48.01,46.6,46.84
2015-02-26,47.2,47.38,45.57,45.92
2015-02-27,45.8,45.87,44.5,44.52
2015-03-02,45.09,45.51,44.98,45.39
2015-03-03,44.58,45.81,44.27,45.78
2015-03-04,45.36,45.5,44.8,45.15
2015-03-05,45.47,45.47,44.05,44.39
2015-03-06,44.31,44.715,43.63,43.78
2015-03-09,43.87,44.72,43.8,44.57
2015-03-10,44.36,44.39,43.27,43.42
2015-03-11,43.46,44.39,43.44,44.02
2015-03-12,44.13,45.4,44.07,45.33
2015-03-13,45.45,46.37,45.33,45.5
2015-03-16,46.15,46.49,45.96,46.16
2015-03-17,46.5,46.95,46.2,46.65
2015-03-18,46.75,46.78,45.41,45.81
2015-03-19,46.36,47.35,46.35,47.26
2015-03-20,46.81,47.63,46.81,47.42
2015-03-23,47.42,47.59,46.56,46.58
2015-03-24,46.34,46.43,46.0201,46.03
2015-03-25,45.91,45.97,44.38,44.52
2015-03-26,43.14,44.35,42.6,44.09
2015-03-27,44.38,45.22,44.32,44.88
2015-03-30,45.34,45.9,45.34,45.56
2015-03-31,45.58,45.62,44.66,44.96
2015-04-01,43.67,43.99,42.92,43.26
2015-04-02,42.91,43.37,42.25,42.25
2015-04-06,41.41,41.91,41.02,41.76
2015-04-07,42.0,42.45,41.61,41.64
2015-04-08,41.94,43.3,41.91,43.29
2015-04-09,43.42,43.97,42.76,43.14
2015-04-10,43.12,43.53,43.04,43.23
2015-04-13,43.08,43.87,42.99,43.07
2015-04-14,43.06,43.19,42.45,43.08
2015-04-15,44.48,45.34,43.8,44.2
2015-04-16,44.2,45.4,44.16,44.99
2015-04-17,44.72,45.23,44.58,44.76
2015-04-20,45.14,45.82,44.76,45.73
2015-04-21,45.9,46.385,45.56,46.23
2015-04-22,46.35,46.62,45.67,46.53
2015-04-23,46.27,46.93,46.12,46.43
2015-04-24,46.77,47.38,46.68,46.98
2015-04-27,47.04,47.1,46.33,46.45
2015-04-28,46.29,46.45,45.16,46.2
2015-04-29,45.84,46.0,44.26,45.03
2015-04-30,44.76,45.72,44.36,44.64
2015-05-01,44.81,46.03,44.68,45.66
2015-05-04,45.91,46.5,45.12,45.29
2015-05-05,44.38,45.0,43.88,43.9
2015-05-06,43.54,44.26,42.835,44.06
2015-05-07,44.27,45.97,44.27,45.36
2015-05-08,45.6,46.43,45.6,46.17
2015-05-11,46.04,47.34,45.9,46.81
2015-05-12,46.32,46.4,45.95,46.1
2015-05-13,47.39,47.98,46.445,46.78
2015-05-14,47.34,47.78,46.87,47.4
2015-05-15,47.83,47.94,46.97,47.0
2015-05-18,46.99,47.585,46.87,47.37
2015-05-19,47.7,47.87,46.11,46.21
2015-05-20,45.86,45.93,43.16,43.62
2015-05-21,43.5,44.15,42.69,43.75
2015-05-22,43.98,44.0,43.13,43.18
2015-05-26,43.42,43.47,41.72,41.85
2015-05-27,42.03,43.12,42.03,42.53
2015-05-28,42.64,43.13,42.17,42.25
2015-05-29,42.19,43.189,41.89,42.92
2015-06-01,43.21,44.79,42.94,44.35
2015-06-02,42.99,43.62,42.87,43.21
2015-06-03,43.52,43.77,42.95,43.24
2015-06-04,43.4,44.11,42.44,42.92
2015-06-05,42.83,43.15,42.28,42.9
2015-06-08,42.37,42.62,40.65,40.75
2015-06-09,40.1,41.15,38.97,40.72
2015-06-10,40.62,41.56,40.34,41.06
2015-06-11,41.33,41.79,40.74,40.8
2015-06-12,40.74,41.5577,40.58,41.14
2015-06-15,40.92,41.2,40.53,40.7
2015-06-16,40.65,41.01,40.04,40.57
2015-06-17,40.42,41.08,40.2254,40.8
2015-06-18,40.67,41.425,40.46,41.35
2015-06-19,41.99,42.81,41.83,41.99
2015-06-22,42.72,43.08,42.36,42.93
2015-06-23,43.38,43.71,43.0,43.1
2015-06-24,42.97,43.13,42.5,42.66
2015-06-25,42.98,43.38,42.57,42.6
2015-06-26,42.78,42.9,42.06,42.35
2015-06-29,41.77,42.45,41.08,41.12
2015-06-30,41.68,41.83,41.03,41.08
2015-07-01,41.75,41.81,38.81,40.27
2015-07-02,40.23,41.03,39.75,40.0
2015-07-06,39.88,40.79,39.88,40.48
2015-07-07,40.67,41.3,39.96,41.18
2015-07-08,40.46,40.8799,40.01,40.17
2015-07-09,40.58,41.09,40.49,40.55
2015-07-10,41.45,42.72,41.31,42.46
2015-07-13,43.21,43.52,43.0,43.37
2015-07-14,42.95,43.96,42.61,43.66
2015-07-15,42.59,44.43,42.4,43.99
2015-07-16,44.5,44.87,44.19,44.47
2015-07-17,44.65,45.1,44.38,44.94
2015-07-20,45.1,45.1,43.96,44.09
2015-07-21,44.08,44.73,44.08,44.65
2015-07-22,44.51,45.42,44.46,45.22
2015-07-23,46.3,46.64,45.05,45.16
2015-07-24,45.61,45.64,43.76,44.1
2015-07-27,43.6,44.18,43.05,43.93
2015-07-28,43.93,44.95,43.9,44.91
2015-07-29,44.81,45.33,43.85,44.18
2015-07-30,44.16,44.37,43.64,44.03
2015-07-31,44.15,44.4,43.88,44.34
2015-08-03,44.68,45.845,44.57,45.73
2015-08-04,46.32,47.1,45.7814,46.35
2015-08-05,46.36,46.53,46.13,46.3
2015-08-06,46.48,46.79,45.76,46.04
2015-08-07,45.84,46.48,45.76,46.35
2015-08-10,46.73,47.19,46.21,46.32
2015-08-11,46.29,47.48,46.13,47.1
2015-08-12,46.8,46.81,44.77,46.6
2015-08-13,46.89,47.87,46.47,47.45
2015-08-14,47.36,47.96,47.28,47.63
2015-08-17,47.77,48.25,47.32,47.99
2015-08-18,48.08,48.3,46.92,47.36
2015-08-19,47.36,47.59,46.61,47.08
2015-08-20,46.55,47.08,45.67,45.71
2015-08-21,45.5,45.58,43.59,43.6
2015-08-24,39.5,44.16,34.61,42.15
2015-08-25,43.84,43.84,41.37,41.37
2015-08-26,42.61,43.88,41.49,43.7
2015-08-27,44.19,44.35,42.77,43.86
2015-08-28,43.94,44.3,43.407,43.94
2015-08-31,43.97,44.6,43.5399,43.78
2015-09-01,43.95,44.46,43.3,43.77
2015-09-02,44.65,46.0,44.35,45.99
2015-09-03,46.06,46.55,44.91,45.06
2015-09-04,44.55,45.99,44.311,45.4
2015-09-08,46.22,46.65,45.955,46.59
2015-09-09,46.94,47.19,45.9,46.01
2015-09-10,46.29,47.0,46.12,46.49
2015-09-11,46.5,47.05,46.27,46.92
2015-09-14,46.97,47.29,46.6,46.89
2015-09-15,47.0,47.12,46.31,46.89
2015-09-16,46.83,47.41,46.53,47.09
2015-09-17,47.31,48.18,46.88,47.49
2015-09-18,47.08,47.19,46.55,46.67
2015-09-21,46.77,47.67,46.69,47.25
2015-09-22,46.9,47.17,45.961,46.46
2015-09-23,46.5,46.88,45.93,46.59
2015-09-24,46.33,46.38,45.06,45.91
2015-09-25,46.52,46.84,45.59,46.04
2015-09-28,45.87,45.94,44.36,44.66
2015-09-29,44.51,44.93,43.57,44.04
2015-09-30,44.72,45.04,43.86,44.87
2015-10-01,44.71,45.5,44.14,45.41
2015-10-02,44.94,44.94,43.35,44.87
2015-10-05,45.22,47.04,45.04,46.96
2015-10-06,46.73,47.235,45.0,45.09
2015-10-07,45.2,46.0,44.47,45.99
2015-10-08,45.8,46.07,45.1732,45.96
2015-10-09,46.29,47.3325,46.16,47.21
2015-10-12,47.52,48.5,47.52,48.5
2015-10-13,48.1,49.11,47.72,47.73
2015-10-14,48.58,49.48,47.93,48.59
2015-10-15,48.95,49.32,48.36,48.93
2015-10-16,48.74,49.13,48.08,49.12
2015-10-19,49.21,50.58,49.13,50.27
2015-10-20,50.32,50.77,49.8,50.15
2015-10-21,49.8,50.585,49.34,49.44
2015-10-22,50.14,50.94,49.35,50.81
2015-10-23,51.23,51.66,50.5,51.0
2015-10-26,50.89,51.465,50.32,51.32
2015-10-27,51.0,51.48,50.39,50.87
2015-10-28,51.13,51.13,49.535,50.14
2015-10-29,50.04,50.65,49.61,50.5
2015-10-30,50.5,51.4499,50.29,50.84
2015-11-02,50.9,51.27,50.665,50.7
2015-11-03,51.65,52.0,50.85,51.0
2015-11-04,51.26,51.26,50.47,50.66
2015-11-05,50.83,51.15,50.32,50.54
2015-11-06,50.53,51.48,50.45,51.2
2015-11-09,50.93,50.95,50.23,50.63
2015-11-10,50.6,51.0,49.55,50.3
2015-11-11,50.49,50.73,49.96,49.98
2015-11-12,49.99,50.43,49.9,49.98
2015-11-13,49.82,50.08,48.75,48.99
2015-11-16,47.86,48.15,47.01,47.93
2015-11-17,48.06,49.06,47.72,47.77
2015-11-18,47.83,47.99,46.65,47.75
2015-11-19,48.2,48.76,48.016,48.51
2015-11-20,48.47,48.87,48.43,48.76
2015-11-23,49.0,49.19,48.4,48.74
2015-11-24,47.36,48.0,46.67,47.24
2015-11-25,47.45,47.62,46.37,46.87
2015-11-27,46.99,47.5,46.78,47.14
2015-11-30,47.21,47.44,46.44,46.46
2015-12-01,46.81,47.7,46.58,47.67
2015-12-02,49.17,49.33,48.18,48.33
2015-12-03,48.42,48.99,47.85,48.22
2015-12-04,49.0,49.8,48.665,49.78
2015-12-07,50.27,51.82,50.19,51.78
2015-12-08,51.33,51.82,49.89,50.27
2015-12-09,50.02,50.74,49.14,49.51
2015-12-10,49.71,51.915,49.54,51.28
2015-12-11,50.37,50.65,49.219,49.28
2015-12-14,49.52,50.41,48.76,50.18
2015-12-15,50.67,51.41,50.07,51.15
2015-12-16,51.4,52.285,50.85,52.12
2015-12-17,51.98,52.77,51.02,51.03
2015-12-18,51.04,51.95,49.96,49.96
2015-12-21,50.46,51.5,50.42,51.46
2015-12-22,51.65,51.95,51.16,51.75
2015-12-23,51.74,51.87,50.91,51.74
2015-12-24,51.71,52.65,51.69,52.26
2015-12-28,52.41,52.72,51.32,51.95
2015-12-29,51.93,52.4146,51.8875,52.17
2015-12-30,52.23,52.3,51.065,51.17
2015-12-31,51.0,51.08,50.35,50.69
2016-01-04,49.42,49.42,48.3,48.66
2016-01-05,49.31,49.75,47.04,48.57
2016-01-06,47.79,49.3,47.63,48.93
2016-01-07,48.39,48.68,46.74,47.0
2016-01-08,47.48,48.95,46.49,46.61
2016-01-11,46.99,47.29,45.57,46.74
2016-01-12,47.07,47.475,45.82,46.96
2016-01-13,47.5,47.5,44.54,44.94
2016-01-14,45.03,45.75,44.02,45.34
2016-01-15,43.88,45.36,43.45,44.5
2016-01-19,45.8,46.75,45.19,45.96
2016-01-20,46.09,46.76,42.54,45.69
2016-01-21,46.65,47.12,45.37,46.52
2016-01-22,47.09,47.49,46.528,46.76
2016-01-25,47.59,47.62,45.85,45.94
2016-01-26,46.49,46.9,45.63,46.11
2016-01-27,46.36,46.995,44.62,44.72
2016-01-28,44.84,45.0,42.52,43.2
2016-01-29,43.14,44.34,42.42,44.29
2016-02-01,44.73,45.58,44.01,45.21
2016-02-02,45.19,45.52,43.32,43.61
2016-02-03,43.97,44.15,42.1075,43.8
2016-02-04,43.78,44.37,43.36,44.04
2016-02-05,44.14,44.55,41.67,42.01
2016-02-08,41.31,41.6,40.05,40.77
2016-02-09,40.35,42.485,40.03,41.98
2016-02-10,42.63,43.7767,42.47,43.27
2016-02-11,42.62,43.52,42.14,42.7
2016-02-12,43.0,43.1399,42.14,42.99
2016-02-16,43.49,44.67,43.09,44.58
2016-02-17,44.98,46.27,44.95,46.1
2016-02-18,46.4,46.68,45.98,46.46
2016-02-19,46.46,47.145,46.24,46.72
2016-02-22,47.2,48.91,47.0,48.82
2016-02-23,48.47,49.45,48.45,48.95
2016-02-24,48.45,49.05,47.79,48.94
2016-02-25,49.08,49.45,48.67,49.2
2016-02-26,49.35,49.45,47.7,47.86
2016-02-29,47.75,48.7999,47.4,48.24
2016-03-01,48.73,49.25,48.42,48.9
2016-03-02,48.1,48.58,47.61,48.55
2016-03-03,48.59,49.005,48.35,48.79
2016-03-04,49.06,49.1,48.47,48.67
2016-03-07,48.24,48.48,47.85,48.39
2016-03-08,46.71,47.095,46.01,46.22
2016-03-09,46.31,46.94,46.22,46.74
2016-03-10,47.0,47.49,46.28,47.0
2016-03-11,47.47,48.07,47.282,47.69
2016-03-14,47.5,48.24,47.32,47.89
2016-03-15,47.82,47.94,47.43,47.76
2016-03-16,47.47,48.8,47.37,48.77
2016-03-17,48.58,48.78,48.0558,48.62
2016-03-18,48.67,50.3,48.58,50.05
2016-03-21,50.04,50.5,49.94,50.12
2016-03-22,48.71,49.735,48.2,49.39
2016-03-23,49.59,49.73,48.6,48.91
2016-03-24,48.48,48.56,47.36,47.84
2016-03-28,47.9,48.51,47.77,48.2
2016-03-29,48.1,49.18,48.03,49.13
2016-03-30,49.54,50.075,49.29,49.33
2016-03-31,49.37,49.74,48.66,48.68
2016-04-01,47.5,47.57,46.74,47.01
2016-04-04,47.11,48.32,46.76,47.15
2016-04-05,46.97,47.81,46.72,47.16
2016-04-06,47.22,47.32,46.85,47.2
2016-04-07,47.0,47.19,45.41,45.8
2016-04-08,46.1,46.62,45.66,46.29
2016-04-11,46.87,47.8,46.5,46.55
2016-04-12,46.83,47.26,46.5201,46.63
2016-04-13,47.15,48.13,46.86,48.04
2016-04-14,48.95,49.8,48.274,48.49
2016-04-15,48.74,48.81,47.15,47.5
2016-04-18,47.65,47.65,46.21,46.55
2016-04-19,46.69,47.42,46.6,46.87
2016-04-20,46.9,47.53,46.58,46.6
2016-04-21,46.28,46.3099,44.74,44.97
2016-04-22,43.43,44.67,43.16,44.62
2016-04-25,44.52,44.88,43.79,43.93
2016-04-26,44.15,44.52,43.06,43.59
2016-04-27,43.75,44.24,43.28,43.69
2016-04-28,43.44,43.8,42.755,42.86
2016-04-29,42.55,42.71,41.22,41.67
2016-05-02,42.11,42.49,41.8,42.17
2016-05-03,42.92,43.2,41.83,42.92
2016-05-04,42.37,42.56,41.17,41.43
2016-05-05,41.59,42.27,41.45,41.75
2016-05-06,41.61,42.26,40.95,42.04
2016-05-09,42.11,42.84,41.99,42.4
2016-05-10,42.49,43.04,42.41,42.95
2016-05-11,42.69,43.31,42.29,42.3
2016-05-12,42.44,42.47,40.64,41.07
2016-05-13,40.75,42.18,40.75,41.6
2016-05-16,42.55,43.16,42.05,43.0
2016-05-17,42.79,44.4,42.75,43.67
2016-05-18,43.45,44.66,43.45,43.86
2016-05-19,43.27,43.88,42.55,43.1
2016-05-20,43.42,43.82,42.97,43.1
2016-05-23,43.0,43.6,42.91,42.95
2016-05-24,43.1,43.77,43.05,43.63
2016-05-25,43.68,44.11,43.38,43.5
2016-05-26,43.47,43.6,42.4,42.76
2016-05-27,42.83,43.44,42.81,43.12
2016-05-31,43.25,43.51,42.65,43.46
2016-06-01,43.35,43.71,43.07,43.51
2016-06-02,42.77,43.46,42.4,42.45
2016-06-03,42.22,42.4,41.25,41.57
2016-06-06,41.54,41.6,41.0,41.28
2016-06-07,41.35,42.81,41.0,42.1
2016-06-08,42.2,42.45,41.095,41.85
2016-06-09,41.75,42.58,41.52,42.4
2016-06-10,42.06,42.29,41.41,42.04
2016-06-13,41.59,41.7,40.53,40.57
2016-06-14,40.41,40.56,38.64,39.11
2016-06-15,39.37,39.78,38.83,38.89
2016-06-16,38.37,38.57,37.84,38.02
2016-06-17,37.94,38.24,37.68,38.01
2016-06-20,38.43,38.73,38.0,38.09
2016-06-21,38.67,39.0,38.05,38.67
2016-06-22,38.57,39.16,38.5,38.55
2016-06-23,39.0,39.07,37.73,38.31
2016-06-24,36.09,37.08,35.17,35.18
2016-06-27,34.84,34.94,32.6,33.36
2016-06-28,34.27,34.67,33.6,34.67
2016-06-29,35.4,36.375,34.91,36.24
2016-06-30,36.26,36.43,35.73,36.43
2016-07-01,36.41,37.0,36.31,36.77
2016-07-05,36.0,36.2365,34.78,35.62
2016-07-06,34.96,35.61,34.075,35.58
2016-07-07,35.54,36.48,35.5,36.37
2016-07-08,36.9,37.75,36.86,37.37
2016-07-11,37.67,38.445,37.6,38.12
2016-07-12,39.2,40.41,39.13,40.21
2016-07-13,40.5,40.6,39.4202,39.56
2016-07-14,40.33,41.35,40.155,40.98
2016-07-15,40.46,40.54,39.71,39.98
2016-07-18,40.17,40.52,40.06,40.1
2016-07-19,39.88,40.58,39.5,40.53
2016-07-20,40.69,41.22,39.94,40.21
2016-07-21,39.11,39.2576,38.27,38.52
2016-07-22,39.07,39.19,38.43,38.96
2016-07-25,39.17,39.26,38.55,38.96
2016-07-26,38.97,39.33,38.61,39.03
2016-07-27,38.88,38.92,38.5,38.54
2016-07-28,38.5,39.54,38.251,39.36
2016-07-29,39.37,39.9,38.741,38.75
2016-08-01,38.92,39.51,38.775,39.48
2016-08-02,38.82,38.85,36.29,36.39
2016-08-03,36.38,36.87,36.171,36.48
2016-08-04,36.52,36.68,36.0199,36.54
2016-08-05,36.98,37.73,36.86,37.67
2016-08-08,37.46,38.24,37.36,37.44
2016-08-09,37.75,38.06,37.14,37.15
2016-08-10,37.0,37.115,36.24,36.48
2016-08-11,36.58,37.05,36.28,36.7
2016-08-12,36.68,36.74,36.26,36.35
2016-08-15,36.35,37.05,35.84,36.92
2016-08-16,36.81,37.31,36.79,36.94
2016-08-17,37.03,37.53,36.71,37.51
2016-08-18,37.37,37.43,36.85,37.07
2016-08-19,36.81,36.98,36.37,36.77
2016-08-22,36.53,36.74,36.07,36.61
2016-08-23,36.78,37.13,36.62,36.69
2016-08-24,36.63,37.05,36.4674,36.77
2016-08-25,36.64,36.81,36.44,36.47
2016-08-26,36.51,36.64,35.9,36.09
2016-08-29,36.27,36.6,36.26,36.55
2016-08-30,36.51,37.6,36.38,37.16
2016-08-31,37.32,37.32,36.02,36.75
2016-09-01,37.0,37.15,36.32,36.82
2016-09-02,36.67,37.49,36.67,37.17
2016-09-06,37.23,37.29,36.65,36.82
2016-09-07,37.45,39.18,37.41,38.9
2016-09-08,38.86,39.3,38.6,39.29
2016-09-09,39.09,39.39,37.75,37.75
2016-09-12,37.24,38.59,36.875,38.44
2016-09-13,38.2,38.51,37.385,37.53
2016-09-14,37.43,37.89,36.93,37.12
2016-09-15,37.09,37.62,36.82,37.29
2016-09-16,37.02,37.16,36.59,36.77
2016-09-19,36.91,37.74,36.85,37.57
2016-09-20,37.6,38.11,37.41,37.63
2016-09-21,37.79,38.3,37.48,38.05
2016-09-22,38.16,38.96,38.15,38.5
2016-09-23,38.18,38.93,38.18,38.78
2016-09-26,38.52,38.75,37.91,38.04
2016-09-27,38.0,39.25,37.98,39.21
2016-09-28,39.3,40.23,39.11,39.23
2016-09-29,39.06,39.68,39.02,39.03
2016-09-30,39.15,39.6,38.93,39.36
2016-10-03,39.25,40.045,39.21,39.98
2016-10-04,41.25,41.38,40.1,40.15
2016-10-05,40.16,40.475,40.05,40.32
2016-10-06,40.26,40.38,39.75,39.94
2016-10-07,39.87,39.93,38.8,38.95
2016-10-10,39.21,39.95,39.19,39.77
2016-10-11,40.25,40.26,38.79,38.94
2016-10-12,39.01,39.5,38.56,39.27
2016-10-13,38.53,40.88,37.91,40.01
2016-10-14,40.45,40.75,39.82,40.04
2016-10-17,39.74,40.49,39.26,39.35
2016-10-18,39.39,40.27,39.05,39.46
2016-10-19,39.55,40.92,39.19,40.9
2016-10-20,40.82,41.54,40.73,41.46
2016-10-21,41.08,41.305,40.66,41.17
2016-10-24,41.39,41.75,41.15,41.37
2016-10-25,41.2,41.89,40.95,41.21
2016-10-26,40.15,42.41,40.05,41.4
2016-10-27,41.62,42.25,40.92,41.47
2016-10-28,41.39,41.88,41.0,41.34
2016-10-31,41.72,41.82,41.125,41.77
2016-11-01,41.84,42.48,41.55,41.88
2016-11-02,41.84,42.37,41.72,41.93
2016-11-03,42.06,42.57,41.77,41.92
2016-11-04,41.805,43.24,41.75,42.88
2016-11-07,43.4,44.6125,43.03,44.21
2016-11-08,43.63,44.635,43.13,44.53
2016-11-09,43.7,45.49,43.57,45.25
2016-11-10,45.42,46.13,44.97,45.95
2016-11-11,45.75,46.95,45.265,46.38
2016-11-14,46.62,47.48,46.6056,47.47
2016-11-15,49.02,49.24,47.0,47.65
2016-11-16,47.59,47.74,47.16,47.38
2016-11-17,47.41,48.53,47.21,48.51
2016-11-18,48.8,48.98,48.25,48.9
2016-11-21,48.98,49.17,48.51,48.61
2016-11-22,48.84,49.3,48.75,48.9
2016-11-23,48.785,49.285,48.63,49.21
2016-11-25,49.17,49.41,48.89,49.24
2016-11-28,49.08,49.35,48.48,48.49
2016-11-29,48.53,49.05,48.23,48.59
2016-11-30,47.55,48.75,46.85,48.18
2016-12-01,47.96,48.94,47.6,47.77
2016-12-02,48.32,48.94,47.89,48.31
2016-12-05,48.51,48.81,47.585,47.82
2016-12-06,48.21,49.49,48.11,49.43
2016-12-07,49.44,51.33,49.1807,51.1
2016-12-08,51.1,51.92,50.54,51.35
2016-12-09,52.0,52.76,51.26,51.78
2016-12-12,51.03,51.34,49.925,49.97
2016-12-13,50.02,50.7,49.62,49.66
2016-12-14,49.86,50.58,49.58,49.82
2016-12-15,50.48,51.7358,50.43,50.5
2016-12-16,51.02,51.5,50.09,50.16
2016-12-19,50.22,50.74,50.19,50.42
2016-12-20,50.43,51.15,50.42,50.76
2016-12-21,50.68,51.15,50.45,50.92
2016-12-22,50.77,50.85,49.66,49.8
2016-12-23,49.94,50.14,49.775,49.89
2016-12-27,49.95,50.61,49.93,50.36
2016-12-28,50.35,50.46,49.45,49.51
2016-12-29,49.54,49.85,49.21,49.31
2016-12-30,49.34,49.56,48.87,49.19
2017-01-03,49.37,50.14,49.17,49.48
2017-01-04,50.09,50.93,49.99,50.7
2017-01-05,50.41,50.685,49.5,49.73
2017-01-06,49.79,50.3,49.22,49.68
2017-01-09,49.46,50.17,49.42,49.69
2017-01-10,49.93,51.35,49.86,50.93
2017-01-11,51.46,51.7399,50.65,51.44
2017-01-12,51.3,52.0,49.67,50.89
2017-01-13,50.79,51.64,50.78,51.23
2017-01-17,50.99,51.22,50.19,50.33
2017-01-18,50.14,50.8,49.785,50.3
2017-01-19,50.28,50.5,49.62,49.7
2017-01-20,49.77,50.54,49.71,50.5
2017-01-23,50.28,50.43,48.77,48.77
2017-01-24,48.91,49.76,48.82,49.44
2017-01-25,49.99,50.429,49.81,50.19
2017-01-26,50.69,51.54,50.56,50.9
2017-01-27,51.0,51.12,49.57,49.7
2017-01-30,48.95,48.95,47.54,47.67
2017-01-31,47.79,47.83,46.57,47.24
2017-02-01,47.48,47.77,47.04,47.26
2017-02-02,46.59,47.66,46.48,47.38
2017-02-03,47.52,48.0,47.41,47.81
2017-02-06,48.185,48.68,47.93,48.26
2017-02-07,48.44,48.935,48.08,48.15
2017-02-08,48.26,48.3,47.7338,48.1
2017-02-09,48.26,49.55,48.13,49.33
2017-02-10,49.55,49.5674,49.02,49.26
2017-02-13,49.37,50.42,49.28,50.06
2017-02-14,49.82,49.985,49.095,49.86
2017-02-15,50.95,51.96,50.53,51.17
2017-02-16,51.16,51.17,50.585,50.83
2017-02-17,50.59,51.23,50.19,51.23
2017-02-21,51.3,51.53,50.97,51.21
2017-02-22,51.0,51.14,50.48,50.93
2017-02-23,51.12,51.49,50.19,50.48
2017-02-24,50.38,50.52,49.88,50.46
2017-02-27,50.33,50.46,49.83,50.44
2017-02-28,50.5,50.6,49.86,49.93
2017-03-01,50.41,51.865,50.35,51.03
2017-03-02,50.0,50.69,49.81,49.96
2017-03-03,50.01,50.64,49.72,50.13
2017-03-06,49.5,49.85,48.21,48.85
2017-03-07,48.52,48.67,47.565,47.64
2017-03-08,47.68,47.97,47.52,47.67
2017-03-09,47.69,48.35,46.96,47.25
2017-03-10,47.31,47.98,47.21,47.91
2017-03-13,47.9,48.22,47.17,47.35
2017-03-14,47.02,47.07,46.12,46.28
2017-03-15,45.93,47.49,45.23,47.19
2017-03-16,47.62,47.7,47.02,47.41
2017-03-17,47.6237,47.65,46.51,46.51
2017-03-20,47.23,47.23,46.55,46.85
2017-03-21,47.07,47.18,45.43,45.52
2017-03-22,45.25,45.84,44.47,45.74
2017-03-23,45.87,46.22,45.47,45.92
2017-03-24,46.1,46.31,45.6,46.0
2017-03-27,45.37,46.26,45.08,46.1
2017-03-28,46.1,46.7953,45.76,46.53
2017-03-29,46.42,46.65,45.73,45.95
2017-03-30,46.02,46.48,45.91,46.27
2017-03-31,46.12,46.29,45.89,45.96
2017-04-03,46.0,46.34,45.57,46.32
2017-04-04,45.84,46.05,45.0,45.11
2017-04-05,45.43,46.1,45.035,45.08
2017-04-06,45.12,45.66,44.87,45.26
2017-04-07,45.22,45.405,44.75,45.17
2017-04-10,45.07,45.23,44.6,44.97
2017-04-11,45.0,45.32,44.485,45.29
2017-04-12,46.97,47.17,45.0,45.05
2017-04-13,44.89,45.0,43.81,44.03
2017-04-17,44.13,44.45,44.0,44.35
2017-04-18,44.2,44.78,43.97,44.41
2017-04-19,44.81,45.6,44.7,45.08
2017-04-20,45.41,46.17,45.25,45.93
2017-04-21,45.85,46.04,45.3,45.53
2017-04-24,46.5,46.93,46.07,46.81
2017-04-25,47.14,47.55,46.7,46.73
2017-04-26,46.73,47.055,46.34,46.37
2017-04-27,45.68,45.86,44.8601,45.74
2017-04-28,45.9,46.04,45.29,45.44
2017-05-01,45.59,46.0,45.4,45.4
2017-05-02,45.67,47.93,45.51,47.83
2017-05-03,47.66,48.49,47.54,48.31
2017-05-04,48.46,48.8,48.2,48.64
2017-05-05,48.63,49.03,48.25,48.7
2017-05-08,48.73,49.09,48.4,48.52
2017-05-09,49.0,49.94,48.88,49.56
2017-05-10,49.35,49.99,49.2,49.97
2017-05-11,50.01,50.18,48.91,49.69
2017-05-12,49.49,49.57,48.9,48.99
2017-05-15,49.12,49.71,49.0,49.51
2017-05-16,49.62,49.64,48.78,49.51
2017-05-17,48.83,48.98,47.67,47.74
2017-05-18,47.64,48.29,47.55,47.66
2017-05-19,47.85,48.64,47.81,48.2
2017-05-22,48.37,48.72,48.34,48.49
2017-05-23,48.56,48.825,48.31,48.59
