Date,Open,High,Low,Close
2006-01-03,23.7,24.05,23.39,23.975
2006-01-04,23.95,24.195,23.73,23.75
2006-01-05,23.25,23.405,22.75,23.175
2006-01-06,23.3,23.775,22.995,23.065
2006-01-09,23.15,23.59,23.15,23.4
2006-01-10,23.35,23.4,23.125,23.21
2006-01-11,23.185,23.185,22.84,22.975
2006-01-12,22.965,24.075,22.935,23.54
2006-01-13,23.55,24.48,23.55,24.37
2006-01-17,24.405,24.73,24.35,24.675
2006-01-18,24.6,24.65,24.45,24.605
2006-01-19,24.655,24.685,24.255,24.325
2006-01-20,24.33,24.495,24.05,24.13
2006-01-23,24.18,24.34,23.905,24.2
2006-01-24,24.25,24.675,24.195,24.445
2006-01-25,24.55,24.63,24.025,24.625
2006-01-26,24.555,24.555,23.91,24.34
2006-01-27,24.34,24.475,24.16,24.305
2006-01-30,24.305,24.515,24.1101,24.46
2006-01-31,24.45,24.475,24.135,24.135
2006-02-01,24.1235,24.325,23.995,24.0
2006-02-02,23.989,24.035,23.395,23.6
2006-02-03,23.615,23.65,23.33,23.65
2006-02-06,23.765,24.065,23.75,24.015
2006-02-07,24.035,24.15,23.62,23.625
2006-02-08,23.725,23.785,23.095,23.2
2006-02-09,23.16,23.45,23.05,23.2
2006-02-10,23.23,23.5,22.945,23.08
2006-02-13,23.0,23.115,22.485,23.11
2006-02-14,23.0,23.0,22.16,22.23
2006-02-15,22.1,22.62,22.01,22.21
2006-02-16,22.221,22.765,22.05,22.685
2006-02-17,22.85,23.1,22.735,22.945
2006-02-21,23.195,23.25,22.755,22.85
2006-02-22,22.895,23.085,22.675,22.87
2006-02-23,22.625,22.71,22.245,22.25
2006-02-24,22.08,22.51,22.025,22.1
2006-02-27,21.985,22.3,21.735,21.79
2006-02-28,21.815,21.89,21.06,21.625
2006-03-01,21.625,22.125,21.61,22.0
2006-03-02,22.05,22.245,21.945,22.21
2006-03-03,22.21,22.32,21.88,22.045
2006-03-06,22.0,22.0,21.155,21.265
2006-03-07,21.9,22.025,21.36,21.45
2006-03-08,21.47,21.75,20.895,21.715
2006-03-09,21.755,21.845,21.47,21.65
2006-03-10,21.55,21.705,21.265,21.59
2006-03-13,22.2,22.335,22.045,22.205
2006-03-14,22.205,22.55,22.205,22.44
2006-03-15,22.6,22.79,22.355,22.78
2006-03-16,22.83,22.895,22.675,22.82
2006-03-17,22.97,23.185,22.83,23.11
2006-03-20,23.25,23.45,22.505,22.685
2006-03-21,22.53,22.635,22.135,22.325
2006-03-22,22.285,22.65,21.875,22.56
2006-03-23,22.495,22.625,22.225,22.585
2006-03-24,22.55,22.775,22.545,22.705
2006-03-27,22.65,22.745,22.53,22.605
2006-03-28,22.645,22.77,22.41,22.645
2006-03-29,22.57,22.655,22.465,22.57
2006-03-30,22.55,22.695,22.45,22.55
2006-03-31,22.555,22.645,22.315,22.61
2006-04-03,22.675,23.205,22.57,23.025
2006-04-04,22.87,23.25,22.675,23.14
2006-04-05,23.245,23.75,23.24,23.715
2006-04-06,23.955,24.085,23.795,24.06
2006-04-07,24.06,24.095,23.885,23.91
2006-04-10,23.975,24.075,23.865,23.9
2006-04-11,23.9,24.1,23.535,23.65
2006-04-12,23.67,23.805,23.585,23.61
2006-04-13,23.6,23.64,23.38,23.56
2006-04-17,23.7,23.8299,23.49,23.6
2006-04-18,23.75,24.06,23.66,23.945
2006-04-19,24.05,24.125,23.91,24.035
2006-04-20,24.075,24.315,24.065,24.175
2006-04-21,24.23,24.315,23.845,23.97
2006-04-24,23.97,24.075,23.82,23.825
2006-04-25,23.825,23.845,23.515,23.73
2006-04-26,23.735,23.85,23.66,23.79
2006-04-27,23.79,23.94,23.69,23.85
2006-04-28,23.845,23.91,23.735,23.795
2006-05-01,23.75,23.9,23.515,23.58
2006-05-02,23.605,23.94,23.53,23.92
2006-05-03,23.81,24.075,23.81,24.02
2006-05-04,23.95,24.11,23.75,23.85
2006-05-05,23.875,24.42,23.855,24.345
2006-05-08,24.4,24.45,23.94,24.125
2006-05-09,24.0,24.25,23.795,24.105
2006-05-10,23.95,24.09,23.715,24.085
2006-05-11,23.975,24.05,23.65,23.89
2006-05-12,23.805,23.855,23.285,23.33
2006-05-15,23.255,23.26,22.6,22.885
2006-05-16,22.87,22.96,22.64,22.64
2006-05-17,22.45,22.56,22.15,22.225
2006-05-18,22.19,22.34,21.725,21.75
2006-05-19,21.75,21.84,21.22,21.605
2006-05-22,21.53,21.62,21.265,21.505
2006-05-23,21.72,22.06,21.645,21.745
2006-05-24,21.5,21.775,21.415,21.56
2006-05-25,21.65,21.85,21.61,21.7
2006-05-26,21.825,21.935,21.7,21.85
2006-05-30,21.85,21.93,21.415,21.505
2006-05-31,25.65,25.69,24.75,24.875
2006-06-01,25.0,26.305,25.0,25.15
2006-06-02,25.15,25.975,24.765,25.935
2006-06-05,25.5,26.07,25.35,25.47
2006-06-06,25.47,25.5,24.925,25.195
2006-06-07,25.15,25.875,25.04,25.225
2006-06-08,25.225,25.47,24.855,25.325
2006-06-09,25.365,25.8,25.3,25.425
2006-06-12,24.725,24.725,22.985,23.46
2006-06-13,23.45,23.555,22.45,22.75
2006-06-14,22.63,23.51,22.54,23.325
2006-06-15,23.445,24.285,23.365,24.125
2006-06-16,24.13,24.395,23.87,24.225
2006-06-19,24.225,24.295,23.64,23.94
2006-06-20,23.94,23.995,23.315,23.565
2006-06-21,23.425,23.935,23.17,23.925
2006-06-22,23.9,23.92,23.375,23.425
2006-06-23,23.43,23.71,23.095,23.58
2006-06-26,23.58,23.64,23.1,23.49
2006-06-27,23.425,23.685,23.0,23.255
2006-06-28,23.37,23.4,23.0,23.15
2006-06-29,23.225,23.535,22.945,23.47
2006-06-30,23.55,24.095,23.525,24.09
2006-07-03,24.275,24.275,23.8,23.84
2006-07-05,23.75,23.75,23.375,23.545
2006-07-06,23.535,23.655,23.33,23.475
2006-07-07,23.465,24.05,23.465,23.715
2006-07-10,23.77,24.07,23.77,23.95
2006-07-11,23.955,24.075,23.74,23.98
2006-07-12,23.96,24.19,23.87,23.935
2006-07-13,23.885,23.94,23.375,23.58
2006-07-14,23.55,23.685,23.175,23.58
2006-07-17,23.525,23.75,23.31,23.5
2006-07-18,23.53,23.82,23.21,23.5
2006-07-19,23.5,23.88,23.445,23.675
2006-07-20,23.765,24.09,23.695,24.07
2006-07-21,24.16,24.31,23.675,23.755
2006-07-24,23.84,24.105,23.83,24.0
2006-07-25,24.0,24.575,23.935,24.43
2006-07-26,24.43,24.735,24.375,24.475
2006-07-27,24.5,24.655,24.15,24.43
2006-07-28,24.55,25.075,24.5,24.91
2006-07-31,25.0,25.095,24.2,24.625
2006-08-01,24.5,25.25,24.165,24.295
2006-08-02,24.325,24.79,24.25,24.425
2006-08-03,24.385,24.39,23.665,23.755
2006-08-04,23.975,24.1,23.445,23.5
2006-08-07,23.425,23.505,23.175,23.36
2006-08-08,23.385,23.85,23.2,23.815
2006-08-09,23.975,24.59,23.92,24.38
2006-08-10,23.875,24.2,23.875,24.18
2006-08-11,24.155,24.24,23.945,24.055
2006-08-14,24.055,24.245,23.87,24.07
2006-08-15,24.125,24.275,24.005,24.2
2006-08-16,24.3,24.55,24.11,24.42
2006-08-17,24.425,24.585,23.945,24.15
2006-08-18,24.035,24.43,23.97,24.37
2006-08-21,24.37,24.58,24.125,24.4
2006-08-22,24.3,24.94,24.3,24.895
2006-08-23,24.6,25.18,24.5,25.08
2006-08-24,25.0,25.055,24.675,24.935
2006-08-25,24.935,25.35,24.9,25.175
2006-08-28,25.125,25.19,24.715,24.945
2006-08-29,25.15,25.265,24.88,25.205
2006-08-30,25.3,25.37,25.175,25.335
2006-08-31,25.38,25.575,25.22,25.32
2006-09-01,25.32,25.41,25.025,25.215
2006-09-05,25.375,25.405,24.9,25.0
2006-09-06,25.0,25.0676,24.775,24.885
2006-09-07,24.85,25.12,24.75,25.05
2006-09-08,25.065,25.295,25.065,25.23
2006-09-11,25.23,25.23,24.45,24.51
2006-09-12,24.6,24.655,23.975,24.2
2006-09-13,24.2,24.3,23.89,23.95
2006-09-14,24.025,24.14,23.555,23.77
2006-09-15,23.75,23.86,23.565,23.65
2006-09-18,23.735,24.415,23.725,24.04
2006-09-19,24.2,24.296,23.915,24.04
2006-09-20,24.03,24.03,23.605,23.66
2006-09-21,23.8,23.935,23.6,23.665
2006-09-22,23.605,23.66,23.465,23.615
2006-09-25,23.6,23.605,22.7,23.36
2006-09-26,23.15,23.175,22.125,22.46
2006-09-27,22.275,22.92,22.275,22.75
2006-09-28,22.725,22.785,22.435,22.66
2006-09-29,22.61,22.76,22.5,22.65
2006-10-02,22.61,23.13,22.575,22.835
2006-10-03,22.72,22.805,22.51,22.61
2006-10-04,22.6,22.695,22.135,22.56
2006-10-05,22.535,22.7,22.3,22.405
2006-10-06,22.355,22.795,22.22,22.58
2006-10-09,22.555,23.0,22.53,22.765
2006-10-10,22.805,23.335,22.805,23.15
2006-10-11,23.025,23.39,22.9701,23.3
2006-10-12,23.35,23.61,23.07,23.54
2006-10-13,23.575,23.81,23.555,23.635
2006-10-16,23.65,23.915,23.495,23.895
2006-10-17,23.85,24.09,23.395,23.45
2006-10-18,23.575,23.685,23.305,23.415
2006-10-19,23.415,23.895,23.38,23.875
2006-10-20,23.9,24.055,23.835,23.87
2006-10-23,23.875,24.185,23.8,24.14
2006-10-24,24.14,24.605,24.08,24.525
2006-10-25,24.525,24.875,24.45,24.55
2006-10-26,24.48,24.58,24.115,24.55
2006-10-27,24.475,24.505,24.21,24.225
2006-10-30,24.25,24.35,24.055,24.085
2006-10-31,24.065,24.19,23.9,24.075
2006-11-01,24.05,24.45,23.965,24.185
2006-11-02,24.15,24.315,24.005,24.155
2006-11-03,25.0,26.85,25.0,26.565
2006-11-06,26.375,26.645,26.1551,26.54
2006-11-07,26.7,27.025,26.49,26.945
2006-11-08,26.95,27.515,26.875,27.25
2006-11-09,27.21,27.6,27.17,27.455
2006-11-10,27.125,27.38,27.125,27.2
2006-11-13,27.175,27.37,27.075,27.22
2006-11-14,27.3,27.45,27.225,27.415
2006-11-15,27.3,27.43,26.935,27.15
2006-11-16,27.2,27.37,26.91,26.945
2006-11-17,26.95,27.17,26.815,26.895
2006-11-20,26.87,27.3,26.86,27.255
2006-11-21,27.49,27.625,27.305,27.5
2006-11-22,27.74,28.065,27.6,27.935
2006-11-24,27.99,28.06,27.705,27.85
2006-11-27,27.75,27.865,27.575,27.675
2006-11-28,27.7,28.4,27.7,28.34
2006-11-29,28.25,29.045,28.245,28.865
2006-11-30,28.825,28.975,28.41,28.46
2006-12-01,28.46,28.76,28.46,28.755
2006-12-04,28.76,29.015,28.675,28.935
2006-12-05,29.0,29.475,28.95,29.315
2006-12-06,29.315,29.475,29.22,29.27
2006-12-07,29.43,29.585,29.015,29.14
2006-12-08,29.3,29.475,28.755,28.905
2006-12-11,28.885,29.08,28.725,28.965
2006-12-12,28.925,29.425,28.8,29.04
2006-12-13,29.115,29.5,29.115,29.39
2006-12-14,29.42,29.74,28.5,28.87
2006-12-15,28.925,29.005,28.765,28.79
2006-12-18,28.86,29.005,28.63,28.925
2006-12-19,28.9,29.435,28.65,28.98
2006-12-20,28.975,29.075,28.47,28.475
2006-12-21,28.525,28.58,28.135,28.175
2006-12-22,28.2,28.365,27.945,28.11
2006-12-26,28.05,28.35,28.05,28.15
2006-12-27,28.2,28.25,27.91,28.025
2006-12-28,28.115,28.3,27.93,28.075
2006-12-29,28.0,28.15,27.84,28.005
2007-01-03,28.175,28.55,27.735,27.915
2007-01-04,27.925,28.01,27.525,27.7
2007-01-05,27.74,27.835,27.215,27.255
2007-01-08,27.38,27.64,27.275,27.475
2007-01-09,27.4,27.825,27.3,27.695
2007-01-10,27.625,28.01,27.565,27.99
2007-01-11,27.99,28.28,27.9,28.145
2007-01-12,28.05,28.21,27.83,27.985
2007-01-16,27.9,28.1,27.825,28.01
2007-01-17,27.975,28.09,27.77,27.99
2007-01-18,28.055,28.175,27.825,28.02
2007-01-19,27.99,28.52,27.94,28.445
2007-01-22,28.57,28.8,28.5,28.74
2007-01-23,28.8,29.225,28.665,29.03
2007-01-24,29.05,29.095,28.9,29.09
2007-01-25,29.205,29.49,29.06,29.155
2007-01-26,29.15,29.25,28.875,29.185
2007-01-29,29.3,30.115,29.25,29.3
2007-01-30,29.685,29.8,29.56,29.725
2007-01-31,29.725,30.02,29.525,29.965
2007-02-01,29.975,30.31,29.88,30.29
2007-02-02,30.29,30.525,30.25,30.52
2007-02-05,30.6,30.725,30.5,30.645
2007-02-06,30.815,30.815,30.1,30.265
2007-02-07,30.43,30.51,30.0,30.035
2007-02-08,29.975,30.305,29.975,30.16
2007-02-09,30.2,30.305,29.955,30.05
2007-02-12,30.09,30.09,29.775,29.875
2007-02-13,29.97,30.06,29.865,29.975
2007-02-14,29.995,30.405,29.995,30.19
2007-02-15,30.205,30.42,29.955,30.285
2007-02-16,30.29,30.875,30.125,30.86
2007-02-20,30.8,30.93,30.69,30.88
2007-02-21,30.88,30.98,30.525,30.725
2007-02-22,30.825,31.21,30.745,31.175
2007-02-23,31.1,31.905,31.1,31.76
2007-02-26,34.0,35.0,33.65,33.875
2007-02-27,33.575,33.85,33.005,33.125
2007-02-28,33.075,33.555,32.75,33.175
2007-03-01,33.375,33.965,32.6201,33.665
2007-03-02,33.59,34.2,33.56,33.71
2007-03-05,33.6,34.03,33.31,33.505
2007-03-06,33.625,34.205,33.53,33.965
2007-03-07,33.965,34.825,33.855,34.595
2007-03-08,34.75,35.345,34.595,34.85
2007-03-09,34.8,35.225,34.695,34.975
2007-03-12,34.98,35.015,34.725,34.825
2007-03-13,34.005,34.705,33.98,34.08
2007-03-14,34.15,34.61,33.93,34.605
2007-03-15,34.705,35.08,34.42,34.86
2007-03-16,34.93,35.075,34.7,34.83
2007-03-19,35.05,35.475,34.92,35.335
2007-03-20,35.3,35.62,35.125,35.5
2007-03-21,35.555,36.025,35.265,36.0
2007-03-22,35.99,36.35,35.69,36.1
2007-03-23,36.1,36.395,35.95,36.295
2007-03-26,36.325,36.53,35.985,36.525
2007-03-27,36.53,36.95,36.34,36.88
2007-03-28,36.885,37.075,36.44,36.825
2007-03-29,36.95,37.085,36.675,36.875
2007-03-30,36.925,37.1,35.31,36.02
2007-04-02,36.02,36.885,35.98,36.755
2007-04-03,36.925,37.0,36.66,36.68
2007-04-04,36.75,36.825,36.435,36.81
2007-04-05,36.74,37.32,36.615,36.99
2007-04-09,37.425,38.675,37.37,38.315
2007-04-10,38.37,38.645,38.325,38.575
2007-04-11,38.69,38.83,38.4,38.7
2007-04-12,38.7,38.945,38.305,38.67
2007-04-13,38.875,39.06,38.455,38.98
2007-04-16,39.085,39.455,39.035,39.385
2007-04-17,39.525,39.935,39.12,39.4
2007-04-18,39.25,39.73,39.145,39.48
2007-04-19,39.325,39.45,39.12,39.265
2007-04-20,39.365,39.78,38.91,38.965
2007-04-23,38.98,39.76,38.91,39.66
2007-04-24,39.665,39.835,39.545,39.805
2007-04-25,39.83,40.07,39.715,39.835
2007-04-26,39.81,40.385,39.7625,40.155
2007-04-27,39.94,39.99,39.21,39.44
2007-04-30,39.44,40.115,39.39,39.48
2007-05-01,39.835,39.875,39.215,39.79
2007-05-02,40.375,41.775,39.865,40.105
2007-05-03,40.5,40.915,40.415,40.6
2007-05-04,40.8,41.9,40.73,41.815
2007-05-07,41.88,42.275,41.845,41.98
2007-05-08,41.88,42.295,41.655,41.895
2007-05-09,41.9,43.27,41.9,43.045
2007-05-10,43.05,43.49,42.045,42.26
2007-05-11,42.26,42.46,41.85,42.105
2007-05-14,41.95,42.52,41.87,42.03
2007-05-15,42.24,42.875,41.84,41.905
2007-05-16,42.115,42.31,40.8,41.605
2007-05-17,41.405,42.04,41.365,41.905
2007-05-18,42.055,43.255,41.975,42.985
2007-05-21,43.13,43.66,42.765,43.56
2007-05-22,43.715,43.725,42.94,42.965
2007-05-23,42.84,43.19,42.625,42.82
2007-05-24,42.925,43.085,41.5445,41.75
2007-05-25,42.0,42.475,41.555,41.91
2007-05-29,42.175,42.565,41.965,42.095
2007-05-30,42.0,43.24,41.925,43.155
2007-05-31,43.84,44.33,43.4,43.945
2007-06-01,44.9,44.95,43.78,44.43
2007-06-04,44.49,44.97,44.14,44.45
2007-06-05,44.56,44.7,43.63,43.92
2007-06-06,43.32,43.57,42.59,42.82
2007-06-07,42.48,42.92,40.87,41.32
2007-06-08,41.33,42.52,41.129,42.32
2007-06-11,42.48,43.43,42.35,42.82
2007-06-12,42.65,43.82,42.42,43.41
2007-06-13,43.5,44.35,43.41,44.0
2007-06-14,44.4,45.0,44.0128,44.62
2007-06-15,44.99,45.93,44.71,45.7
2007-06-18,45.86,45.89,45.02,45.31
2007-06-19,45.14,45.31,44.55,44.78
2007-06-20,45.01,45.08,43.15,43.32
2007-06-21,43.37,43.68,42.39,43.51
2007-06-22,43.56,43.57,42.27,42.41
2007-06-25,42.74,42.96,41.91,42.22
2007-06-26,42.46,43.03,41.2,41.37
2007-06-27,41.0,42.15,40.3766,42.01
2007-06-28,42.19,42.48,41.51,41.58
2007-06-29,41.73,42.35,41.04,41.57
2007-07-02,41.93,42.59,41.7,42.4
2007-07-03,42.67,42.94,42.23,42.53
2007-07-05,42.44,43.0,42.29,42.93
2007-07-06,42.95,43.14,42.5,42.99
2007-07-09,43.23,43.58,43.08,43.36
2007-07-10,43.31,43.55,42.83,42.99
2007-07-11,43.18,43.48,42.29,42.46
2007-07-12,42.8,43.94,42.76,43.74
2007-07-13,43.99,44.37,43.74,44.0
2007-07-16,44.01,44.72,43.82,43.9
2007-07-17,44.18,44.67,43.93,43.94
2007-07-18,43.85,43.99,43.4,43.72
2007-07-19,44.13,44.55,43.58,44.44
2007-07-20,44.55,44.74,43.41,43.74
2007-07-23,44.16,44.2,43.52,43.69
2007-07-24,43.16,43.3088,40.61,40.9
2007-07-25,41.37,42.01,39.64,40.12
2007-07-26,38.5,39.31,37.11,37.73
2007-07-27,37.6,38.4399,36.4,36.65
2007-07-30,37.07,39.32,37.07,38.85
2007-07-31,39.46,39.97,38.41,38.55
2007-08-01,38.52,39.29,38.02,39.1
2007-08-02,39.44,45.08,39.05,40.1
2007-08-03,40.75,40.92,39.02,39.18
2007-08-06,39.18,39.69,38.19,39.3
2007-08-07,39.11,41.11,38.96,40.87
2007-08-08,40.51,42.36,40.51,42.05
2007-08-09,40.99,41.72,39.45,40.56
2007-08-10,40.0,40.2,39.0,39.25
2007-08-13,40.64,41.31,39.8,40.03
2007-08-14,39.92,40.2,39.26,39.41
2007-08-15,39.15,39.86,38.38,38.59
2007-08-16,38.15,38.26,34.76,36.7
2007-08-17,39.51,39.51,35.46,36.83
2007-08-20,37.05,37.46,36.05,36.84
2007-08-21,38.55,38.55,36.67,37.07
2007-08-22,37.62,38.23,37.31,38.07
2007-08-23,38.15,38.92,37.94,38.5
2007-08-24,38.65,39.54,38.04,39.43
2007-08-27,39.33,39.45,38.42,38.77
2007-08-28,38.27,38.91,37.58,37.7
2007-08-29,37.84,38.46,37.7,38.23
2007-08-30,37.89,38.39,37.43,38.11
2007-08-31,38.3,38.68,37.83,38.09
2007-09-04,38.14,39.71,38.09,39.42
2007-09-05,39.41,39.41,38.61,39.03
2007-09-06,39.08,40.02,38.87,39.97
2007-09-07,39.7,39.86,38.75,39.14
2007-09-10,39.53,39.62,38.08,38.36
2007-09-11,38.74,38.87,38.3,38.82
2007-09-12,38.74,39.29,38.52,38.94
2007-09-13,39.19,39.27,38.56,38.78
2007-09-14,38.69,39.42,38.51,39.12
2007-09-17,38.95,38.98,38.49,38.8
2007-09-18,38.95,40.26,38.63,40.26
2007-09-19,40.55,41.3,40.5,40.94
2007-09-20,40.9,40.92,40.21,40.33
2007-09-21,40.61,41.4,40.35,41.2
2007-09-24,41.01,42.08,40.9992,41.81
2007-09-25,41.31,42.05,41.17,41.78
2007-09-26,41.87,42.54,41.71,42.0
2007-09-27,42.6,42.76,41.96,42.57
2007-09-28,42.49,42.84,41.5,42.29
2007-10-01,42.17,42.93,42.08,42.93
2007-10-02,42.85,42.94,41.96,42.54
2007-10-03,42.25,43.06,42.2,42.66
2007-10-04,42.87,43.24,42.6,43.11
2007-10-05,43.43,44.3,43.32,43.71
2007-10-08,43.73,44.07,43.65,43.8
2007-10-09,43.7,44.22,43.63,44.21
2007-10-10,43.44,44.08,43.16,43.65
2007-10-11,43.91,46.32,43.91,44.61
2007-10-12,44.82,45.61,43.8001,45.4
2007-10-15,45.4,45.4236,44.4,44.95
2007-10-16,44.96,45.61,44.5,45.39
2007-10-17,45.7,46.63,45.18,46.37
2007-10-18,46.2,47.06,46.01,46.9
2007-10-19,47.0,47.19,45.53,46.0
2007-10-22,46.03,46.18,44.51,45.12
2007-10-23,45.65,45.72,44.47,44.84
2007-10-24,45.04,45.3,43.8,44.85
2007-10-25,45.0,45.2,44.27,44.72
2007-10-26,44.91,45.1,44.15,44.8
2007-10-29,44.9,45.67,44.68,45.44
2007-10-30,45.48,46.2,45.21,45.66
2007-10-31,45.7,46.11,44.92,45.66
2007-11-01,45.65,45.66,44.29,44.5
2007-11-02,46.25,46.56,45.05,45.42
2007-11-05,40.88,46.07,40.88,45.4
2007-11-06,45.36,46.02,45.25,45.68
2007-11-07,45.75,45.75,44.06,44.21
2007-11-08,44.75,44.91,43.4,43.84
2007-11-09,43.44,43.44,41.61,41.74
2007-11-12,42.0,42.41,40.31,40.52
2007-11-13,40.63,41.03,40.11,40.95
2007-11-14,41.0,41.46,40.61,40.71
2007-11-15,40.7,40.76,39.9,40.16
2007-11-16,40.14,40.48,39.07,39.62
2007-11-19,39.57,39.82,39.01,39.52
2007-11-20,39.52,40.42,39.19,39.55
2007-11-21,39.11,39.59,38.83,39.19
2007-11-23,39.76,39.76,38.79,39.14
2007-11-26,38.86,40.7,38.86,39.78
2007-11-27,40.24,40.655,39.46,39.9
2007-11-28,39.79,41.97,39.79,41.78
2007-11-29,41.48,42.75,41.27,42.23
2007-11-30,42.5,42.72,41.53,42.39
2007-12-03,42.8,42.8,41.88,42.22
2007-12-04,42.07,42.07,40.6,41.57
2007-12-05,41.63,42.52,41.63,42.52
2007-12-06,42.3,43.06,42.2,42.99
2007-12-07,43.43,43.7,42.74,43.33
2007-12-10,43.61,43.6799,42.35,42.68
2007-12-11,42.68,43.19,41.58,41.7
2007-12-12,42.08,42.885,41.78,42.29
2007-12-13,42.26,42.26,41.48,41.9
2007-12-14,41.77,42.3,41.64,41.87
2007-12-17,41.41,41.75,40.97,41.28
2007-12-18,41.68,41.69,40.5,40.67
2007-12-19,40.88,41.15,40.61,40.95
2007-12-20,41.28,41.86,40.66,41.86
2007-12-21,42.01,43.41,42.0,43.21
2007-12-24,42.61,43.68,42.61,42.84
2007-12-26,42.59,43.33,42.5101,43.0
2007-12-27,42.96,43.62,42.85,43.12
2007-12-28,43.22,43.34,42.94,43.21
2007-12-31,43.23,43.51,43.02,43.34
2008-01-02,43.71,43.96,42.54,42.82
2008-01-03,42.82,42.94,42.09,42.2
2008-01-04,41.88,41.89,41.23,41.42
2008-01-07,41.42,41.82,40.08,40.19
2008-01-08,40.01,40.73,39.03,39.56
2008-01-09,39.27,40.13,38.28,39.28
2008-01-10,39.08,39.89,38.92,39.54
2008-01-11,39.72,41.31,39.72,40.49
2008-01-14,41.29,41.29,39.69,40.98
2008-01-15,40.73,40.99,39.34,39.42
2008-01-16,39.01,39.61,37.32,38.46
2008-01-17,38.34,38.61,36.33,36.94
2008-01-18,37.09,37.89,36.75,37.48
2008-01-22,35.72,37.6,35.72,36.69
2008-01-23,35.53,37.18,34.56,37.16
2008-01-24,37.42,38.0,36.53,37.49
2008-01-25,37.9,38.0,37.2,37.53
2008-01-28,37.36,37.48,36.8,37.4
2008-01-29,37.41,37.94,37.17,37.7
2008-01-30,38.2,39.72,37.67,37.72
2008-01-31,38.01,38.79,37.27,38.59
2008-02-01,38.52,39.61,38.52,39.58
2008-02-04,39.74,40.45,39.67,40.3
2008-02-05,40.11,40.24,39.2,39.28
2008-02-06,39.57,40.03,38.97,39.09
2008-02-07,38.58,38.61,37.82,38.22
2008-02-08,38.2,38.5,37.51,37.78
2008-02-11,37.8,38.36,37.26,38.22
2008-02-12,38.22,39.13,38.12,38.77
2008-02-13,38.76,39.16,38.5,38.61
2008-02-14,38.7,39.45,38.25,38.55
2008-02-15,38.54,39.31,38.3,39.18
2008-02-19,39.45,40.32,39.29,40.17
2008-02-20,39.62,40.16,39.35,39.89
2008-02-21,40.26,40.51,39.47,39.5
2008-02-22,39.62,40.08,39.23,39.8
2008-02-25,39.62,40.99,39.61,40.7
2008-02-26,40.39,41.56,40.39,41.36
2008-02-27,41.09,41.66,40.45,40.74
2008-02-28,41.62,42.0,41.09,41.41
2008-02-29,41.38,41.46,40.41,41.27
2008-03-03,41.15,41.76,40.99,41.63
2008-03-04,41.19,42.63,41.14,42.39
2008-03-05,42.41,42.89,42.1,42.72
2008-03-06,42.53,42.69,42.14,42.23
2008-03-07,42.19,42.6,41.32,42.21
2008-03-10,42.43,42.48,41.66,41.8
2008-03-11,42.64,42.97,42.02,42.73
2008-03-12,42.97,43.0,42.6,42.7
2008-03-13,42.21,42.73,41.84,42.51
2008-03-14,42.69,42.82,40.51,41.25
2008-03-17,40.22,40.72,39.21,39.85
2008-03-18,40.5,40.78,39.65,40.37
2008-03-19,40.63,40.8,38.84,39.0
2008-03-20,38.68,39.0,37.63,37.97
2008-03-24,38.01,38.09,37.49,37.55
2008-03-25,37.46,38.28,37.46,37.94
2008-03-26,38.39,38.97,38.0,38.59
2008-03-27,38.6,39.86,38.41,38.92
2008-03-28,38.94,39.32,38.31,38.46
2008-03-31,39.0,39.25,38.59,38.99
2008-04-01,39.29,40.34,39.27,40.05
2008-04-02,40.28,40.59,39.49,39.65
2008-04-03,39.39,39.49,38.36,39.21
2008-04-04,39.09,40.71,39.09,40.22
2008-04-07,40.53,40.59,39.49,39.5
2008-04-08,39.4,39.59,39.05,39.32
2008-04-09,39.57,40.58,39.5,39.9
2008-04-10,40.7,41.22,40.51,40.8
2008-04-11,40.45,40.92,40.1601,40.42
2008-04-14,40.47,41.6,40.15,41.53
2008-04-15,41.62,42.34,41.47,42.3
2008-04-16,42.4,43.17,41.96,42.84
2008-04-17,42.63,43.78,42.63,43.67
2008-04-18,44.0,44.61,43.62,44.43
2008-04-21,44.3,44.98,44.05,44.87
2008-04-22,44.85,45.78,44.23,44.78
2008-04-23,44.99,45.11,44.45,44.84
2008-04-24,45.31,45.31,43.9,44.63
2008-04-25,44.84,44.99,43.85,44.11
2008-04-28,44.41,44.96,44.21,44.96
2008-04-29,44.95,45.0,43.7,44.1
2008-04-30,44.08,44.31,43.56,43.95
2008-05-01,43.95,43.97,42.41,42.67
2008-05-02,42.44,43.33,42.4,43.13
2008-05-05,42.88,43.92,42.88,43.81
2008-05-06,43.46,43.77,43.15,43.68
2008-05-07,43.55,43.69,42.11,42.34
2008-05-08,42.66,42.69,42.03,42.44
2008-05-09,42.28,42.61,42.0,42.46
2008-05-12,42.41,42.9,42.25,42.77
2008-05-13,43.0,43.25,42.83,43.04
2008-05-14,43.3,43.46,42.86,42.98
2008-05-15,42.88,43.03,42.62,42.96
2008-05-16,42.9,43.99,42.9,43.8
2008-05-19,43.84,44.28,43.55,44.08
2008-05-20,42.95,43.49,41.87,42.15
2008-05-21,41.85,42.99,41.85,42.51
2008-05-22,40.92,41.15,40.18,40.35
2008-05-23,40.35,40.48,39.76,40.0
2008-05-27,39.78,40.41,39.78,40.36
2008-05-28,40.5,41.13,40.29,41.03
2008-05-29,40.8,41.32,40.55,40.81
2008-05-30,40.76,41.79,40.3,41.59
2008-06-02,41.28,42.2,41.16,41.59
2008-06-03,41.52,42.13,41.52,41.78
2008-06-04,41.69,42.8,41.506,42.75
2008-06-05,42.61,43.5,42.51,43.35
2008-06-06,43.31,43.4,42.4,42.41
2008-06-09,42.66,43.49,41.87,43.26
2008-06-10,43.07,43.5,42.46,43.37
2008-06-11,43.18,43.48,42.9,42.99
2008-06-12,43.21,43.29,42.76,43.07
2008-06-13,43.37,43.9,43.13,43.82
2008-06-16,43.82,44.34,43.43,44.2
2008-06-17,44.2,44.4,43.85,44.09
2008-06-18,43.97,43.98,43.27,43.53
2008-06-19,43.22,43.62,43.13,43.47
2008-06-20,43.31,43.54,42.69,43.05
2008-06-23,43.28,43.47,42.67,42.97
2008-06-24,42.74,43.17,42.6,42.98
2008-06-25,43.28,43.94,43.1,43.44
2008-06-26,43.24,43.52,42.45,42.67
2008-06-27,42.7,42.85,42.2,42.28
2008-06-30,42.24,43.18,42.09,42.9
2008-07-01,42.69,43.51,42.3,43.33
2008-07-02,43.62,43.95,42.9,42.97
2008-07-03,42.93,43.12,41.69,41.97
2008-07-07,42.13,42.66,39.29,39.95
2008-07-08,40.1,40.35,38.51,39.31
2008-07-09,39.48,40.47,39.29,40.0
2008-07-10,40.02,40.04,39.31,39.69
2008-07-11,39.69,40.3,39.13,39.58
2008-07-14,39.71,39.98,38.43,38.78
2008-07-15,38.26,38.77,37.63,38.21
2008-07-16,38.03,38.52,37.14,37.25
2008-07-17,37.28,37.89,35.96,36.18
2008-07-18,36.18,36.97,36.02,36.69
2008-07-21,36.9,38.87,36.7,38.85
2008-07-22,38.83,38.9,37.62,37.77
2008-07-23,37.5,37.99,35.75,36.71
2008-07-24,36.6,36.62,34.381,34.88
2008-07-25,35.03,36.05,34.71,35.79
2008-07-28,35.8,36.27,34.44,34.57
2008-07-29,36.91,36.91,34.79,35.84
2008-07-30,35.92,37.03,35.38,36.72
2008-07-31,36.6,36.72,35.97,36.29
2008-08-01,36.89,37.17,36.02,36.26
2008-08-04,36.07,36.4,33.47,33.65
2008-08-05,33.59,33.78,32.44,32.92
2008-08-06,32.69,34.22,32.57,33.99
2008-08-07,34.02,34.1,33.01,33.75
2008-08-08,33.9,33.9,33.09,33.57
2008-08-11,34.1,34.57,33.77,33.95
2008-08-12,33.87,34.22,33.1,33.53
2008-08-13,33.34,36.09,33.31,35.82
2008-08-14,35.88,35.88,34.86,35.22
2008-08-15,37.09,38.15,36.01,37.15
2008-08-18,37.69,38.75,37.25,38.08
2008-08-19,38.34,38.34,37.35,37.75
2008-08-20,37.99,38.79,37.75,38.74
2008-08-21,38.8,38.88,38.01,38.62
2008-08-22,38.8,39.24,38.31,38.75
2008-08-25,38.7,38.71,37.96,38.29
2008-08-26,38.1,38.91,38.1,38.65
2008-08-27,38.59,39.1,38.59,38.88
2008-08-28,38.74,39.09,37.91,38.11
2008-08-29,38.0,38.32,37.5,37.64
2008-09-02,37.9,37.9,36.54,36.67
2008-09-03,36.5,36.71,34.79,35.13
2008-09-04,35.3,35.31,34.05,34.18
2008-09-05,34.27,34.57,33.1,34.04
2008-09-08,34.96,35.0,32.59,32.75
2008-09-09,32.75,32.83,29.46,30.25
2008-09-10,30.67,31.92,30.0,31.4
2008-09-11,30.97,32.45,29.89,32.04
2008-09-12,31.49,33.63,31.49,33.39
2008-09-15,32.27,32.27,29.47,29.72
2008-09-16,28.92,29.54,26.74,28.19
2008-09-17,27.99,28.03,24.86,25.15
2008-09-18,26.49,28.51,25.35,27.11
2008-09-19,29.93,33.0,28.1,30.59
2008-09-22,30.77,30.9,28.37,28.43
2008-09-23,29.11,29.43,27.33,27.72
2008-09-24,28.045,28.092,27.16,27.58
2008-09-25,27.49,28.81,27.29,27.93
2008-09-26,27.48,27.72,26.19,26.41
2008-09-29,26.01,26.19,22.2,23.56
2008-09-30,23.88,25.0,22.87,24.75
2008-10-01,24.67,24.75,23.29,23.92
2008-10-02,23.85,23.85,21.165,21.9
2008-10-03,22.22,23.51,21.3,21.78
2008-10-06,20.98,20.99,18.4,20.24
2008-10-07,21.78,21.78,17.17,17.59
2008-10-08,17.01,18.81,16.25,17.76
2008-10-09,18.0,18.4,16.42,16.78
2008-10-10,15.72,17.18,14.39,15.17
2008-10-13,16.88,19.17,16.24,18.89
2008-10-14,20.26,21.97,18.6,19.55
2008-10-15,19.0,19.55,18.0,18.11
2008-10-16,18.01,18.9,16.57,18.18
2008-10-17,17.5,20.2,17.42,19.33
2008-10-20,24.01,25.4,21.16,25.0
2008-10-21,24.11,25.22,24.03,24.62
2008-10-22,24.28,24.28,20.4,21.88
2008-10-23,21.74,22.74,20.3,21.86
2008-10-24,20.8,20.97,19.48,20.2
2008-10-27,20.23,20.72,18.86,19.32
2008-10-28,20.38,20.55,17.88,19.9
2008-10-29,20.33,22.5,20.05,22.0
2008-10-30,22.62,24.38,22.05,24.38
2008-10-31,24.0,24.38,23.25,23.25
2008-11-03,22.76,23.56,22.26,22.45
2008-11-04,23.37,24.97,23.01,24.5
2008-11-05,24.41,24.41,23.24,24.0
2008-11-06,23.31,24.0,21.36,21.75
2008-11-07,21.78,23.92,21.71,23.86
2008-11-10,23.72,24.0,21.33,22.56
2008-11-11,22.57,23.82,21.67,23.05
2008-11-12,21.88,23.0,21.43,21.6
2008-11-13,21.64,23.85,20.3,23.85
2008-11-14,23.54,23.67,21.9,22.65
2008-11-17,22.5,22.78,21.53,22.32
2008-11-18,22.09,22.94,21.22,22.09
2008-11-19,22.0,22.6,20.0,20.0
2008-11-20,19.67,19.88,15.7,16.52
2008-11-21,16.99,19.21,16.63,19.0
2008-11-24,19.5,21.38,19.5,21.0
2008-11-25,20.03,22.55,20.03,22.26
2008-11-26,22.65,23.04,21.96,22.7
2008-11-28,22.41,23.69,22.41,23.69
2008-12-01,23.5,23.7,21.6215,22.07
2008-12-02,22.11,23.02,21.45,23.02
2008-12-03,23.0,23.47,21.87,23.1
2008-12-04,22.51,23.965,21.58,22.17
2008-12-05,21.75,23.5,21.5,23.5
2008-12-08,23.99,24.37,23.0,23.3
2008-12-09,22.74,23.4,22.41,22.91
2008-12-10,22.84,24.32,22.7,24.32
2008-12-11,24.25,24.44,22.97,23.1
2008-12-12,22.26,23.79,22.26,23.73
2008-12-15,24.22,25.15,21.76,21.76
2008-12-16,22.78,22.79,21.85,22.43
2008-12-17,22.09,22.32,21.58,21.58
2008-12-18,22.93,22.93,21.12,21.12
2008-12-19,21.22,21.85,21.2,21.67
2008-12-22,21.62,21.82,20.1,20.95
2008-12-23,21.11,21.11,19.81,20.4
2008-12-24,20.21,20.35,19.87,20.27
2008-12-26,20.55,21.6,20.54,21.57
2008-12-29,21.41,21.45,20.17,20.75
2008-12-30,20.66,21.44,20.36,21.4
2008-12-31,21.14,23.6,21.14,23.33
2009-01-02,23.28,24.0,23.12,23.64
2009-01-05,23.57,23.68,23.15,23.56
2009-01-06,23.88,24.73,23.65,24.61
2009-01-07,24.8,24.8,23.29,23.37
2009-01-08,23.12,24.23,22.99,24.11
2009-01-09,24.25,24.47,23.45,23.7
2009-01-12,23.7,24.23,23.36,24.1
2009-01-13,23.99,24.19,23.03,23.5
2009-01-14,23.0,23.35,22.13,23.34
2009-01-15,23.43,23.43,22.52,23.4
2009-01-16,23.73,24.25,23.27,23.86
2009-01-20,23.96,24.0,22.18,22.4
2009-01-21,22.75,22.75,21.33,22.66
2009-01-22,22.4,23.2,21.99,22.4
2009-01-23,21.8,23.47,21.8,22.6
2009-01-26,22.94,23.97,22.8,23.46
2009-01-27,23.35,23.79,22.88,22.88
2009-01-28,23.29,24.19,23.21,23.88
2009-01-29,23.8,24.36,23.43,23.55
2009-01-30,24.08,24.09,22.8,23.36
2009-02-02,23.13,23.65,22.6,23.21
2009-02-03,23.45,24.32,23.2,24.32
2009-02-04,24.31,25.0,24.28,24.69
2009-02-05,24.57,24.81,23.89,24.7
2009-02-06,24.78,25.1,24.32,25.1
2009-02-09,24.95,25.38,24.65,24.88
2009-02-10,24.81,25.25,24.05,24.55
2009-02-11,24.65,24.65,23.25,23.49
2009-02-12,23.8,23.8,21.75,22.05
2009-02-13,22.11,22.6,21.91,22.32
2009-02-17,21.29,21.63,19.88,19.88
2009-02-18,20.51,20.51,19.51,19.68
2009-02-19,19.93,20.21,19.73,19.92
2009-02-20,19.63,20.13,18.6,19.8
2009-02-23,20.04,21.32,19.2,19.23
2009-02-24,19.48,20.68,19.21,20.6
2009-02-25,20.49,20.78,19.98,20.62
2009-02-26,21.95,21.95,19.68,19.7
2009-02-27,19.36,19.48,18.59,18.9
2009-03-02,18.495,18.89,18.14,18.56
2009-03-03,18.64,18.88,17.2,17.45
2009-03-04,17.73,18.0,17.27,17.75
2009-03-05,17.6,17.6,17.0,17.6
2009-03-06,17.1,18.34,17.04,18.34
2009-03-09,17.98,18.56,17.2216,17.4
2009-03-10,17.61,18.6,16.57,16.91
2009-03-11,17.0,17.03,15.19,16.34
2009-03-12,16.22,16.89,15.92,16.59
2009-03-13,16.89,17.325,16.7,17.21
2009-03-16,17.24,18.3,17.08,17.97
2009-03-17,17.84,18.13,17.67,17.85
2009-03-18,17.87,18.1,16.96,17.91
2009-03-19,18.04,18.12,17.35,17.77
2009-03-20,17.77,17.915,17.25,17.35
2009-03-23,18.04,18.04,17.35,17.99
2009-03-24,17.88,18.0,17.25,17.27
2009-03-25,17.34,17.56,16.8,17.13
2009-03-26,17.32,17.54,17.08,17.37
2009-03-27,17.05,17.69,17.05,17.59
2009-03-30,17.52,17.52,16.92,17.05
2009-03-31,17.34,17.7,17.22,17.6
2009-04-01,17.65,17.65,16.97,17.14
2009-04-02,17.56,18.79,17.38,18.6
2009-04-03,18.74,19.49,18.25,19.4
2009-04-06,19.25,19.67,18.95,19.3
2009-04-07,19.21,19.21,18.63,18.7
2009-04-08,18.68,19.0,18.4,18.9
2009-04-09,19.3,19.95,18.9,19.41
2009-04-13,19.35,19.4,18.33,18.33
2009-04-14,18.41,18.73,18.04,18.4
2009-04-15,18.45,18.58,17.94,18.58
2009-04-16,18.9,18.9,17.79,17.95
2009-04-17,18.11,18.2,17.84,17.89
2009-04-20,17.7,17.9,17.4299,17.59
2009-04-21,17.75,17.88,17.54,17.78
2009-04-22,17.72,18.12,17.31,17.61
2009-04-23,17.76,17.9,17.18,17.58
2009-04-24,17.8,17.87,16.91,17.31
2009-04-27,17.14,17.67,17.01,17.35
2009-04-28,17.29,17.34,16.5,16.5
2009-04-29,16.73,17.469,16.72,17.18
2009-04-30,17.82,18.14,17.46,17.98
2009-05-01,18.01,19.0,17.79,18.98
2009-05-04,19.07,19.7,18.99,19.48
2009-05-05,19.33,19.86,19.03,19.77
2009-05-06,19.78,19.97,19.0,19.16
2009-05-07,19.34,19.62,19.1,19.29
2009-05-08,19.64,21.4,19.61,21.19
2009-05-11,20.83,21.43,20.62,20.64
2009-05-12,20.55,21.25,20.52,20.92
2009-05-13,20.75,20.75,19.94,20.15
2009-05-14,19.95,20.35,19.84,20.25
2009-05-15,19.97,20.0,19.07,19.58
2009-05-18,19.3,19.7,19.12,19.3
2009-05-19,19.26,20.07,19.26,20.07
2009-05-20,20.11,20.32,19.78,19.89
2009-05-21,19.61,19.61,18.94,19.15
2009-05-22,19.23,19.26,18.69,19.02
2009-05-26,19.09,20.75,18.65,20.65
2009-05-27,20.79,21.72,20.46,21.62
2009-05-28,21.63,22.25,21.48,22.19
2009-05-29,22.2,22.61,21.72,22.5
2009-06-01,22.55,23.72,22.55,23.72
2009-06-02,23.35,24.14,22.97,23.05
2009-06-03,23.11,23.4,20.81,21.39
2009-06-04,22.25,22.48,21.79,22.37
2009-06-05,22.63,23.03,22.15,22.26
2009-06-08,22.34,22.48,21.76,22.09
2009-06-09,22.26,22.81,22.1,22.49
2009-06-10,22.65,23.81,22.6,23.62
2009-06-11,23.66,24.54,23.64,24.23
2009-06-12,24.12,24.7,23.67,24.37
2009-06-15,24.23,24.25,22.8,23.21
2009-06-16,23.39,23.49,22.6,22.9
2009-06-17,23.47,23.47,22.45,22.75
2009-06-18,23.19,23.91,23.0,23.7
2009-06-19,23.91,24.24,23.6,23.82
2009-06-22,23.69,23.72,23.08,23.11
2009-06-23,23.0,23.24,22.42,22.89
2009-06-24,23.07,23.6602,22.78,23.44
2009-06-25,23.84,24.2,23.44,23.81
2009-06-26,23.78,23.81,23.3,23.8
2009-06-29,24.05,24.95,23.65,24.95
2009-06-30,24.74,25.96,24.56,25.96
2009-07-01,26.2,26.2,25.25,26.05
2009-07-02,25.3,25.52,24.5,24.8
2009-07-06,24.17,24.3,23.48,23.51
2009-07-07,23.58,23.6699,21.94,22.08
2009-07-08,22.49,23.35,22.39,23.35
2009-07-09,23.7,24.58,23.2401,23.98
2009-07-10,23.67,24.6899,22.32,23.24
2009-07-13,23.56,23.67,22.5,23.63
2009-07-14,23.99,24.87,23.78,24.85
2009-07-15,25.1,25.62,24.43,24.86
2009-07-16,24.84,24.84,23.85,24.72
2009-07-17,24.73,24.91,23.71,24.39
2009-07-20,24.76,24.76,23.54,23.55
2009-07-21,23.96,25.11,22.3,24.82
2009-07-22,24.51,24.73,24.02,24.6
2009-07-23,24.6,25.84,24.43,25.83
2009-07-24,25.64,26.91,25.52,26.91
2009-07-27,26.75,27.3,26.75,27.13
2009-07-28,26.76,27.06,26.02,26.3
2009-07-29,26.31,26.48,25.89,26.48
2009-07-30,27.28,27.79,27.0,27.44
2009-07-31,27.62,27.62,26.75,27.21
2009-08-03,27.74,28.74,27.42,28.71
2009-08-04,28.81,28.81,28.03,28.39
2009-08-05,28.26,28.37,27.33,27.76
2009-08-06,27.8,28.43,27.61,27.85
2009-08-07,28.03,28.17,27.13,27.67
2009-08-10,27.62,28.9,27.62,28.84
2009-08-11,28.53,29.26,28.32,28.4
2009-08-12,28.52,28.69,27.94,27.99
2009-08-13,28.31,28.55,27.8,28.4
2009-08-14,28.7,29.0,28.02,28.95
2009-08-17,28.63,28.65,27.49,27.7
2009-08-18,27.83,27.88,27.33,27.85
2009-08-19,27.74,28.72,27.24,28.35
2009-08-20,28.23,28.44,28.12,28.29
2009-08-21,28.63,28.63,28.07,28.09
2009-08-24,28.08,28.5,27.99,28.08
2009-08-25,28.35,28.39,27.83,28.11
2009-08-26,27.93,28.1,27.45,27.75
2009-08-27,27.65,27.9,27.48,27.5
2009-08-28,27.8,27.85,27.1,27.76
2009-08-31,27.37,27.81,26.56,26.85
2009-09-01,26.9,27.53,26.51,26.65
2009-09-02,26.53,26.57,25.75,25.88
2009-09-03,26.09,26.2,25.81,26.2
2009-09-04,26.36,26.62,25.97,26.59
2009-09-08,26.84,27.13,26.45,26.5
2009-09-09,26.61,26.8,26.3,26.7
2009-09-10,26.67,26.87,26.36,26.48
2009-09-11,26.67,27.02,26.55,26.75
2009-09-14,26.52,27.41,26.51,27.29
2009-09-15,27.27,28.3,27.16,28.26
2009-09-16,28.27,29.14,28.16,29.13
2009-09-17,29.07,29.25,28.29,28.45
2009-09-18,28.53,28.6,27.81,27.9
2009-09-21,27.76,28.2,27.18,28.03
2009-09-22,28.25,28.97,28.17,28.4
2009-09-23,28.53,28.53,27.53,27.62
2009-09-24,27.73,27.84,26.85,26.98
2009-09-25,27.08,27.3,26.82,26.89
2009-09-28,27.0,27.44,26.81,27.15
2009-09-29,27.25,28.6099,27.25,28.57
2009-09-30,28.77,28.77,27.68,28.19
2009-10-01,28.0,28.3,26.71,26.89
2009-10-02,26.8,26.8,25.38,26.21
2009-10-05,26.4,27.63,26.18,27.47
2009-10-06,27.71,27.715,27.05,27.32
2009-10-07,27.17,27.31,26.7,26.9
2009-10-08,26.83,27.2,26.42,27.15
2009-10-09,27.09,27.66,27.08,27.57
2009-10-12,27.76,28.42,27.66,28.37
2009-10-13,28.13,28.39,27.71,28.17
2009-10-14,28.38,29.13,28.38,29.01
2009-10-15,28.77,29.13,28.69,29.07
2009-10-16,28.74,29.1,28.5001,28.76
2009-10-19,28.88,29.18,28.41,28.89
2009-10-20,28.9,28.94,28.04,28.25
2009-10-21,27.77,28.02,27.21,27.5
2009-10-22,27.37,27.69,26.46,27.3
2009-10-23,27.3,27.4,26.64,26.9
2009-10-26,27.07,27.56,26.03,26.05
2009-10-27,26.25,26.29,25.19,25.6
2009-10-28,25.5,25.54,24.42,24.81
2009-10-29,25.06,25.25,23.41,24.14
2009-10-30,24.21,24.25,22.94,22.99
2009-11-02,23.26,23.86,22.82,23.31
2009-11-03,23.3,23.47,22.86,23.28
2009-11-04,23.36,24.1,23.36,23.59
2009-11-05,23.77,24.03,23.5,23.81
2009-11-06,23.59,24.14,23.45,23.76
2009-11-09,23.96,24.55,23.87,24.48
2009-11-10,24.29,24.95,24.29,24.65
2009-11-11,24.72,24.99,24.53,24.66
2009-11-12,24.57,24.88,23.41,23.41
2009-11-13,23.61,24.6,23.34,23.8
2009-11-16,24.1,24.49,24.0,24.29
2009-11-17,24.28,24.41,23.93,24.36
2009-11-18,24.36,24.51,24.02,24.35
2009-11-19,24.13,24.34,23.2,23.4
2009-11-20,23.18,23.97,23.15,23.81
2009-11-23,24.13,24.23,23.89,24.01
2009-11-24,23.91,24.1,23.58,23.86
2009-11-25,23.51,24.24,23.0,24.15
2009-11-27,23.53,24.15,23.31,23.91
2009-11-30,23.87,24.24,23.77,23.94
2009-12-01,24.08,24.56,24.04,24.48
2009-12-02,24.56,25.0,24.44,24.59
2009-12-03,24.69,24.78,24.11,24.11
2009-12-04,24.38,24.55,23.455,24.34
2009-12-07,24.38,25.03,24.38,24.62
2009-12-08,24.57,24.6,24.07,24.23
2009-12-09,24.23,24.78,24.03,24.18
2009-12-10,24.36,24.6,24.1,24.55
2009-12-11,24.87,25.11,24.75,25.04
2009-12-14,25.24,25.65,25.24,25.57
2009-12-15,25.45,25.85,25.35,25.85
2009-12-16,25.99,26.15,25.59,25.62
2009-12-17,25.56,25.89,25.23,25.52
2009-12-18,25.68,25.789,25.37,25.45
2009-12-21,25.69,25.8,25.4,25.43
2009-12-22,25.4,25.59,24.84,24.87
2009-12-23,24.9,24.99,24.36,24.4
2009-12-24,24.64,24.75,24.33,24.64
2009-12-28,24.7,24.74,24.06,24.21
2009-12-29,24.29,24.34,23.94,23.94
2009-12-30,23.95,24.07,23.66,23.92
2009-12-31,23.9,24.0,23.61,23.61
2010-01-04,23.78,24.13,23.7,23.87
2010-01-05,23.96,24.28,23.81,24.24
2010-01-06,24.25,24.79,24.11,24.77
2010-01-07,24.79,25.24,24.73,24.91
2010-01-08,24.81,25.01,24.48,24.5
2010-01-11,24.69,25.0,24.69,24.73
2010-01-12,24.6,24.6,24.0,24.04
2010-01-13,24.13,24.35,24.085,24.3
2010-01-14,24.25,24.34,24.0,24.05
2010-01-15,24.62,25.13,24.31,24.4
2010-01-19,24.3,25.15,24.3,25.15
2010-01-20,25.04,25.05,24.5,24.67
2010-01-21,24.63,24.84,23.99,24.0
2010-01-22,25.15,25.542,24.59,24.73
2010-01-25,24.91,25.09,24.8,24.94
2010-01-26,24.93,25.04,24.73,24.92
2010-01-27,25.22,25.7,24.64,24.99
2010-01-28,25.11,25.25,24.51,24.72
2010-01-29,24.54,24.69,24.05,24.11
2010-02-01,24.15,24.23,23.56,23.9
2010-02-02,23.89,23.89,23.39,23.56
2010-02-03,23.42,23.55,23.05,23.11
2010-02-04,23.0,23.0,22.045,22.1
2010-02-05,22.09,22.13,21.38,21.71
2010-02-08,21.82,22.01,21.56,21.59
2010-02-09,21.86,22.27,21.74,21.89
2010-02-10,21.9,21.91,21.34,21.66
2010-02-11,21.95,22.28,21.68,22.22
2010-02-12,22.05,22.07,21.65,22.06
2010-02-16,22.13,22.49,22.1,22.49
2010-02-17,22.55,22.76,22.41,22.59
2010-02-18,22.41,22.65,22.28,22.57
2010-02-19,22.59,23.45,22.44,23.2
2010-02-22,23.42,23.52,23.05,23.07
2010-02-23,22.5,22.88,22.2,22.26
2010-02-24,22.33,22.5,21.57,21.86
2010-02-25,21.42,22.13,21.36,22.07
2010-02-26,22.11,22.24,21.6,21.84
2010-03-01,21.89,22.66,21.88,22.58
2010-03-02,22.66,22.965,22.64,22.67
2010-03-03,22.74,22.98,22.48,22.5
2010-03-04,22.41,22.43,22.0,22.3
2010-03-05,22.34,23.02,22.34,22.82
2010-03-08,22.8,23.03,22.7,22.9
2010-03-09,22.83,22.98,22.72,22.75
2010-03-10,22.7,22.83,22.56,22.64
2010-03-11,22.56,22.94,22.52,22.94
2010-03-12,22.73,22.88,22.07,22.19
2010-03-15,22.16,22.35,22.02,22.27
2010-03-16,22.31,22.52,22.125,22.5
2010-03-17,22.5,22.64,22.38,22.47
2010-03-18,22.59,22.6,21.96,22.02
2010-03-19,22.1,22.35,21.8,22.06
2010-03-22,21.98,22.03,21.59,21.62
2010-03-23,21.61,21.72,21.505,21.58
2010-03-24,21.34,21.57,21.03,21.17
2010-03-25,20.93,21.05,20.28,20.32
2010-03-26,20.28,20.58,20.2,20.25
2010-03-29,20.34,20.63,20.3,20.6
2010-03-30,20.7,21.17,20.58,21.09
2010-03-31,21.02,21.12,20.85,20.9
2010-04-01,21.08,21.6,21.06,21.46
2010-04-05,21.55,21.81,21.46,21.65
2010-04-06,21.62,21.74,21.4,21.64
2010-04-07,21.5,21.62,21.39,21.45
2010-04-08,21.37,21.76,21.17,21.66
2010-04-09,21.51,21.84,21.29,21.8
2010-04-12,21.95,22.63,21.95,22.41
2010-04-13,22.49,22.61,22.02,22.55
2010-04-14,22.53,22.54,22.3,22.49
2010-04-15,22.5,22.76,22.26,22.7
2010-04-16,22.62,22.69,21.83,21.85
2010-04-19,21.83,22.11,21.74,22.06
2010-04-20,22.19,22.57,22.05,22.52
2010-04-21,22.49,22.55,22.19,22.34
2010-04-22,22.17,22.45,21.93,22.41
2010-04-23,22.48,22.83,22.22,22.77
2010-04-26,22.96,23.44,22.87,23.32
2010-04-27,23.13,23.93,23.05,23.58
2010-04-28,23.64,23.67,23.25,23.56
2010-04-29,23.67,23.94,23.545,23.79
2010-04-30,23.86,24.74,23.8,24.17
2010-05-03,24.34,25.19,24.08,25.17
2010-05-04,24.83,25.0,24.12,24.27
2010-05-05,23.94,24.165,23.4,23.69
2010-05-06,23.59,23.59,21.8,22.76
2010-05-07,22.75,23.35,22.1,22.64
2010-05-10,23.63,23.91,21.85,22.07
2010-05-11,21.79,22.52,21.74,21.97
2010-05-12,21.99,23.4,21.99,23.38
2010-05-13,23.3,24.05,23.14,23.42
2010-05-14,23.22,23.25,22.4,22.71
2010-05-17,22.74,23.0,22.21,22.7
2010-05-18,22.62,23.15,22.37,22.6
2010-05-19,22.39,22.68,22.03,22.49
2010-05-20,21.94,21.94,21.455,21.51
2010-05-21,21.25,21.94,21.0,21.8
2010-05-24,21.61,22.06,21.5,21.6
2010-05-25,20.98,21.72,20.49,21.69
2010-05-26,21.9,22.52,21.67,22.11
2010-05-27,22.56,23.03,22.45,23.02
2010-05-28,23.04,23.63,23.03,23.35
2010-06-01,23.06,23.12,22.18,22.18
2010-06-02,22.22,22.83,22.15,22.81
2010-06-03,22.91,23.5,22.74,23.42
2010-06-04,23.0,23.09,22.46,22.51
2010-06-07,22.8,23.1,22.48,22.52
2010-06-08,22.6,22.67,22.03,22.53
2010-06-09,22.66,23.44,22.55,22.63
2010-06-10,23.3,23.62,23.045,23.42
2010-06-11,23.23,23.45,22.56,22.94
2010-06-14,23.17,23.51,22.89,22.92
2010-06-15,23.1,23.58,23.08,23.57
2010-06-16,23.32,23.72,23.17,23.34
2010-06-17,23.27,23.42,23.03,23.28
2010-06-18,23.24,23.76,23.24,23.64
2010-06-21,23.92,24.44,23.42,23.6
2010-06-22,23.41,23.47,22.27,22.4
2010-06-23,22.4,22.53,22.01,22.21
2010-06-24,22.11,22.58,21.715,21.78
2010-06-25,21.79,21.98,21.52,21.85
2010-06-28,21.79,22.11,21.63,21.99
2010-06-29,21.75,21.75,21.11,21.26
2010-06-30,21.15,21.79,21.06,21.21
2010-07-01,21.24,21.36,21.04,21.19
2010-07-02,21.29,21.51,21.0,21.0
2010-07-06,21.36,21.73,21.16,21.37
2010-07-07,21.43,22.17,21.39,22.11
2010-07-08,22.4,22.4374,22.02,22.33
2010-07-09,22.36,22.63,22.19,22.63
2010-07-12,22.59,23.0,22.46,23.0
2010-07-13,23.2,23.33,22.57,22.9
2010-07-14,22.88,23.0,22.37,22.81
2010-07-15,22.74,22.95,22.49,22.87
2010-07-16,22.76,22.82,22.2,22.25
2010-07-19,22.3,22.6,22.01,22.46
2010-07-20,22.2,22.58,21.93,22.54
2010-07-21,22.53,22.66,21.89,22.04
2010-07-22,22.36,22.56,22.2103,22.4
2010-07-23,22.45,22.96,22.19,22.89
2010-07-26,22.91,23.42,22.91,23.26
2010-07-27,23.4,23.5,23.19,23.44
2010-07-28,23.3,23.54,23.14,23.17
2010-07-29,23.27,23.28,22.21,22.42
2010-07-30,22.23,22.82,21.96,22.68
2010-08-02,23.81,23.81,22.95,23.0
2010-08-03,22.94,23.53,22.75,23.24
2010-08-04,23.32,23.41,22.76,23.19
2010-08-05,23.0,23.23,22.77,23.23
2010-08-06,23.09,23.26,22.56,22.99
2010-08-09,23.0,23.21,22.9,23.03
2010-08-10,22.79,23.38,22.55,23.09
2010-08-11,22.74,23.0999,22.46,22.57
2010-08-12,22.25,22.72,22.19,22.41
2010-08-13,22.3,22.73,21.81,21.96
2010-08-16,21.76,22.22,21.49,21.92
2010-08-17,22.1,22.1,21.77,21.95
2010-08-18,21.87,21.98,21.61,21.79
2010-08-19,21.71,21.71,21.2,21.29
2010-08-20,21.14,21.23,20.59,20.73
2010-08-23,20.87,21.25,20.74,20.81
2010-08-24,20.51,20.62,20.26,20.32
2010-08-25,20.19,20.55,20.15,20.47
2010-08-26,20.63,20.69,20.16,20.26
2010-08-27,20.45,20.71,20.02,20.63
2010-08-30,20.61,20.91,20.32,20.32
2010-08-31,20.21,20.66,20.04,20.32
2010-09-01,20.61,21.1,20.47,21.04
2010-09-02,21.05,21.62,20.94,21.59
2010-09-03,21.83,21.85,21.28,21.65
2010-09-07,21.56,21.6,21.22,21.27
2010-09-08,21.31,21.56,21.28,21.37
2010-09-09,21.62,21.92,21.57,21.79
2010-09-10,21.87,22.01,21.665,21.84
2010-09-13,22.08,22.085,21.74,21.88
2010-09-14,21.8,21.83,21.34,21.65
2010-09-15,21.58,21.69,21.49,21.66
2010-09-16,21.56,21.68,21.49,21.57
2010-09-17,22.04,22.04,21.43,21.54
2010-09-20,21.09,21.28,21.045,21.26
2010-09-21,21.2,21.5199,21.06,21.11
2010-09-22,21.01,21.26,20.86,21.01
2010-09-23,20.88,21.06,20.58,20.6
2010-09-24,20.88,20.97,20.68,20.75
2010-09-27,20.73,20.92,20.67,20.7
2010-09-28,20.84,21.01,20.65,20.89
2010-09-29,20.79,20.9,20.63,20.81
2010-09-30,20.85,21.09,20.76,20.82
2010-10-01,21.02,21.14,20.89,21.09
2010-10-04,21.01,21.15,20.68,20.8
2010-10-05,21.01,21.36,21.0,21.26
2010-10-06,21.2,21.48,21.2,21.45
2010-10-07,21.54,21.64,21.4,21.49
2010-10-08,21.51,21.51,21.25,21.31
2010-10-11,21.24,21.29,21.08,21.14
2010-10-12,21.07,21.09,20.95,20.98
2010-10-13,21.02,21.31,20.98,21.22
2010-10-14,21.15,21.22,20.85,20.9
2010-10-15,21.04,21.04,20.73,20.86
2010-10-18,20.88,21.02,20.79,20.86
2010-10-19,20.69,20.79,20.37,20.46
2010-10-20,20.54,20.76,20.45,20.55
2010-10-21,20.68,20.81,20.2,20.34
2010-10-22,20.36,20.44,20.0275,20.24
2010-10-25,20.35,20.55,20.06,20.18
2010-10-26,20.1,20.31,19.9,20.14
2010-10-27,19.97,20.05,19.61,19.91
2010-10-28,20.01,20.18,19.73,19.79
2010-10-29,19.75,20.018,19.75,19.91
2010-11-01,20.0,20.03,19.63,19.74
2010-11-02,19.88,19.98,19.78,19.89
2010-11-03,19.97,20.14,19.74,20.04
2010-11-04,19.99,20.09,19.61,19.93
2010-11-05,19.97,20.35,19.8,20.1
2010-11-08,20.25,20.26,19.97,20.17
2010-11-09,20.2,20.41,20.07,20.21
2010-11-10,20.17,20.2,19.73,20.07
2010-11-11,19.99,20.215,19.8,20.16
2010-11-12,20.07,20.07,19.54,19.61
2010-11-15,19.66,19.89,19.66,19.79
2010-11-16,19.64,19.64,19.2,19.44
2010-11-17,19.48,19.6914,19.35,19.47
2010-11-18,19.61,19.65,19.4,19.52
2010-11-19,19.43,19.45,19.11,19.35
2010-11-22,19.3,19.61,19.21,19.58
2010-11-23,19.51,19.51,19.23,19.4
2010-11-24,19.46,19.78,19.43,19.76
2010-11-26,19.61,19.67,19.5,19.62
2010-11-29,19.52,19.58,19.38,19.55
2010-11-30,19.39,19.55,19.36,19.38
2010-12-01,19.6,19.7,19.15,19.16
2010-12-02,19.17,19.315,19.09,19.19
2010-12-03,19.12,19.22,19.02,19.15
2010-12-06,19.08,19.15,19.0,19.09
2010-12-07,19.2,19.23,18.85,18.85
2010-12-08,18.92,18.98,18.57,18.61
2010-12-09,18.65,18.9,18.55,18.75
2010-12-10,18.91,18.93,18.63,18.7
2010-12-13,18.91,19.19,18.7,18.74
2010-12-14,18.72,18.84,18.625,18.68
2010-12-15,18.65,18.79,18.5,18.51
2010-12-16,18.49,18.58,18.3,18.31
2010-12-17,18.33,18.71,18.22,18.67
2010-12-20,18.72,18.82,18.53,18.7
2010-12-21,18.77,18.79,18.61,18.69
2010-12-22,18.69,19.15,18.66,19.1
2010-12-23,19.1,19.23,18.932,19.19
2010-12-27,19.1,19.21,19.0,19.17
2010-12-28,19.17,19.29,19.04,19.23
2010-12-29,19.23,19.62,19.13,19.56
2010-12-30,19.53,19.71,19.45,19.55
2010-12-31,19.49,19.64,19.27,19.54
2011-01-03,19.72,20.01,19.57,19.83
2011-01-04,19.85,19.89,19.64,19.84
2011-01-05,19.73,19.78,19.5697,19.64
2011-01-06,19.64,19.64,19.41,19.52
2011-01-07,19.53,19.64,19.37,19.63
2011-01-10,20.49,20.55,19.56,19.77
2011-01-11,19.8,20.3,19.78,20.18
2011-01-12,20.32,20.33,20.04,20.12
2011-01-13,20.15,20.31,20.09,20.23
2011-01-14,20.24,20.27,20.13,20.24
2011-01-18,20.21,20.27,20.11,20.2
2011-01-19,20.22,20.22,19.84,20.05
2011-01-20,20.06,20.57,20.05,20.46
2011-01-21,20.64,20.77,20.51,20.61
2011-01-24,20.65,20.73,20.38,20.71
2011-01-25,20.68,21.01,20.63,20.85
2011-01-26,20.9,21.44,20.87,21.07
2011-01-27,20.98,21.63,20.98,21.53
2011-01-28,21.57,21.7,20.91,20.99
2011-01-31,21.08,21.2,20.64,20.75
2011-02-01,20.86,21.16,20.82,20.89
2011-02-02,20.86,21.15,20.74,20.76
2011-02-03,20.8,21.36,20.67,21.28
2011-02-04,21.25,21.25,20.63,20.73
2011-02-07,20.65,21.26,20.59,21.17
2011-02-08,21.12,21.12,20.65,20.74
2011-02-09,20.77,20.85,20.55,20.68
2011-02-10,20.59,20.88,20.59,20.86
2011-02-11,20.76,21.04,20.61,20.9
2011-02-14,20.85,20.91,20.56,20.63
2011-02-15,20.65,20.92,20.58,20.88
2011-02-16,20.91,21.06,20.63,20.76
2011-02-17,20.72,20.92,20.66,20.84
2011-02-18,20.84,21.06,20.77,20.89
2011-02-22,20.53,20.7,19.9,19.97
2011-02-23,20.0,20.26,19.75,19.8
2011-02-24,19.84,19.87,19.22,19.3
2011-02-25,19.38,19.7,19.37,19.55
2011-02-28,19.63,20.05,19.55,19.99
2011-03-01,20.02,20.19,19.5,19.52
2011-03-02,19.53,19.64,19.305,19.36
2011-03-03,19.53,19.76,19.3,19.43
2011-03-04,19.46,19.6,19.2,19.38
2011-03-07,19.38,19.63,19.13,19.22
2011-03-08,19.16,19.64,19.09,19.55
2011-03-09,19.53,19.82,19.45,19.78
2011-03-10,19.55,19.63,19.265,19.29
2011-03-11,19.22,19.885,19.19,19.79
2011-03-14,19.32,20.54,19.32,20.17
2011-03-15,19.71,20.26,19.69,20.13
2011-03-16,20.06,20.73,19.98,20.21
2011-03-17,20.52,20.6601,20.26,20.5
2011-03-18,20.68,20.77,20.44,20.72
2011-03-21,20.9,21.0,20.8,20.86
2011-03-22,20.95,21.15,20.7,21.1
2011-03-23,21.0,21.19,20.78,21.08
2011-03-24,21.13,21.21,20.82,21.14
2011-03-25,21.14,21.4985,21.1,21.33
2011-03-28,21.32,21.44,21.23,21.28
2011-03-29,21.3,21.665,21.18,21.6
2011-03-30,21.71,21.95,21.38,21.84
2011-03-31,21.82,21.82,21.49,21.54
2011-04-01,21.69,21.8,21.39,21.65
2011-04-04,21.65,21.7,21.21,21.38
2011-04-05,21.33,21.38,21.05,21.12
2011-04-06,21.25,21.47,21.21,21.32
2011-04-07,21.32,21.87,21.31,21.8
2011-04-08,21.89,21.96,21.4,21.52
2011-04-11,21.5,21.58,21.33,21.47
2011-04-12,21.45,21.46,21.25,21.34
2011-04-13,21.33,21.66,21.3,21.31
2011-04-14,21.18,21.5,21.14,21.34
2011-04-15,21.4,21.73,21.36,21.66
2011-04-18,21.46,21.62,21.09,21.49
2011-04-19,21.46,22.08,21.37,21.88
2011-04-20,22.15,22.58,22.03,22.46
2011-04-21,22.51,22.86,22.4,22.86
2011-04-25,22.8,22.81,22.4,22.58
2011-04-26,22.7,23.41,22.67,23.33
2011-04-27,23.39,23.93,23.27,23.9
2011-04-28,23.82,23.94,23.52,23.93
2011-04-29,23.88,24.24,23.7,24.2
2011-05-02,24.28,24.3,23.94,24.12
2011-05-03,24.1,24.31,23.715,23.83
2011-05-04,23.85,24.18,23.61,23.81
2011-05-05,23.48,24.205,23.45,23.72
2011-05-06,23.98,24.37,23.93,24.09
2011-05-09,24.04,24.42,23.94,24.37
2011-05-10,24.49,25.14,24.46,24.95
2011-05-11,24.93,25.05,24.78,24.87
2011-05-12,24.85,24.87,24.57,24.77
2011-05-13,24.74,24.84,24.35,24.52
2011-05-16,24.52,24.89,24.43,24.69
2011-05-17,24.65,24.93,24.53,24.64
2011-05-18,24.65,24.845,24.57,24.78
2011-05-19,24.78,24.94,24.71,24.92
2011-05-20,24.88,25.54,24.75,25.27
2011-05-23,25.0,25.11,24.6,24.7
2011-05-24,24.77,24.98,24.55,24.59
2011-05-25,24.52,24.84,24.37,24.7
2011-05-26,24.66,24.77,24.48,24.71
2011-05-27,24.74,24.84,24.57,24.59
2011-05-31,24.86,24.96,24.54,24.76
2011-06-01,24.72,24.85,24.31,24.31
2011-06-02,24.41,24.41,23.99,24.03
2011-06-03,23.75,24.1,23.6,23.89
2011-06-06,23.9,24.32,23.79,23.8
2011-06-07,23.9,24.3,23.86,23.9
2011-06-08,23.93,24.255,23.845,24.14
2011-06-09,24.13,24.31,24.005,24.1
2011-06-10,24.09,24.16,23.740099999999998,23.79
2011-06-13,23.8,23.83,23.5,23.63
2011-06-14,23.8,23.93,23.53,23.74
2011-06-15,23.62,23.77,22.96,23.06
2011-06-16,23.12,23.33,22.74,22.97
2011-06-17,23.16,23.58,23.05,23.31
2011-06-20,23.2,23.65,23.2,23.49
2011-06-21,23.65,23.89,23.62,23.72
2011-06-22,23.55,23.78,23.38,23.4
2011-06-23,23.11,23.26,22.87,23.23
2011-06-24,23.22,23.43,22.77,22.8
2011-06-27,22.8,23.08,22.8,23.06
2011-06-28,23.51,24.04,23.44,23.91
2011-06-29,24.16,24.34,24.0001,24.29
2011-06-30,24.38,24.64,24.25,24.58
2011-07-01,24.5,24.89,24.36,24.8
2011-07-05,24.81,24.81,24.22,24.22
2011-07-06,24.15,24.17,23.93,24.01
2011-07-07,24.23,24.27,23.87,24.23
2011-07-08,24.01,24.23,23.86,24.2
2011-07-11,23.9,23.93,23.31,23.39
2011-07-12,23.36,23.91,23.26,23.71
2011-07-13,23.84,24.42,23.75,23.99
2011-07-14,23.99,24.6,23.95,24.09
2011-07-15,24.19,24.4611,24.04,24.3
2011-07-18,24.17,24.29,24.055,24.19
2011-07-19,24.37,24.8,24.335,24.79
2011-07-20,24.8,24.99,24.52,24.57
2011-07-21,24.75,24.97,24.51,24.95
2011-07-22,25.01,25.02,24.675,24.75
2011-07-25,24.89,25.66,24.89,25.41
2011-07-26,25.33,25.33,25.11,25.17
2011-07-27,25.08,25.17,24.84,25.12
2011-07-28,25.11,25.22,24.825,24.85
2011-07-29,24.62,24.85,24.44,24.52
2011-08-01,24.76,24.81,24.23,24.44
2011-08-02,24.28,24.47,23.665,23.69
2011-08-03,23.69,23.78,23.15,23.66
2011-08-04,23.6,24.35,22.14,22.16
2011-08-05,22.48,23.03,21.29,22.16
2011-08-08,21.65,22.53,20.31,20.35
2011-08-09,20.64,21.54,19.98,21.48
2011-08-10,20.93,21.5,20.38,21.02
2011-08-11,21.07,22.74,21.02,22.45
2011-08-12,22.67,23.01,22.17,22.27
2011-08-15,22.43,22.97,22.33,22.87
2011-08-16,22.54,22.8,22.23,22.44
2011-08-17,22.62,23.04,22.13,22.26
2011-08-18,21.78,21.86,21.08,21.79
2011-08-19,21.47,21.96,21.34,21.38
2011-08-22,21.83,21.93,21.0,21.19
2011-08-23,21.63,21.81,21.3,21.72
2011-08-24,21.65,22.34,21.63,22.31
2011-08-25,22.39,22.47,21.53,21.59
2011-08-26,21.5,22.06,21.08,21.91
2011-08-29,22.09,22.69,22.09,22.64
2011-08-30,22.56,22.78,22.34,22.61
2011-08-31,22.84,23.56,22.72,23.44
2011-09-01,23.39,23.84,23.39,23.55
2011-09-02,23.09,23.325,22.84,23.16
2011-09-06,22.5,22.81,22.28,22.8
2011-09-07,23.17,23.62,23.11,23.55
2011-09-08,23.5,24.06,23.41,23.54
2011-09-09,23.31,23.45,22.63,22.71
2011-09-12,22.52,22.96,22.41,22.94
2011-09-13,23.1,23.21,22.72,23.18
2011-09-14,23.21,23.49,22.75,23.19
2011-09-15,23.35,23.88,23.245,23.79
2011-09-16,23.87,24.12,23.37,23.44
2011-09-19,23.0,23.08,22.74,22.97
2011-09-20,23.12,23.62,22.67,23.0
2011-09-21,23.0,23.1,22.34,22.37
2011-09-22,21.77,21.88,21.43,21.7
2011-09-23,21.53,22.295,21.51,21.76
2011-09-26,21.91,22.12,21.43,21.92
2011-09-27,22.38,22.42,21.62,21.7
2011-09-28,21.81,21.97,21.19,21.23
2011-09-29,21.59,21.78,21.32,21.64
2011-09-30,21.37,21.61,21.09,21.21
2011-10-03,21.0,21.14,19.9,19.93
2011-10-04,19.52,19.6089,18.65,19.57
2011-10-05,19.58,20.55,19.43,20.51
2011-10-06,20.38,21.11,20.19,20.83
2011-10-07,20.92,20.92,20.15,20.4
2011-10-10,20.73,20.92,20.64,20.89
2011-10-11,20.67,21.04,20.575,20.78
2011-10-12,21.0,21.23,20.69,20.99
2011-10-13,20.84,20.95,20.47,20.91
2011-10-14,21.17,21.25,20.97,21.14
2011-10-17,21.03,21.16,20.47,20.52
2011-10-18,20.58,21.11,20.34,21.03
2011-10-19,21.01,21.41,20.79,20.89
2011-10-20,20.89,20.99,20.45,20.92
2011-10-21,21.16,21.63,21.08,21.43
2011-10-24,21.42,21.67,21.21,21.48
2011-10-25,21.4,21.4,20.88,20.92
2011-10-26,21.2,21.27,20.59,20.81
2011-10-27,21.3,22.16,21.26,21.92
2011-10-28,21.89,21.92,21.57,21.71
2011-10-31,21.43,21.66,21.18,21.42
2011-11-01,20.76,21.02,20.42,20.51
2011-11-02,20.77,21.105,20.75,21.0
2011-11-03,21.09,22.46,20.71,21.69
2011-11-04,21.5,21.65,21.31,21.52
2011-11-07,21.45,22.1,21.36,21.96
2011-11-08,22.06,22.61,21.94,22.57
2011-11-09,21.91,22.04,21.56,21.62
2011-11-10,22.03,22.13,21.46,21.64
2011-11-11,21.98,22.07,21.77,21.91
2011-11-14,21.93,22.0392,21.52,21.59
2011-11-15,21.53,21.64,21.36,21.36
2011-11-16,21.19,21.28,20.815,20.87
2011-11-17,20.85,21.06,20.48,20.74
2011-11-18,20.86,21.01,20.52,20.52
2011-11-21,20.29,20.34,19.95,20.16
2011-11-22,20.18,20.18,19.78,19.86
2011-11-23,19.67,19.69,18.76,18.77
2011-11-25,18.81,19.01,18.71,18.71
2011-11-28,19.21,19.46,18.79,19.01
2011-11-29,19.14,19.17,18.86,19.01
2011-11-30,19.5,19.7,19.28,19.68
2011-12-01,19.69,19.85,19.6,19.67
2011-12-02,19.82,19.82,19.33,19.37
2011-12-05,19.61,19.71,19.32,19.38
2011-12-06,19.38,19.47,19.34,19.37
2011-12-07,19.22,19.69,19.14,19.53
2011-12-08,19.12,19.325,18.57,18.61
2011-12-09,18.64,18.975,18.64,18.93
2011-12-12,18.75,18.79,18.16,18.29
2011-12-13,18.37,18.87,18.33,18.39
2011-12-14,18.27,18.39,17.97,18.0
2011-12-15,18.28,18.44,18.18,18.21
2011-12-16,18.31,18.52,18.02,18.31
2011-12-19,18.23,18.4,17.47,17.57
2011-12-20,17.88,18.68,17.86,18.62
2011-12-21,18.63,18.75,18.32,18.64
2011-12-22,18.59,18.75,18.43,18.66
2011-12-23,18.71,18.76,18.47,18.57
2011-12-27,18.48,18.715,18.48,18.58
2011-12-28,18.59,18.59,18.16,18.17
2011-12-29,18.28,18.29,18.07,18.25
2011-12-30,18.29,18.32,18.03,18.12
2012-01-03,18.44,18.46,17.89,17.97
2012-01-04,17.91,18.03,17.84,17.98
2012-01-05,17.96,18.11,17.73,18.05
2012-01-06,18.01,18.13,17.6713,17.69
2012-01-09,17.68,17.7,17.41,17.54
2012-01-10,17.78,18.0,17.57,17.63
2012-01-11,17.56,17.6,17.31,17.59
2012-01-12,17.7,17.84,17.41,17.63
2012-01-13,17.44,17.77,17.41,17.69
2012-01-17,17.9,17.94,17.19,17.24
2012-01-18,17.31,17.42,17.12,17.24
2012-01-19,17.26,17.29,16.32,16.42
2012-01-20,16.46,16.51,16.06,16.15
2012-01-23,16.22,17.195,16.22,16.63
2012-01-24,16.52,16.61,16.24,16.5
2012-01-25,16.44,17.39,16.4,17.33
2012-01-26,17.37,17.4,16.92,17.08
2012-01-27,16.99,17.0,16.58,16.68
2012-01-30,16.58,16.88,16.48,16.8
2012-01-31,16.92,17.1,16.75,16.88
2012-02-01,16.91,16.99,16.7,16.81
2012-02-02,16.83,16.92,16.59,16.86
2012-02-03,16.99,17.3,16.87,17.26
2012-02-06,17.18,17.2,16.85,16.95
2012-02-07,16.95,17.16,16.72,17.12
2012-02-08,17.1,17.23,16.98,17.12
2012-02-09,17.11,17.18,16.84,17.08
2012-02-10,16.95,17.34,16.7,17.32
2012-02-13,17.46,17.665,16.995,17.08
2012-02-14,16.97,17.1,16.66,17.05
2012-02-15,17.06,17.2,16.91,16.93
2012-02-16,16.99,17.4,16.73,17.34
2012-02-17,17.44,17.55,17.31,17.5
2012-02-21,17.61,17.875,17.5,17.77
2012-02-22,17.8,17.82,17.49,17.55
2012-02-23,17.54,17.76,17.4,17.74
2012-02-24,17.75,17.99,17.66,17.85
2012-02-27,17.78,17.79,17.55,17.6
2012-02-28,17.49,17.66,16.995,17.55
2012-02-29,17.47,17.47,16.77,17.1
2012-03-01,17.21,17.4,17.1,17.2
2012-03-02,17.27,17.5,17.2,17.29
2012-03-05,17.26,17.31,17.01,17.19
2012-03-06,17.0,17.15,16.665,16.72
2012-03-07,16.76,16.78,16.55,16.62
2012-03-08,16.77,16.86,16.6,16.69
2012-03-09,16.81,16.87,16.64,16.73
2012-03-12,16.74,16.83,16.42,16.48
2012-03-13,16.53,16.73,16.45,16.72
2012-03-14,16.73,16.9,16.54,16.6
2012-03-15,16.59,16.63,16.27,16.41
2012-03-16,16.33,16.7725,16.3,16.77
2012-03-19,16.73,16.78,16.39,16.41
2012-03-20,16.37,16.52,16.15,16.48
2012-03-21,16.51,16.99,16.42,16.92
2012-03-22,16.79,16.82,16.46,16.65
2012-03-23,16.61,16.89,16.55,16.71
2012-03-26,16.87,16.96,16.34,16.58
2012-03-27,16.63,16.71,16.33,16.5
2012-03-28,16.51,16.56,16.06,16.11
2012-03-29,16.04,16.08,15.53,15.74
2012-03-30,15.85,15.85,15.63,15.67
2012-04-02,15.66,15.69,15.43,15.6
2012-04-03,15.56,15.66,15.25,15.5
2012-04-04,15.58,15.78,15.46,15.55
2012-04-05,15.48,15.55,15.09,15.18
2012-04-09,15.0,15.06,14.8,14.86
2012-04-10,14.84,14.94,14.54,14.62
2012-04-11,14.79,14.87,14.59,14.65
2012-04-12,14.64,14.865,14.535,14.74
2012-04-13,14.67,14.84,14.49,14.58
2012-04-16,14.66,14.76,14.29,14.34
2012-04-17,14.75,15.25,14.6,15.03
2012-04-18,15.01,15.17,14.85,14.97
2012-04-19,14.92,15.1,14.75,15.06
2012-04-20,15.1,15.44,15.06,15.39
2012-04-23,15.24,15.44,15.17,15.35
2012-04-24,15.35,16.04,15.34,15.9
2012-04-25,16.04,16.47,15.92,16.36
2012-04-26,16.36,16.72,16.25,16.69
2012-04-27,16.71,16.88,16.4,16.63
2012-04-30,16.55,17.03,16.5,17.0
2012-05-01,16.93,17.06,16.83,16.97
2012-05-02,16.92,16.92,16.55,16.61
2012-05-03,16.03,16.49,15.6,16.21
2012-05-04,16.14,16.16,15.16,15.47
2012-05-07,15.46,15.7275,15.325,15.49
2012-05-08,15.38,15.42,14.95,15.16
2012-05-09,15.0,15.56,14.81,15.42
2012-05-10,15.69,16.28,15.66,16.13
2012-05-11,16.05,16.46,16.0,16.29
2012-05-14,16.12,16.29,16.01,16.07
2012-05-15,16.01,16.15,15.62,15.72
2012-05-16,15.77,16.05,15.77,15.77
2012-05-17,15.78,15.98,15.5,15.62
2012-05-18,15.66,15.76,15.32,15.44
2012-05-21,15.49,15.79,15.36,15.76
2012-05-22,15.74,16.0,15.67,15.84
2012-05-23,15.71,15.83,15.27,15.67
2012-05-24,15.72,15.827,15.5375,15.69
2012-05-25,15.73,15.9,15.59,15.64
2012-05-29,15.75,15.87,15.6,15.72
2012-05-30,15.57,15.639,15.21,15.32
2012-05-31,15.37,15.47,15.0417,15.32
2012-06-01,15.08,15.12,14.82,14.84
2012-06-04,14.89,15.15,14.65,15.14
2012-06-05,15.06,15.6,15.06,15.49
2012-06-06,15.61,16.09,15.56,16.07
2012-06-07,16.21,16.3,15.74,15.82
2012-06-08,15.78,16.01,15.65,15.93
2012-06-11,16.1,16.28,15.24,15.24
2012-06-12,15.27,15.33,14.94,15.3
2012-06-13,15.26,15.26,14.94,15.03
2012-06-14,15.07,15.25,14.83,15.09
2012-06-15,15.15,15.15,14.69,15.02
2012-06-18,14.91,15.22,14.86,15.21
2012-06-19,15.26,15.87,15.26,15.84
2012-06-20,15.87,15.975,15.7,15.81
2012-06-21,15.85,15.89,15.22,15.26
2012-06-22,15.36,15.73,15.18,15.61
2012-06-25,15.49,15.62,15.26,15.5
2012-06-26,15.51,15.7,15.33,15.61
2012-06-27,15.71,16.63,15.66,16.55
2012-06-28,16.41,16.86,16.3,16.83
2012-06-29,17.16,17.49,17.01,17.36
2012-07-02,17.44,17.48,17.155,17.26
2012-07-03,17.29,17.7,17.27,17.67
2012-07-05,17.56,17.63,17.26,17.31
2012-07-06,17.09,17.53,16.93,17.14
2012-07-09,17.08,17.2116,16.85,16.95
2012-07-10,17.1,17.1,16.66,16.83
2012-07-11,16.81,17.17,16.77,17.1
2012-07-12,16.98,17.31,16.89,17.23
2012-07-13,17.31,17.7,17.27,17.6
2012-07-16,17.65,17.65,17.295,17.46
2012-07-17,17.55,17.69,17.42,17.49
2012-07-18,17.47,17.975,17.4,17.93
2012-07-19,17.92,18.14,17.75,18.1
2012-07-20,17.97,18.35,17.92,18.05
2012-07-23,20.0,20.12,19.22,19.52
2012-07-24,19.49,19.49,18.56,18.75
2012-07-25,18.85,19.16,18.755,19.02
2012-07-26,19.26,19.675,18.98,19.6
2012-07-27,19.67,19.87,19.42,19.78
2012-07-30,19.7,19.89,19.64,19.89
2012-07-31,19.81,19.96,19.71,19.82
2012-08-01,19.83,20.01,19.62,19.75
2012-08-02,19.55,19.69,18.83,19.09
2012-08-03,19.38,19.6,19.18,19.41
2012-08-06,19.5,19.74,19.39,19.59
2012-08-07,19.61,19.99,19.505,19.54
2012-08-08,19.81,20.3,19.67,20.24
2012-08-09,20.17,21.06,20.15,20.88
2012-08-10,20.82,20.89,20.47,20.86
2012-08-13,20.83,20.88,20.5,20.67
2012-08-14,20.71,20.91,20.54,20.91
2012-08-15,20.85,20.96,20.63,20.87
2012-08-16,20.96,21.09,20.815,20.99
2012-08-17,21.0,21.82,20.9,21.54
2012-08-20,21.55,22.29,21.39,22.26
2012-08-21,22.26,22.915,21.69,21.85
2012-08-22,21.75,21.9,21.42,21.48
2012-08-23,21.5,21.52,20.99,21.21
2012-08-24,21.18,21.25,21.03,21.18
2012-08-27,21.24,21.33,21.01,21.2
2012-08-28,21.14,21.31,21.09,21.16
2012-08-29,21.17,21.27,21.13,21.2
2012-08-30,21.05,21.26,20.99,21.21
2012-08-31,21.3,21.39,21.17,21.34
2012-09-04,21.3,21.6,21.08,21.53
2012-09-05,21.51,21.53,21.25,21.36
2012-09-06,21.45,22.36,21.38,22.33
2012-09-07,22.27,22.29,21.36,21.78
2012-09-10,22.11,22.29,21.93,21.96
2012-09-11,21.96,22.35,21.79,22.31
2012-09-12,22.31,22.41,22.05,22.34
2012-09-13,22.37,22.37,21.42,21.8
2012-09-14,21.8,22.25,21.77,22.1
2012-09-17,22.06,22.16,21.71,21.77
2012-09-18,21.41,21.69,21.38,21.45
2012-09-19,21.5,21.6,21.31,21.45
2012-09-20,21.41,21.63,21.27,21.48
2012-09-21,21.56,21.91,21.53,21.89
2012-09-24,21.81,22.135,21.77,22.02
2012-09-25,22.06,22.16,21.67,21.72
2012-09-26,21.76,21.795,21.25,21.4
2012-09-27,21.42,21.88,21.41,21.58
2012-09-28,21.53,21.71,21.07,21.39
2012-10-01,21.36,21.92,21.36,21.63
2012-10-02,21.78,21.91,21.62,21.86
2012-10-03,21.93,22.53,21.9,22.18
2012-10-04,22.26,22.67,22.17,22.62
2012-10-05,22.69,22.915,22.41,22.76
2012-10-08,22.65,22.95,22.55,22.95
2012-10-09,22.88,23.5,22.88,23.09
2012-10-10,23.11,23.2,22.87,23.02
2012-10-11,23.17,23.78,23.1,23.65
2012-10-12,23.72,23.75,22.99,23.02
2012-10-15,23.12,23.3,22.8,23.27
2012-10-16,23.19,23.37,22.79,23.23
2012-10-17,23.41,23.5,23.17,23.44
2012-10-18,23.31,23.72,23.24,23.27
2012-10-19,23.2,23.38,23.15,23.28
2012-10-22,23.29,23.5,22.9,23.02
2012-10-23,22.66,22.74,21.77,22.4
2012-10-24,22.55,22.88,22.34,22.52
2012-10-25,22.65,22.76,22.06,22.25
2012-10-26,22.52,22.59,21.81,21.94
2012-10-31,22.07,22.24,21.48,21.56
2012-11-01,21.39,21.81,21.34,21.55
2012-11-02,21.54,21.72,21.18,21.21
2012-11-05,21.56,21.64,20.96,21.0
2012-11-06,21.17,21.83,21.13,21.29
2012-11-07,21.11,21.14,20.57,20.79
2012-11-08,20.83,21.06,20.62,20.62
2012-11-09,20.56,21.03,20.43,20.53
2012-11-12,20.34,21.0,20.03,20.21
2012-11-13,20.07,20.19,19.62,19.67
2012-11-14,19.52,19.74,19.34,19.42
2012-11-15,19.48,19.66,19.15,19.59
2012-11-16,19.63,19.89,19.28,19.78
2012-11-19,19.95,19.95,19.49,19.75
2012-11-20,19.65,19.83,19.38,19.81
2012-11-21,19.92,20.06,19.74,19.98
2012-11-23,19.96,20.08,19.715,19.95
2012-11-26,19.85,20.22,19.68,20.21
2012-11-27,20.13,20.8,19.93,20.67
2012-11-28,20.53,20.83,20.26,20.8
2012-11-29,20.96,21.14,20.72,21.02
2012-11-30,21.07,21.36,20.9,21.1
2012-12-03,21.19,21.23,20.83,21.13
2012-12-04,21.12,21.345,21.07,21.22
2012-12-05,21.21,21.82,21.08,21.73
2012-12-06,21.73,22.13,21.73,21.92
2012-12-07,21.95,22.07,21.75,21.88
2012-12-10,21.85,22.46,21.7201,22.18
2012-12-11,22.24,22.58,22.17,22.44
2012-12-12,22.46,22.76,22.16,22.58
2012-12-13,22.49,22.88,22.3809,22.74
2012-12-14,22.77,23.54,22.75,23.0
2012-12-17,23.21,23.5,23.165,23.45
2012-12-18,23.5,23.74,23.11,23.11
2012-12-19,23.09,23.13,22.27,22.78
2012-12-20,22.88,23.21,22.79,23.19
2012-12-21,22.96,23.02,22.55,22.87
2012-12-24,22.84,22.88,22.53,22.76
2012-12-26,22.78,22.94,22.56,22.6
2012-12-27,22.59,22.98,22.48,22.93
2012-12-28,22.84,22.98,22.57,22.59
2012-12-31,22.53,23.03,22.375,22.99
2013-01-02,23.38,23.4,22.62,22.9
2013-01-03,22.84,23.09,22.64,22.96
2013-01-04,23.03,23.35,22.86,23.18
2013-01-07,23.11,23.18,22.64,22.68
2013-01-08,22.64,22.88,22.6,22.88
2013-01-09,22.94,22.995,22.72,22.8
2013-01-10,22.86,23.16,22.66,23.14
2013-01-11,23.62,23.81,23.36,23.56
2013-01-14,23.5,23.54,23.15,23.2
2013-01-15,23.03,23.73,23.03,23.42
2013-01-16,23.34,23.385,23.165,23.26
2013-01-17,23.43,23.76,23.36,23.68
2013-01-18,23.73,23.89,23.38,23.89
2013-01-22,23.82,24.27,23.69,23.92
2013-01-23,23.88,23.9,23.6,23.88
2013-01-24,23.86,24.08,23.62,23.67
2013-01-25,23.8,23.82,23.48,23.59
2013-01-28,23.57,23.62,23.195,23.58
2013-01-29,23.52,23.9309,23.4526,23.88
2013-01-30,23.65,23.95,23.594,23.86
2013-01-31,23.81,24.14,23.79,24.0
2013-02-01,24.24,24.24,23.94,24.05
2013-02-04,23.96,24.0,23.61,23.65
2013-02-05,23.71,23.825,23.59,23.72
2013-02-06,23.57,24.29,23.53,24.27
2013-02-07,24.3,24.36,24.06,24.16
2013-02-08,24.14,24.185,23.92,24.13
2013-02-11,24.04,24.19,23.94,24.12
2013-02-12,24.15,24.56,24.1067,24.24
2013-02-13,24.21,24.35,24.045,24.12
2013-02-14,24.01,24.21,23.87,23.89
2013-02-15,24.0,24.09,23.83,23.94
2013-02-19,24.0,24.56,23.94,24.53
2013-02-20,24.5,24.5,24.0196,24.02
2013-02-21,24.0,24.14,23.82,23.95
2013-02-22,23.99,24.1,23.88,24.03
2013-02-25,24.1,24.37,23.64,23.65
2013-02-26,23.71,24.01,23.43,23.83
2013-02-27,23.82,24.245,23.8,24.0
2013-02-28,24.07,24.3,23.85,24.0
2013-03-01,24.03,24.28,23.82,24.0
2013-03-04,24.0,24.13,23.93,24.13
2013-03-05,24.27,24.55,24.2,24.48
2013-03-06,24.56,24.73,24.46,24.59
2013-03-07,24.63,24.77,24.5,24.7
2013-03-08,24.74,24.94,24.39,24.88
2013-03-11,24.88,25.32,24.83,25.21
2013-03-12,25.23,25.38,25.03,25.33
2013-03-13,25.35,25.5401,25.24,25.37
2013-03-14,25.44,25.87,25.33,25.87
2013-03-15,25.78,26.34,25.66,26.09
2013-03-18,25.9,26.4017,25.78,26.11
2013-03-19,26.15,26.24,25.7899,25.97
2013-03-20,26.1,26.13,25.92,25.98
2013-03-21,25.86,26.13,25.715,25.73
2013-03-22,25.75,25.945,25.59,25.78
2013-03-25,25.92,26.04,25.5,25.69
2013-03-26,25.87,25.97,25.62,25.8
2013-03-27,25.62,26.25,25.59,26.24
2013-03-28,26.3,26.51,26.22,26.49
2013-04-01,26.41,26.54,26.3,26.5
2013-04-02,26.6,26.875,26.53,26.62
2013-04-03,26.69,26.7,26.23,26.35
2013-04-04,26.33,26.64,26.26,26.39
2013-04-05,26.09,26.55,26.07,26.35
2013-04-08,26.42,26.77,26.26,26.76
2013-04-09,26.82,27.0925,26.68,26.93
2013-04-10,27.07,27.205,26.97,27.2
2013-04-11,27.15,27.32,26.98,27.27
2013-04-12,27.11,27.24,26.96,27.14
2013-04-15,27.04,27.1,26.38,26.38
2013-04-16,26.58,26.82,26.45,26.77
2013-04-17,26.64,26.64,26.211,26.4
2013-04-18,26.44,26.81,26.23,26.64
2013-04-19,26.86,27.27,26.78,27.26
2013-04-22,27.3,27.46,27.04,27.41
2013-04-23,27.47,27.59,27.34,27.48
2013-04-24,27.57,27.92,27.36,27.88
2013-04-25,27.99,28.17,27.79,27.98
2013-04-26,27.93,28.02,27.77,27.92
2013-04-29,27.89,28.18,27.84,27.94
2013-04-30,28.0,28.095,27.69,27.87
2013-05-01,27.86,27.97,27.55,27.6
2013-05-02,27.69,27.75,27.04,27.15
2013-05-03,27.34,27.71,27.301,27.61
2013-05-06,27.64,27.76,27.37,27.64
2013-05-07,27.66,27.725,27.16,27.39
2013-05-08,27.32,27.4,26.94,27.22
2013-05-09,27.21,27.3,26.81,26.87
2013-05-10,26.93,27.2,26.7,27.18
2013-05-13,27.07,27.34,27.03,27.2
2013-05-14,27.2,27.7,27.2,27.67
2013-05-15,27.56,28.17,27.49,28.01
2013-05-16,27.88,28.04,27.685,27.72
2013-05-17,27.74,28.13,27.72,28.01
2013-05-20,27.97,28.3399,27.96,28.09
2013-05-21,28.07,28.31,27.935,28.18
2013-05-22,28.11,28.67,27.65,27.77
2013-05-23,27.57,27.93,27.2301,27.81
2013-05-24,27.65,27.65,27.01,27.17
2013-05-28,26.8,26.84,25.73,26.17
2013-05-29,26.07,26.09,25.65,25.92
2013-05-30,25.99,26.3,25.63,25.68
2013-05-31,25.56,26.07,25.52,25.52
2013-06-03,25.49,25.69,25.21,25.53
2013-06-04,25.43,25.47,24.93,25.19
2013-06-05,25.14,25.3,24.93,25.24
2013-06-06,25.26,25.78,25.24,25.65
2013-06-07,26.74,27.34,26.255,27.1
2013-06-10,27.17,27.44,27.095,27.43
2013-06-11,27.21,27.55,27.09,27.12
2013-06-12,27.2,27.31,26.345,26.44
2013-06-13,26.41,26.79,26.0278,26.69
2013-06-14,26.62,27.02,26.62,27.0
2013-06-17,26.97,27.16,26.66,26.74
2013-06-18,26.8,26.96,26.645,26.79
2013-06-19,26.79,27.03,26.35,26.35
2013-06-20,26.15,26.15,25.305,25.44
2013-06-21,25.63,25.84,24.88,25.42
2013-06-24,25.79,26.11,24.86,25.94
2013-06-25,26.21,26.71,26.09,26.55
2013-06-26,26.72,27.04,26.5,26.54
2013-06-27,26.73,26.93,26.57,26.7
2013-06-28,26.62,27.2,26.51,26.7
2013-07-01,26.76,26.77,26.2,26.26
2013-07-02,26.21,26.54,25.985,26.09
2013-07-03,26.08,26.38,25.93,26.26
2013-07-05,26.36,26.45,25.81,26.14
2013-07-08,26.34,27.31,26.31,27.23
2013-07-09,27.44,27.76,27.23,27.65
2013-07-10,27.64,27.93,27.58,27.85
2013-07-11,28.0,28.69,28.0,28.67
2013-07-12,28.48,28.79,28.4,28.64
2013-07-15,28.64,29.08,28.62,29.08
2013-07-16,29.1,29.19,28.41,28.79
2013-07-17,28.89,29.15,28.27,28.41
2013-07-18,28.51,28.8,28.0,28.42
2013-07-19,28.57,28.615,28.23,28.46
2013-07-22,28.41,28.53,27.94,27.98
2013-07-23,28.11,28.37,27.83,27.94
2013-07-24,27.96,27.99,27.34,27.43
2013-07-25,27.39,27.65,27.215,27.53
2013-07-26,27.35,27.67,27.33,27.67
2013-07-29,27.59,27.65,27.21,27.25
2013-07-30,27.29,27.38,26.985,27.0
2013-07-31,27.0,27.05,26.66,26.82
2013-08-01,26.94,27.14,26.69,27.08
2013-08-02,27.23,27.28,26.9,27.04
2013-08-05,26.92,27.11,26.735,26.91
2013-08-06,26.8,26.82,26.2,26.3
2013-08-07,26.18,26.43,25.98,26.39
2013-08-08,26.41,27.07,26.41,26.9
2013-08-09,26.7,26.95,25.9516,26.35
2013-08-12,26.01,26.17,25.71,25.97
2013-08-13,25.93,25.93,25.24,25.52
2013-08-14,25.52,26.61,25.4,26.52
2013-08-15,26.28,26.42,26.08,26.4
2013-08-16,26.24,26.34,26.07,26.15
2013-08-19,26.11,26.185,25.94,26.05
2013-08-20,26.07,26.51,26.0,26.49
2013-08-21,26.38,26.98,26.15,26.43
2013-08-22,26.49,26.61,26.25,26.37
2013-08-23,26.46,26.49,26.1,26.32
2013-08-26,26.31,26.34,25.8925,25.93
2013-08-27,25.75,26.0465,25.74,25.9
2013-08-28,25.93,26.02,25.76,25.98
2013-08-29,25.89,26.19,25.74,26.0
2013-08-30,25.97,26.37,25.95,26.25
2013-09-03,26.47,26.79,25.98,26.1
2013-09-04,26.07,26.21,25.895,25.99
2013-09-05,25.9,26.06,25.7119,25.73
2013-09-06,25.69,26.3,25.69,26.06
2013-09-09,26.08,26.37,26.045,26.35
2013-09-10,26.53,26.79,26.39,26.79
2013-09-11,26.78,26.78,26.1,26.25
2013-09-12,26.04,26.54,26.04,26.36
2013-09-13,26.51,27.35,26.48,27.14
2013-09-16,27.52,27.88,27.0199,27.56
2013-09-17,27.59,28.0,27.575,27.92
2013-09-18,27.53,28.12,27.15,27.91
2013-09-19,27.96,28.25,27.715,27.8
2013-09-20,27.81,27.93,27.49,27.53
2013-09-23,27.47,28.04,27.36,27.95
2013-09-24,27.97,28.18,27.82,28.02
2013-09-25,28.04,28.24,27.88,28.04
2013-09-26,28.05,28.16,27.74,27.94
2013-09-27,27.9,28.03,27.68,27.72
2013-09-30,27.54,27.68,27.24,27.33
2013-10-01,27.37,27.68,27.32,27.45
2013-10-02,27.37,27.62,27.11,27.55
2013-10-03,27.39,27.51,27.26,27.34
2013-10-04,27.35,27.62,27.26,27.43
2013-10-07,27.33,27.42,27.17,27.26
2013-10-08,27.36,27.79,27.25,27.47
2013-10-09,27.46,27.6,27.305,27.37
2013-10-10,27.54,27.87,27.44,27.86
2013-10-11,27.91,28.23,27.75,28.13
2013-10-14,28.02,28.05,27.53,27.94
2013-10-15,27.82,28.08,27.56,27.56
2013-10-16,27.59,27.66,27.28,27.48
2013-10-17,27.31,28.02,27.232,27.96
2013-10-18,28.07,30.17,27.93,29.3
2013-10-21,29.45,29.66,28.515,28.86
2013-10-22,29.0,29.23,28.81,28.89
2013-10-23,28.8,28.9,28.295,28.42
2013-10-24,28.43,28.57,27.855,28.19
2013-10-25,28.28,30.13,28.04,30.11
2013-10-28,30.1,30.28,29.38,29.48
2013-10-29,29.54,29.637,28.98,29.18
2013-10-30,29.13,29.34,28.66,28.84
2013-10-31,28.75,28.92,28.23,28.53
2013-11-01,28.62,28.68,28.26,28.39
2013-11-04,28.44,28.56,27.92,28.25
2013-11-05,28.22,28.62,28.22,28.3
2013-11-06,28.42,28.59,27.89,28.16
2013-11-07,28.47,28.49,27.89,27.98
2013-11-08,27.88,28.34,27.5,28.32
2013-11-11,28.27,28.46,27.96,28.04
2013-11-12,27.06,27.93,26.76,27.06
2013-11-13,26.81,27.27,26.69,27.26
2013-11-14,27.28,27.29,26.93,27.12
2013-11-15,27.02,27.28,26.88,27.27
2013-11-18,27.28,27.4,26.88,27.12
2013-11-19,27.06,27.24,26.86,27.17
2013-11-20,27.17,27.52,27.07,27.23
2013-11-21,27.23,27.675,27.13,27.57
2013-11-22,27.56,27.59,27.105,27.22
2013-11-25,27.21,27.28,26.91,26.94
2013-11-26,26.94,27.0,26.47,26.6
2013-11-27,26.59,26.73,26.3,26.65
2013-11-29,26.67,26.74,26.41,26.46
2013-12-02,26.46,26.97,26.34,26.83
2013-12-03,26.76,27.41,26.62,27.4
2013-12-04,27.24,28.0,27.16,27.95
2013-12-05,27.89,28.25,27.5501,28.1
2013-12-06,28.26,28.65,28.1099,28.59
2013-12-09,28.56,28.89,28.42,28.73
2013-12-10,28.73,28.77,28.32,28.37
2013-12-11,28.32,28.36,27.82,27.95
2013-12-12,27.96,28.28,27.91,27.98
2013-12-13,28.05,28.09,27.88,27.95
2013-12-16,28.05,28.25,27.74,27.86
2013-12-17,27.84,28.11,27.79,27.87
2013-12-18,27.93,28.14,27.28,28.1
2013-12-19,28.07,28.46,27.81,28.42
2013-12-20,28.44,28.75,28.355,28.4
2013-12-23,28.57,28.6,28.32,28.37
2013-12-24,28.47,28.55,28.25,28.38
2013-12-26,28.46,28.54,28.36,28.48
2013-12-27,28.53,28.7,28.41,28.59
2013-12-30,28.56,28.75,28.5,28.63
2013-12-31,28.7,28.8193,28.57,28.72
2014-01-02,28.74,28.78,28.5,28.58
2014-01-03,28.58,28.85,28.58,28.66
2014-01-06,28.79,29.3,28.66,28.71
2014-01-07,28.75,29.05,28.5175,28.65
2014-01-08,28.64,28.84,28.41,28.45
2014-01-09,28.49,28.58,27.82,28.07
2014-01-10,28.26,28.41,27.93,28.06
2014-01-13,27.94,28.08,27.37,27.46
2014-01-14,27.42,27.8,27.4,27.79
2014-01-15,27.78,28.1425,27.71,28.03
2014-01-16,28.04,28.12,27.86,28.08
2014-01-17,28.14,28.14,27.71,28.07
2014-01-21,28.06,28.25,27.86,28.07
2014-01-22,28.12,28.39,27.86,27.89
2014-01-23,27.7,27.74,27.14,27.34
2014-01-24,27.04,27.48,26.77,26.82
2014-01-27,26.86,26.97,26.57,26.75
2014-01-28,26.79,27.21,26.73,27.2
2014-01-29,27.04,27.47,26.9,27.19
2014-01-30,27.16,27.68,27.16,27.63
2014-01-31,27.36,28.045,27.32,27.85
2014-02-03,27.9,27.98,27.33,27.43
2014-02-04,27.47,27.58,27.17,27.39
2014-02-05,27.18,27.5,27.08,27.36
2014-02-06,27.44,27.68,27.36,27.65
2014-02-07,27.82,28.03,27.565,27.61
2014-02-10,27.69,27.73,27.43,27.58
2014-02-11,27.54,27.815,27.5,27.75
2014-02-12,27.78,27.835,27.43,27.48
2014-02-13,27.41,28.28,27.4,28.28
2014-02-14,28.3,28.66,28.25,28.43
2014-02-18,28.43,28.79,28.43,28.72
2014-02-19,28.71,28.92,28.47,28.53
2014-02-20,28.5,28.79,28.22,28.72
2014-02-21,28.67,28.85,28.43,28.56
2014-02-24,28.66,29.1,28.55,28.88
2014-02-25,28.9,29.005,28.65,28.81
2014-02-26,28.88,28.9,28.57,28.71
2014-02-27,28.64,28.79,28.54,28.65
2014-02-28,28.65,29.33,28.57,29.07
2014-03-03,28.73,28.91,28.445,28.58
2014-03-04,28.84,29.14,28.57,28.86
2014-03-05,28.89,28.98,28.66,28.87
2014-03-06,28.88,29.17,28.74,28.76
2014-03-07,28.83,28.86,28.43,28.7
2014-03-10,28.72,29.1,28.7,29.02
2014-03-11,29.0,29.58,28.84,29.33
2014-03-12,29.11,29.92,28.99,29.92
2014-03-13,29.97,30.14,29.675,29.79
2014-03-14,29.77,29.99,29.68,29.97
2014-03-17,30.06,30.08,29.745,29.89
2014-03-18,29.87,30.22,29.74,30.16
2014-03-19,30.2,30.64,29.63,29.79
2014-03-20,30.19,30.48,29.78,30.47
2014-03-21,30.77,30.93,30.36,30.38
2014-03-24,30.53,30.7,30.27,30.36
2014-03-25,30.44,30.77,30.12,30.76
2014-03-26,30.94,31.05,30.53,30.86
2014-03-27,30.9,31.31,30.69,31.28
2014-03-28,31.39,31.56,31.29,31.55
2014-03-31,31.64,32.04,31.57,31.8
2014-04-01,31.78,32.02,31.6,31.68
2014-04-02,31.84,32.195,31.5,32.15
2014-04-03,32.17,32.43,31.7,31.93
2014-04-04,32.05,32.74,32.04,32.66
2014-04-07,32.62,32.775,32.08,32.11
2014-04-08,32.12,32.44,31.93,32.34
2014-04-09,32.4,33.03,32.33,32.88
2014-04-10,32.87,33.02,32.28,32.4
2014-04-11,32.29,32.4,31.7,31.72
2014-04-14,31.99,32.24,31.83,32.02
2014-04-15,31.77,32.75,31.77,32.36
2014-04-16,32.52,32.74,32.46,32.65
2014-04-17,32.57,32.79,32.14,32.21
2014-04-21,32.23,32.6,31.67,32.34
2014-04-22,32.3,32.4,32.11,32.35
2014-04-23,32.44,32.74,32.44,32.64
2014-04-24,32.69,33.05,32.51,32.97
2014-04-25,32.97,33.23,32.82,33.16
2014-04-28,33.32,33.45,32.76,32.97
2014-04-29,32.84,33.07,32.59,32.81
2014-04-30,32.72,33.005,32.55,32.72
2014-05-01,32.83,33.58,32.83,33.54
2014-05-02,33.14,33.94,33.14,33.57
2014-05-05,33.61,33.77,33.335,33.75
2014-05-06,34.14,34.55,33.76,34.23
2014-05-07,34.29,35.15,34.25,35.08
2014-05-08,34.97,35.14,34.3901,34.5
2014-05-09,34.5,34.615,34.04,34.11
2014-05-12,34.28,34.42,33.79,34.1
2014-05-13,34.18,34.28,33.56,33.68
2014-05-14,33.73,34.245,33.6,34.07
2014-05-15,34.03,34.09,33.64,33.68
2014-05-16,33.75,33.81,33.38,33.78
2014-05-19,33.57,33.81,33.27,33.42
2014-05-20,33.4,33.63,33.34,33.56
2014-05-21,33.54,33.74,33.28,33.63
2014-05-22,33.59,33.83,33.465,33.65
2014-05-23,33.61,33.9,33.39,33.72
2014-05-27,34.94,35.33,34.75,35.31
2014-05-28,35.2,35.43,34.87,35.16
2014-05-29,35.4,35.57,35.21,35.55
2014-05-30,35.5,35.7,35.36,35.64
2014-06-02,35.7,35.9,35.51,35.63
2014-06-03,35.6,36.07,35.55,36.06
2014-06-04,36.27,36.36,35.9503,36.06
2014-06-05,36.07,36.48,35.97,36.47
2014-06-06,36.47,36.48,36.04,36.1
2014-06-09,36.12,36.47,36.03,36.45
2014-06-10,36.29,36.51,36.12,36.24
2014-06-11,36.25,36.48,36.04,36.28
2014-06-12,36.2,36.37,35.77,35.93
2014-06-13,36.0,36.81,35.89,36.71
2014-06-16,36.49,37.02,36.35,36.96
2014-06-17,36.81,37.09,36.57,36.74
2014-06-18,36.83,37.57,36.825,37.53
2014-06-19,37.6,38.09,37.57,37.66
2014-06-20,37.77,37.86,37.19,37.24
2014-06-23,37.32,37.44,36.74,37.04
2014-06-24,37.1,37.39,36.66,36.75
2014-06-25,36.71,36.93,36.55,36.83
2014-06-26,36.86,37.03,36.56,36.67
2014-06-27,36.62,37.09,36.55,37.05
2014-06-30,37.06,37.42,37.03,37.2
2014-07-01,37.29,37.39,36.21,36.34
2014-07-02,36.3,36.44,35.59,35.76
2014-07-03,35.43,35.68,35.222,35.51
2014-07-07,35.6,35.68,34.84,34.99
2014-07-08,35.03,35.47,35.0,35.45
2014-07-09,35.48,35.83,35.26,35.55
2014-07-10,35.1,35.54,35.06,35.36
2014-07-11,35.27,35.4,34.39,34.55
2014-07-14,34.54,34.57,33.6607,33.69
2014-07-15,33.83,33.92,33.16,33.23
2014-07-16,33.45,33.498,32.85,32.9
2014-07-17,32.9,33.0,31.77,31.79
2014-07-18,31.9,32.4,31.59,32.29
2014-07-21,32.13,32.2,31.79,31.81
2014-07-22,31.98,32.01,31.32,31.39
2014-07-23,31.35,31.82,31.23,31.58
2014-07-24,31.58,31.85,31.39,31.68
2014-07-25,31.54,31.8,31.34,31.35
2014-07-28,31.04,31.98,31.0,31.77
2014-07-29,31.76,31.8493,31.115,31.13
2014-07-30,30.98,31.3,30.7,30.82
2014-07-31,30.27,31.2,30.27,30.96
2014-08-01,30.08,31.16,30.08,30.73
2014-08-04,30.75,31.08,30.17,31.03
2014-08-05,31.07,31.23,30.52,30.72
2014-08-06,30.51,30.58,30.075,30.11
2014-08-07,30.19,30.54,29.54,29.83
2014-08-08,29.81,29.81,29.17,29.62
2014-08-11,29.71,29.84,29.3,29.33
2014-08-12,29.35,29.52,29.07,29.2
2014-08-13,29.31,29.34,29.085,29.3
2014-08-14,29.32,29.58,29.13,29.42
2014-08-15,29.47,29.63,29.03,29.16
2014-08-18,29.23,29.32,28.97,29.06
2014-08-19,29.15,29.71,29.0,29.63
2014-08-20,29.62,29.87,29.39,29.76
2014-08-21,29.85,30.35,29.84,30.01
2014-08-22,30.0,30.0599,29.55,29.6
2014-08-25,29.67,29.86,29.52,29.73
2014-08-26,29.72,30.0,29.62,29.74
2014-08-27,29.8,30.475,29.665,30.39
2014-08-28,30.45,30.53,30.2,30.48
2014-08-29,30.45,30.82,30.4,30.78
2014-09-02,30.82,30.88,30.29,30.47
2014-09-03,30.44,30.65,30.15,30.52
2014-09-04,30.49,30.61,30.2,30.3
2014-09-05,30.35,31.18,30.3,30.89
2014-09-08,30.92,30.96,30.53,30.8
2014-09-09,30.69,30.825,30.47,30.51
2014-09-10,30.55,30.83,30.38,30.71
2014-09-11,30.72,31.01,30.53,30.98
2014-09-12,30.84,30.91,30.17,30.28
2014-09-15,30.4,30.5,30.02,30.2
2014-09-16,30.2,30.74,30.11,30.67
2014-09-17,30.82,30.99,30.51,30.56
2014-09-18,30.6,30.89,30.52,30.8
2014-09-19,30.95,31.29,30.8,31.25
2014-09-22,31.14,31.28,30.853,30.95
2014-09-23,31.02,31.05,30.58,30.76
2014-09-24,30.78,30.81,30.07,30.07
2014-09-25,30.02,30.26,29.74,29.77
2014-09-26,29.65,29.85,29.4,29.8
2014-09-29,29.62,30.48,29.62,30.41
2014-09-30,30.43,30.685,30.14,30.48
2014-10-01,30.68,31.35,30.68,31.19
2014-10-02,31.09,31.76,31.03,31.49
2014-10-03,31.58,31.64,31.26,31.56
2014-10-06,31.57,31.69,31.3635,31.5
2014-10-07,31.36,31.94,31.29,31.35
2014-10-08,31.43,31.88,31.42,31.81
2014-10-09,31.77,31.965,30.99,31.04
2014-10-10,31.16,31.38,30.08,30.14
2014-10-13,30.16,30.24,29.07,29.13
2014-10-14,29.31,29.57,27.94,28.12
2014-10-15,27.79,28.0,26.43,27.11
2014-10-16,26.78,28.32,26.53,28.08
2014-10-17,28.21,28.62,27.94,28.21
2014-10-20,28.18,28.55,28.08,28.44
2014-10-21,28.53,28.64,28.17,28.61
2014-10-22,28.63,29.49,28.58,29.18
2014-10-23,29.44,29.64,29.07,29.34
2014-10-24,29.54,29.965,29.36,29.72
2014-10-27,29.55,29.63,28.73,28.75
2014-10-28,28.8,29.24,28.71,29.24
2014-10-29,29.19,29.53,28.85,29.22
2014-10-30,29.07,29.785,29.05,29.75
2014-10-31,29.84,30.14,29.55,29.98
2014-11-03,30.1,30.55,30.02,30.43
2014-11-04,30.39,30.52,29.68,29.94
2014-11-05,30.31,32.45,30.18,32.27
2014-11-06,32.1,32.78,31.75,32.63
2014-11-07,32.53,33.8,32.51,33.72
2014-11-10,33.74,33.92,33.07,33.17
2014-11-11,33.14,33.29,32.76,33.16
2014-11-12,32.9,33.01,32.38,32.44
2014-11-13,32.44,32.56,31.49,31.55
2014-11-14,31.48,31.61,31.155,31.31
2014-11-17,31.23,31.73,31.02,31.68
2014-11-18,31.13,32.06,31.13,31.74
2014-11-19,31.66,31.73,31.19,31.3
2014-11-20,31.19,31.491,31.09,31.15
2014-11-21,31.33,31.47,30.91,31.31
2014-11-24,31.34,31.64,30.96,31.0
2014-11-25,31.1,31.1,30.5,30.74
2014-11-26,30.85,31.01,30.46,30.92
2014-11-28,30.79,31.31,30.62,31.26
2014-12-01,31.0,31.27,30.845,30.86
2014-12-02,30.73,31.13,30.57,30.85
2014-12-03,30.73,30.73,28.68,29.32
2014-12-04,29.36,29.67,28.33,28.53
2014-12-05,28.42,28.6,28.0,28.27
2014-12-08,28.32,28.36,27.61,27.67
2014-12-09,27.81,28.06,27.56,27.84
2014-12-10,27.86,27.92,26.91,26.95
2014-12-11,26.99,27.33,26.8,26.92
2014-12-12,26.68,26.98,26.365,26.66
2014-12-15,26.71,26.81,25.955,26.12
2014-12-16,26.02,26.545,25.77,25.83
2014-12-17,26.05,27.01,25.96,26.75
2014-12-18,26.97,27.79,26.97,27.76
2014-12-19,27.82,27.98,26.96,27.02
2014-12-22,27.13,27.16,26.19,26.6
2014-12-23,26.64,27.3,26.63,27.14
2014-12-24,27.09,27.86,27.09,27.74
2014-12-26,27.74,28.03,27.62,27.9
2014-12-29,27.85,28.39,27.83,28.16
2014-12-30,28.07,28.1125,27.65,27.7
2014-12-31,27.73,27.76,26.94,26.95
2015-01-02,27.03,27.58,26.85,27.5
2015-01-05,27.9,27.9,26.24,26.45
2015-01-06,26.55,26.66,25.86,26.11
2015-01-07,26.38,26.72,26.12,26.23
2015-01-08,26.25,26.9,26.22,26.81
2015-01-09,27.19,27.315,26.88,27.14
2015-01-12,27.1,27.1,26.51,26.69
2015-01-13,26.37,27.03,26.33,26.88
2015-01-14,26.44,27.01,26.28,26.97
2015-01-15,27.11,27.42,26.5001,26.57
2015-01-16,26.54,26.95,26.06,26.3
2015-01-20,26.5,26.5,24.6,24.68
2015-01-21,24.96,25.58,24.57,25.47
2015-01-22,25.5,25.63,24.72,25.09
2015-01-23,25.15,25.3,25.0,25.04
2015-01-26,24.93,25.55,24.87,25.54
2015-01-27,25.45,25.6,25.23,25.34
2015-01-28,25.37,25.57,24.585,24.61
2015-01-29,24.51,24.54,23.76,24.43
2015-01-30,24.2,25.255,24.13,24.66
2015-02-02,24.7,25.37,24.34,25.22
2015-02-03,25.21,26.37,25.21,26.04
2015-02-04,25.89,26.19,25.56,26.04
2015-02-05,26.18,26.51,26.03,26.34
2015-02-06,26.24,26.29,25.155,25.28
2015-02-09,25.34,26.47,25.26,26.03
2015-02-10,26.08,26.66,25.65,26.55
2015-02-11,26.3,26.32,25.73,25.79
2015-02-12,25.86,25.91,25.32,25.46
2015-02-13,25.3,25.62,25.18,25.37
2015-02-17,25.22,25.22,24.64,24.98
2015-02-18,25.39,26.13,24.78,25.92
2015-02-19,25.9,25.92,24.92,25.34
2015-02-20,25.4,25.47,24.97,25.39
2015-02-23,25.36,25.43,24.915,25.34
2015-02-24,25.33,26.17,25.32,25.88
2015-02-25,25.87,25.92,25.29,25.38
2015-02-26,25.37,25.4,24.75,24.77
2015-02-27,25.8,25.85,23.62,23.98
2015-03-02,23.98,23.98,23.21,23.39
2015-03-03,23.41,24.295,23.39,24.14
2015-03-04,24.05,24.44,23.82,24.39
2015-03-05,24.54,25.19,24.39,25.07
2015-03-06,24.95,24.97,24.41,24.49
2015-03-09,24.56,24.65,23.635,23.72
2015-03-10,23.55,23.76,23.33,23.39
2015-03-11,23.42,23.63,23.095,23.12
2015-03-12,23.25,23.415,23.11,23.28
2015-03-13,23.13,23.66,22.78,23.47
2015-03-16,23.78,23.99,23.65,23.78
2015-03-17,23.74,24.4,23.73,24.33
2015-03-18,24.21,25.575,24.18,25.34
2015-03-19,25.08,25.45,24.43,24.62
2015-03-20,24.81,25.5,24.7,25.45
2015-03-23,25.39,26.08,25.37,25.73
2015-03-24,25.73,25.92,25.21,25.29
2015-03-25,25.43,25.46,24.69,24.76
2015-03-26,24.83,25.19,24.64,24.66
2015-03-27,24.66,24.85,24.07,24.2
2015-03-30,24.35,25.235,24.2,24.92
2015-03-31,24.9,25.26,24.79,25.19
2015-04-01,24.99,24.99,23.53,23.6
2015-04-02,23.66,24.3,23.66,23.99
2015-04-06,23.93,24.625,23.59,24.5
2015-04-07,24.52,25.055,24.25,24.89
2015-04-08,25.1,25.31,24.84,24.92
2015-04-09,24.93,25.0398,24.38,24.61
2015-04-10,24.65,24.77,24.39,24.57
2015-04-13,24.62,24.96,24.43,24.59
2015-04-14,24.57,24.8,24.15,24.35
2015-04-15,24.51,25.3,24.46,25.15
2015-04-16,25.1,25.35,24.7,25.1
2015-04-17,24.95,25.17,24.75,24.96
2015-04-20,25.1,25.99,25.05,25.91
2015-04-21,25.97,26.17,25.335,25.47
2015-04-22,25.45,25.45,24.945,25.07
2015-04-23,25.06,25.34,24.595,24.71
2015-04-24,24.73,26.93,24.595,25.53
2015-04-27,25.46,25.66,25.12,25.31
2015-04-28,25.21,25.65,25.115,25.61
2015-04-29,25.26,25.73,25.08,25.66
2015-04-30,25.47,25.53,24.88,25.24
2015-05-01,25.28,25.46,25.07,25.24
2015-05-04,25.29,25.92,25.19,25.52
2015-05-05,25.52,25.92,24.98,25.11
2015-05-06,25.21,25.38,24.445,24.59
2015-05-07,24.58,25.21,24.389,24.97
2015-05-08,25.53,26.78,25.51,26.4
2015-05-11,26.41,26.47,25.96,26.0
2015-05-12,25.88,26.49,25.57,26.43
2015-05-13,26.55,26.62,25.97,26.06
2015-05-14,26.13,26.34,25.6,25.79
2015-05-15,25.79,26.25,25.53,26.1
2015-05-18,25.99,26.105,25.675,26.05
2015-05-19,25.88,25.91,25.58,25.8
2015-05-20,25.79,25.94,25.55,25.73
2015-05-21,25.66,26.16,25.62,26.1
2015-05-22,25.96,26.05,25.8,25.97
2015-05-26,25.88,25.88,25.18,25.29
2015-05-27,25.3,25.55,25.16,25.35
2015-05-28,25.36,25.74,25.25,25.42
2015-05-29,25.33,25.44,24.85,25.2
2015-06-01,25.17,25.3,25.005,25.14
2015-06-02,25.0,25.06,24.54,24.72
2015-06-03,24.71,24.75,24.21,24.71
2015-06-04,24.58,24.78,24.32,24.39
2015-06-05,24.19,24.575,23.91,24.38
2015-06-08,24.35,24.39,23.91,24.03
2015-06-09,24.06,24.19,23.85,23.86
2015-06-10,24.56,25.225,24.47,24.62
2015-06-11,24.8,24.8,24.15,24.53
2015-06-12,24.45,24.57,24.0,24.18
2015-06-15,24.1,24.2,23.87,23.94
2015-06-16,23.93,24.23,23.74,24.21
2015-06-17,24.21,24.47,24.01,24.41
2015-06-18,24.44,25.07,24.41,24.97
2015-06-19,25.13,25.18,24.81,24.92
2015-06-22,25.01,25.39,24.98,25.09
2015-06-23,25.23,25.28,24.94,24.99
2015-06-24,24.9,25.05,24.85,24.89
2015-06-25,24.94,24.96,24.305,24.36
2015-06-26,24.33,24.35,24.06,24.2
2015-06-29,24.08,24.17,23.42,23.44
2015-06-30,23.51,23.58,22.83,22.88
2015-07-01,22.99,23.0,22.32,22.45
2015-07-02,22.66,22.78,22.225,22.6
2015-07-06,22.78,22.82,22.46,22.76
2015-07-07,22.75,23.22,22.63,23.1
2015-07-08,22.93,23.06,22.05,22.1
2015-07-09,22.31,22.36,21.71,21.89
2015-07-10,22.1,22.1,21.65,21.76
2015-07-13,21.88,22.24,21.635,22.23
2015-07-14,22.83,22.83,22.0,22.08
2015-07-15,22.12,22.19,21.76,21.89
2015-07-16,21.93,22.455,21.77,22.25
2015-07-17,22.23,22.41,22.02,22.24
2015-07-20,22.29,22.3,21.38,21.57
2015-07-21,21.55,21.57,20.96,21.06
2015-07-22,21.02,22.03,20.95,21.98
2015-07-23,21.94,22.03,21.48,21.65
2015-07-24,21.57,21.64,21.365,21.4
2015-07-27,21.4,21.86,21.284,21.55
2015-07-28,21.57,22.19,21.482,22.16
2015-07-29,22.07,22.16,21.78,22.0
2015-07-30,21.78,22.58,21.69,22.36
2015-07-31,22.51,23.065,22.385,22.45
2015-08-03,22.39,22.6,21.955,22.27
2015-08-04,21.68,21.9,19.905,20.04
2015-08-05,20.06,20.96,19.95,20.03
2015-08-06,19.99,19.99,19.19,19.43
2015-08-07,19.42,20.1968,19.4,19.6
2015-08-10,19.41,20.13,19.36,19.85
2015-08-11,19.77,19.91,19.09,19.23
2015-08-12,19.2,20.54,18.95,20.53
2015-08-13,20.53,20.72,20.19,20.33
2015-08-14,20.23,20.83,20.23,20.79
2015-08-17,20.73,21.28,20.716,21.24
2015-08-18,21.13,21.22,20.77,20.99
2015-08-19,20.83,21.24,20.72,20.96
2015-08-20,20.83,21.03,20.29,20.3
2015-08-21,20.08,20.21,19.49,19.58
2015-08-24,19.03,20.36,18.98,19.22
2015-08-25,19.85,20.39,18.88,18.9
2015-08-26,19.36,19.36,18.55,19.07
2015-08-27,19.17,20.195,19.13,19.82
2015-08-28,19.83,20.45,19.81,20.22
2015-08-31,20.03,20.31,19.49,19.92
2015-09-01,19.63,19.8,19.06,19.24
2015-09-02,19.67,19.71,18.565,18.68
2015-09-03,18.7,19.48,18.55,18.9
2015-09-04,18.66,18.68,17.92,17.93
2015-09-08,18.29,18.43,18.14,18.41
2015-09-09,18.55,18.76,17.97,18.0
2015-09-10,17.95,18.375,17.69,18.35
2015-09-11,18.23,18.455,18.14,18.45
2015-09-14,18.47,18.51,18.2,18.42
2015-09-15,18.65,19.235,18.61,19.05
2015-09-16,19.04,19.14,18.83,18.97
2015-09-17,18.98,19.53,18.68,19.17
2015-09-18,19.14,19.26,17.745,17.98
2015-09-21,18.25,18.37,16.33,16.4
2015-09-22,16.45,16.45,14.94,15.36
2015-09-23,15.12,15.99,15.1,15.43
2015-09-24,15.24,15.66,14.98,15.48
2015-09-25,15.65,15.73,14.99,15.07
2015-09-28,15.07,15.17,14.81,14.89
2015-09-29,14.94,14.96,14.43,14.47
2015-09-30,14.59,14.95,14.59,14.85
2015-10-01,14.87,15.04,14.67,14.74
2015-10-02,14.55,14.98,14.55,14.87
2015-10-05,15.0,15.91,15.0,15.79
2015-10-06,15.83,15.93,15.42,15.78
2015-10-07,15.88,16.11,15.35,15.4
2015-10-08,15.35,15.61,15.024,15.45
2015-10-09,15.48,15.6,15.14,15.46
2015-10-12,15.51,15.58,14.79,14.91
2015-10-13,14.93,15.38,14.55,15.03
2015-10-14,15.1,15.48,14.97,15.2
2015-10-15,15.25,15.43,15.02,15.38
2015-10-16,15.4,15.48,14.78,15.02
2015-10-19,14.88,14.955,14.56,14.8
2015-10-20,14.79,15.38,14.79,15.25
2015-10-21,15.25,15.32,14.76,14.8
2015-10-22,14.9,15.045,14.66,14.92
2015-10-23,14.93,14.94,13.96,14.02
2015-10-26,14.03,14.05,13.08,13.15
2015-10-27,13.15,13.18,12.62,12.65
2015-10-28,12.66,13.34,12.65,13.03
2015-10-29,12.85,13.02,12.82,12.89
2015-10-30,12.82,12.97,12.65,12.89
2015-11-02,12.86,13.435,12.75,13.36
2015-11-03,13.3,13.81,13.29,13.48
2015-11-04,13.93,14.54,13.67,14.08
2015-11-05,13.95,14.07,13.46,13.58
2015-11-06,13.38,13.51,13.03,13.51
2015-11-09,13.48,13.795,13.12,13.3
2015-11-10,13.16,13.75,13.16,13.58
2015-11-11,13.65,13.74,12.8622,13.03
2015-11-12,12.89,13.12,12.49,12.51
2015-11-13,12.54,12.85,12.33,12.61
2015-11-16,12.54,12.83,12.51,12.72
2015-11-17,12.72,12.74,11.96,12.02
2015-11-18,12.12,12.33,11.83,12.13
2015-11-19,12.18,12.18,11.63,11.93
2015-11-20,12.09,12.1,11.765,12.0
2015-11-23,12.09,12.23,11.825,12.15
2015-11-24,12.05,12.68,12.05,12.62
2015-11-25,12.55,12.55,12.081,12.18
2015-11-27,12.18,12.23,11.55,11.62
2015-11-30,11.67,12.415,11.51,12.36
2015-12-01,12.18,12.65,12.04,12.35
2015-12-02,12.21,12.21,10.52,10.79
2015-12-03,11.01,11.65,10.7101,10.97
2015-12-04,10.94,10.95,8.805,9.0
2015-12-07,8.91,9.71,8.8,9.55
2015-12-08,9.45,10.375,9.2,10.09
2015-12-09,10.09,10.66,9.95,10.55
2015-12-10,10.5,10.85,10.35,10.47
2015-12-11,10.33,10.41,10.09,10.14
2015-12-14,10.12,10.27,9.12,9.2
2015-12-15,9.26,9.68,9.22,9.28
2015-12-16,9.35,9.73,9.24,9.64
2015-12-17,9.63,9.72,9.22,9.52
2015-12-18,9.43,10.41,9.43,10.37
2015-12-21,10.22,11.2,10.045,11.07
2015-12-22,10.98,11.25,10.73,10.9
2015-12-23,11.0,11.76,10.96,11.54
2015-12-24,11.52,11.71,11.37,11.5
2015-12-28,11.5,11.58,11.06,11.37
2015-12-29,11.44,11.71,11.02,11.55
2015-12-30,11.36,11.657,11.08,11.09
2015-12-31,11.11,11.94,11.095,11.77
2016-01-04,11.57,11.88,11.24,11.53
2016-01-05,11.57,12.035,11.12,11.97
2016-01-06,11.72,11.79,10.94,11.03
2016-01-07,10.83,11.66,10.73,11.26
2016-01-08,11.36,11.735,11.055,11.34
2016-01-11,11.33,11.37,10.18,10.23
2016-01-12,10.31,10.66,9.79,9.9
2016-01-13,10.04,10.27,9.58,9.82
2016-01-14,9.87,10.6,9.64,10.48
2016-01-15,10.14,10.24,9.52,10.11
2016-01-19,10.22,10.4,9.86,10.03
2016-01-20,9.71,9.79,8.92,9.58
2016-01-21,9.6,10.48,9.57,9.89
2016-01-22,10.04,10.24,9.73,9.93
2016-01-25,9.63,9.76,8.93,8.98
2016-01-26,9.18,9.73,8.96,9.67
2016-01-27,9.68,10.29,9.46,9.89
2016-01-28,9.82,10.15,9.645,10.1
2016-01-29,10.3,10.79,10.3,10.64
2016-02-01,10.63,10.76,10.11,10.67
2016-02-02,10.57,10.75,10.2,10.71
2016-02-03,10.84,11.68,10.82,11.38
2016-02-04,11.24,12.14,11.19,11.68
2016-02-05,11.6,11.81,11.16,11.57
2016-02-08,11.42,11.9199,10.95,11.14
2016-02-09,10.9,11.01,10.595,10.84
2016-02-10,10.77,10.97,10.17,10.7
2016-02-11,10.44,10.57,9.53,9.59
2016-02-12,9.7,9.73,9.03,9.58
2016-02-16,9.57,9.8,9.5,9.7
2016-02-17,9.81,10.75,9.78,10.2
2016-02-18,10.2,10.53,10.06,10.43
2016-02-19,10.28,10.29,9.76,10.01
2016-02-22,10.15,10.58,10.12,10.57
2016-02-23,10.45,10.55,10.14,10.32
2016-02-24,10.18,10.95,9.97,10.83
2016-02-25,10.86,11.37,10.66,10.9
2016-02-26,10.965,11.32,10.93,11.08
2016-02-29,10.35,10.98,10.111,10.78
2016-03-01,10.87,11.275,10.66,11.26
2016-03-02,11.13,12.19,11.05,12.16
2016-03-03,12.11,12.77,12.07,12.52
2016-03-04,12.49,13.3,12.44,13.07
2016-03-07,13.06,14.16,13.03,13.64
2016-03-08,13.59,13.65,12.45,12.51
2016-03-09,12.57,12.835,12.0,12.36
2016-03-10,12.44,13.01,12.25,12.89
2016-03-11,13.13,13.87,13.12,13.74
2016-03-14,13.73,13.94,13.51,13.67
2016-03-15,13.54,13.5725,12.84,13.3
2016-03-16,13.35,13.9,13.245,13.85
2016-03-17,14.06,14.37,13.59,13.96
2016-03-18,13.97,14.47,13.64,13.7
2016-03-21,13.67,14.0,13.49,13.56
2016-03-22,13.5,13.92,13.38,13.77
2016-03-23,13.69,13.72,12.98,12.99
2016-03-24,12.86,13.18,12.35,13.14
2016-03-28,13.2,13.245,12.665,12.89
2016-03-29,12.78,13.23,12.095,13.22
2016-03-30,13.35,13.56,12.93,12.94
2016-03-31,12.94,13.2,12.82,13.01
2016-04-01,12.98,12.99,12.33,12.77
2016-04-04,12.77,13.27,12.62,12.81
2016-04-05,12.7,12.75,12.2,12.21
2016-04-06,12.29,12.35,11.69,12.03
2016-04-07,12.02,12.49,11.97,12.24
2016-04-08,12.47,13.0,12.47,12.67
2016-04-11,12.77,13.36,12.7,13.11
2016-04-12,13.14,13.38,12.84,13.28
2016-04-13,13.31,13.6461,13.07,13.43
2016-04-14,13.43,13.55,13.24,13.31
2016-04-15,13.22,13.8,13.15,13.65
2016-04-18,13.29,13.92,13.12,13.78
2016-04-19,13.91,14.33,13.73,14.31
2016-04-20,14.3,14.3,13.9,14.08
2016-04-21,14.11,14.37,13.85,13.99
2016-04-22,14.08,14.57,14.01,14.2
2016-04-25,14.1,14.32,13.97,14.18
2016-04-26,14.21,14.56,14.2,14.55
2016-04-27,14.64,15.26,14.62,14.98
2016-04-28,14.85,15.33,14.67,15.0
2016-04-29,15.1,15.25,14.85,15.1
2016-05-02,15.01,15.08,14.76,14.9
2016-05-03,14.75,14.78,13.92,14.03
2016-05-04,14.13,14.69,14.11,14.62
2016-05-05,14.92,15.68,14.7675,14.86
2016-05-06,14.88,15.59,14.84,15.52
2016-05-09,15.66,15.77,15.2477,15.65
2016-05-10,15.75,15.97,15.56,15.95
2016-05-11,15.95,16.15,15.6,15.77
2016-05-12,15.89,16.03,15.52,15.63
2016-05-13,15.58,15.8,15.38,15.45
2016-05-16,15.5,15.96,15.44,15.76
2016-05-17,15.73,16.16,15.57,15.79
2016-05-18,15.64,15.86,15.18,15.31
2016-05-19,15.17,15.7,15.08,15.49
2016-05-20,15.57,15.815,15.49,15.73
2016-05-23,15.69,16.145,15.66,15.9
2016-05-24,16.01,16.21,15.7,16.02
2016-05-25,15.62,15.95,15.43,15.85
2016-05-26,15.93,16.09,15.56,15.65
2016-05-27,15.66,16.26,15.66,16.19
2016-05-31,16.24,16.75,16.1899,16.38
2016-06-01,16.34,16.93,16.3,16.85
2016-06-02,16.75,17.35,16.75,17.15
2016-06-03,17.3,17.57,17.06,17.39
2016-06-06,17.5,17.9,17.44,17.87
2016-06-07,17.81,18.0,17.57,17.9
2016-06-08,18.07,18.32,17.735,17.78
2016-06-09,16.91,16.915,16.05,16.59
2016-06-10,16.36,16.36,14.86,14.9
2016-06-13,14.85,15.175,14.66,14.88
2016-06-14,14.8,14.89,14.09,14.23
2016-06-15,14.12,14.34,13.76,13.95
2016-06-16,13.84,14.21,13.62,13.97
2016-06-17,14.02,14.715,14.02,14.39
2016-06-20,14.44,14.72,14.24,14.25
2016-06-21,14.26,14.46,14.07,14.33
2016-06-22,14.3,14.36,13.88,14.14
2016-06-23,14.27,14.55,14.21,14.53
2016-06-24,14.17,14.35,13.87,13.99
2016-06-27,13.81,13.98,13.22,13.32
2016-06-28,13.59,14.265,13.59,14.19
2016-06-29,14.37,14.84,14.36,14.71
2016-06-30,14.75,15.01,14.31,14.99
2016-07-01,15.03,15.41,14.955,15.02
2016-07-05,14.85,14.9299,14.2,14.5
2016-07-06,14.4,14.705,14.32,14.63
2016-07-07,14.65,14.94,14.36,14.56
2016-07-08,14.69,15.07,14.68,15.07
2016-07-11,14.95,15.37,14.93,15.36
2016-07-12,15.49,15.97,15.49,15.78
2016-07-13,15.81,15.88,15.5,15.87
2016-07-14,15.61,16.02,15.29,15.31
2016-07-15,15.35,15.545,15.23,15.47
2016-07-18,15.47,15.54,15.35,15.53
2016-07-19,15.48,15.53,14.605,14.64
2016-07-20,14.53,14.78,14.18,14.67
2016-07-21,14.65,14.86,14.5,14.57
2016-07-22,14.62,14.89,14.52,14.79
2016-07-25,14.81,15.03,14.66,14.79
2016-07-26,14.84,15.05,14.665,14.77
2016-07-27,14.87,14.99,13.88,13.98
2016-07-28,13.97,14.175,13.8,14.09
2016-07-29,14.03,14.13,13.765,13.84
2016-08-01,13.78,13.895,13.46,13.66
2016-08-02,13.68,13.87,13.54,13.77
2016-08-03,13.8,14.54,13.66,14.14
2016-08-04,14.1,14.25,13.56,13.8
2016-08-05,13.64,13.925,13.6,13.62
2016-08-08,13.7,13.88,13.5,13.52
2016-08-09,13.51,13.82,12.75,12.83
2016-08-10,12.85,13.11,12.54,12.75
2016-08-11,12.81,13.05,12.69,12.97
2016-08-12,13.02,13.15,12.67,12.72
2016-08-15,12.77,12.87,12.55,12.61
2016-08-16,12.64,12.73,12.28,12.3
2016-08-17,12.28,12.45,12.08,12.38
2016-08-18,12.39,12.57,12.35,12.57
2016-08-19,12.51,12.51,12.2834,12.37
2016-08-22,12.29,12.5,12.19,12.49
2016-08-23,12.55,12.8,12.48,12.56
2016-08-24,12.55,12.62,12.14,12.2
2016-08-25,12.21,12.46,12.2,12.35
2016-08-26,12.41,12.68,12.21,12.26
2016-08-29,12.29,12.53,12.26,12.52
2016-08-30,12.54,12.63,12.16,12.19
2016-08-31,12.16,12.25,11.745,12.11
2016-09-01,12.1,12.17,11.56,11.6
2016-09-02,11.71,12.08,11.71,11.98
2016-09-06,11.98,12.24,11.84,12.15
2016-09-07,12.15,12.48,12.15,12.3
2016-09-08,12.29,12.51,12.22,12.42
2016-09-09,12.25,12.25,11.59,11.6
2016-09-12,11.79,12.05,11.57,11.98
2016-09-13,11.72,11.79,10.78,10.98
2016-09-14,10.98,11.15,10.76,10.89
2016-09-15,10.82,11.31,10.7,11.15
2016-09-16,10.98,11.3,10.86,11.26
2016-09-19,11.27,11.3299,11.07,11.22
2016-09-20,11.27,11.53,11.16,11.43
2016-09-21,11.54,11.98,11.5,11.88
2016-09-22,11.98,12.09,11.51,11.76
2016-09-23,11.66,11.85,11.51,11.53
2016-09-26,11.49,11.535,11.25,11.3
2016-09-27,11.26,11.31,11.03,11.19
2016-09-28,11.24,11.49,11.2,11.42
2016-09-29,11.37,11.395,11.03,11.1
2016-09-30,11.18,11.26,11.04,11.21
2016-10-03,11.32,11.62,11.04,11.28
2016-10-04,11.26,11.3,10.84,11.05
2016-10-05,11.14,11.16,10.88,10.97
2016-10-06,10.91,11.12,10.87,10.97
2016-10-07,11.08,11.18,10.97,10.98
2016-10-10,11.1,11.44,11.1,11.42
2016-10-11,11.34,11.375,10.955,11.13
2016-10-12,11.15,11.3,11.0,11.14
2016-10-13,11.07,11.34,10.865,11.27
2016-10-14,11.27,11.455,11.015,11.11
2016-10-17,11.13,11.25,10.92,10.97
2016-10-18,11.13,11.76,11.0,11.7
2016-10-19,11.75,12.12,11.49,12.1
2016-10-20,12.09,12.15,11.38,11.64
2016-10-21,11.52,11.875,11.33,11.52
2016-10-24,11.57,11.73,11.05,11.11
2016-10-25,11.11,11.18,10.81,10.95
2016-10-26,10.87,10.93,10.4,10.53
2016-10-27,10.5,10.72,10.37,10.47
2016-10-28,10.41,10.57,10.195,10.3
2016-10-31,10.37,10.8,10.37,10.63
2016-11-01,10.65,10.76,10.5,10.63
2016-11-02,10.46,10.48,9.88,9.89
2016-11-03,9.95,10.365,9.84,10.13
2016-11-04,10.78,11.67,10.73,11.03
2016-11-07,11.26,11.52,11.24,11.38
2016-11-08,11.47,11.66,11.32,11.47
2016-11-09,11.57,12.15,11.43,12.03
2016-11-10,12.1,12.1,11.06,11.07
2016-11-11,11.08,11.245,10.775,11.07
2016-11-14,11.17,11.83,11.11,11.68
2016-11-15,11.59,11.75,11.28,11.48
2016-11-16,11.43,11.43,11.02,11.19
2016-11-17,11.17,11.52,11.14,11.25
2016-11-18,11.27,11.47,11.195,11.21
2016-11-21,11.33,11.61,11.31,11.52
2016-11-22,11.41,11.45,10.89,10.91
2016-11-23,10.76,11.115,10.75,11.03
2016-11-25,11.03,11.11,10.92,10.95
2016-11-28,11.05,11.57,11.04,11.55
2016-11-29,11.52,11.64,11.215,11.31
2016-11-30,11.36,11.505,11.29,11.34
2016-12-01,11.31,11.44,11.06,11.11
2016-12-02,10.98,11.445,10.98,11.24
2016-12-05,11.32,11.75,11.06,11.71
2016-12-06,11.69,11.86,11.485,11.82
2016-12-07,11.89,12.035,11.8,11.95
2016-12-08,11.9,12.49,11.86,12.46
2016-12-09,12.5,12.89,12.37,12.86
2016-12-12,12.93,13.06,12.43,12.6
2016-12-13,12.69,12.88,12.52,12.79
2016-12-14,12.78,13.01,12.42,12.48
2016-12-15,12.42,12.6,12.1,12.58
2016-12-16,12.33,12.62,12.22,12.3
2016-12-19,12.34,12.86,12.31,12.85
2016-12-20,12.85,12.88,12.46,12.5
2016-12-21,12.55,12.7,12.33,12.37
2016-12-22,12.34,12.46,12.105,12.13
2016-12-23,12.21,12.43,12.14,12.34
2016-12-27,12.3,12.605,12.3,12.6
2016-12-28,12.66,12.7,12.42,12.43
2016-12-29,12.43,12.56,12.33,12.39
2016-12-30,12.45,12.46,12.22,12.26
2017-01-03,12.32,12.445,12.185,12.3
2017-01-04,12.32,13.07,12.3,13.03
2017-01-05,13.01,13.31,12.915,13.28
2017-01-06,13.31,13.45,12.96,13.36
2017-01-09,13.35,13.51,13.13,13.47
2017-01-10,13.43,13.71,13.24,13.62
2017-01-11,13.68,14.1,13.68,14.1
2017-01-12,14.05,14.44,13.95,14.38
2017-01-13,14.33,14.63,14.3,14.6
2017-01-17,15.45,15.92,15.05,15.34
2017-01-18,15.39,15.5626,15.125,15.26
2017-01-19,15.17,15.57,15.11,15.56
2017-01-20,15.68,16.41,15.66,16.11
2017-01-23,16.21,16.5,15.885,16.21
2017-01-24,16.32,16.62,16.2,16.37
2017-01-25,16.39,16.56,16.31,16.44
2017-01-26,16.46,16.64,16.33,16.46
2017-01-27,16.41,16.6,16.31,16.45
2017-01-30,16.4,16.4175,16.015,16.26
2017-01-31,16.18,16.575,16.18,16.54
2017-02-01,16.49,16.6,16.185,16.34
2017-02-02,16.28,16.79,16.08,16.71
2017-02-03,16.74,17.56,16.57,17.08
2017-02-06,17.12,17.21,16.39,16.7
2017-02-07,16.64,16.7,16.23,16.27
2017-02-08,16.2,16.51,16.02,16.36
2017-02-09,16.23,16.5,16.21,16.42
2017-02-10,16.5,16.66,16.32,16.66
2017-02-13,16.6,16.94,16.54,16.75
2017-02-14,16.63,16.81,16.32,16.79
2017-02-15,16.74,17.75,16.73,17.49
2017-02-16,17.49,17.49,17.09,17.11
2017-02-17,17.11,17.13,16.725,17.1
2017-02-21,16.79,17.3,16.52,17.12
2017-02-22,17.05,17.05,16.685,16.83
2017-02-23,17.01,17.28,16.94,17.04
2017-02-24,17.19,17.565,17.13,17.46
2017-02-27,17.41,17.71,16.66,16.77
2017-02-28,16.43,16.88,15.83,16.56
2017-03-01,16.86,17.1,16.7,16.85
2017-03-02,16.73,17.47,16.73,17.03
2017-03-03,17.03,17.31,16.89,17.3
2017-03-06,17.28,17.43,16.95,17.36
2017-03-07,17.49,17.66,16.95,17.1
2017-03-08,17.06,17.265,16.59,17.17
2017-03-09,17.09,17.87,17.04,17.86
2017-03-10,17.96,18.06,17.57,17.86
2017-03-13,17.87,18.06,17.27,17.33
2017-03-14,17.35,17.35,16.79,17.01
2017-03-15,17.14,17.61,17.08,17.46
2017-03-16,17.47,17.98,17.22,17.89
2017-03-17,18.0,18.56,18.0,18.06
2017-03-20,18.13,18.4,17.93,18.33
2017-03-21,18.32,18.51,18.165,18.24
2017-03-22,18.28,18.33,17.885,18.01
2017-03-23,18.03,18.265,18.0,18.14
2017-03-24,18.15,18.26,18.1,18.16
2017-03-27,18.12,18.19,17.97,18.18
2017-03-28,18.11,18.16,17.92,18.11
2017-03-29,18.68,18.945,18.45,18.73
2017-03-30,18.7,18.73,18.23,18.37
2017-03-31,18.38,18.945,18.29,18.7
2017-04-03,18.58,18.75,18.31,18.73
2017-04-04,18.74,19.065,18.63,18.88
2017-04-05,18.88,19.06,18.604,18.69
2017-04-06,18.7,18.98,18.6033,18.9
2017-04-07,18.92,18.97,18.465,18.51
2017-04-10,18.51,18.88,18.51,18.76
2017-04-11,18.69,18.775,18.49,18.71
2017-04-12,18.66,18.8,18.445,18.73
2017-04-13,18.75,18.79,18.35,18.39
2017-04-17,18.38,18.475,18.3279,18.45
2017-04-18,18.39,18.545,18.32,18.44
2017-04-19,18.47,18.65,17.86,17.88
2017-04-20,18.01,18.02,17.2,17.24
2017-04-21,17.26,17.35,16.76,17.07
2017-04-24,17.15,17.475,17.06,17.3
2017-04-25,17.07,17.17,16.84,17.01
2017-04-26,17.03,17.41,16.935,17.28
2017-04-27,17.18,17.305,16.79,16.84
2017-04-28,16.92,17.22,16.795,16.9
2017-05-01,16.7,16.92,16.63,16.67
2017-05-02,16.27,16.78,15.55,15.77
2017-05-03,15.76,15.76,14.94,14.98
2017-05-04,14.98,15.03,14.52,14.6
2017-05-05,14.67,15.12,14.53,15.03
2017-05-08,14.96,14.97,14.53,14.79
2017-05-09,14.95,15.07,14.59,14.72
2017-05-10,14.75,15.33,14.575,15.13
2017-05-11,15.02,15.67,14.87,15.27
2017-05-12,15.29,15.29,15.0,15.07
2017-05-15,15.08,15.32,14.98,15.08
2017-05-16,15.05,15.16,14.845,14.92
2017-05-17,14.83,15.2,14.7,15.05
2017-05-18,15.0,15.31,14.76,15.24
2017-05-19,15.92,16.1,15.56,15.71
2017-05-22,15.73,16.015,15.53,15.96
2017-05-23,16.59,16.79,15.87,15.88
